-10 -0.241349 -0.195219 -0.0962513 0.0520852 0.0428065 -0.120115 -0.119201 0.178539 0.17833 
-9.84216 -0.184647 -0.152912 -0.0772453 0.0455246 0.0373774 -0.111923 -0.11106 0.17487 0.174666 
-9.68907 -0.135631 -0.115806 -0.0603169 0.0395008 0.0323981 -0.104073 -0.103258 0.171326 0.171126 
-9.54052 -0.0934224 -0.0833619 -0.0452706 0.0339779 0.0278389 -0.0965464 -0.0957775 0.167901 0.167704 
-9.39631 -0.0572358 -0.0550926 -0.0319282 0.0289224 0.023672 -0.0893277 -0.0886029 0.164588 0.164396 
-9.25624 -0.0263728 -0.0305593 -0.0201279 0.0243035 0.019872 -0.0824011 -0.0817184 0.161384 0.161196 
-9.12015 -0.000210987 -0.00936704 -0.00972224 0.0200921 0.0164146 -0.075752 -0.0751096 0.158283 0.158099 
-8.98785 0.0218042 0.00884037 -0.000577222 0.0162613 0.0132778 -0.0693667 -0.0687629 0.155281 0.1551 
-8.8592 0.040167 0.0243838 0.00742923 0.0127862 0.0104407 -0.0632325 -0.0626655 0.152373 0.152195 
-8.73404 0.0553176 0.0375523 0.0144082 0.00964338 0.00788382 -0.0573373 -0.0568056 0.149555 0.149381 
-8.61223 0.067648 0.0486064 0.0204609 0.0068111 0.00558916 -0.0516695 -0.0511716 0.146824 0.146653 
-8.49364 0.0775075 0.0577809 0.0256793 0.00426906 0.00353978 -0.0462186 -0.045753 0.144175 0.144007 
-8.37813 0.0852069 0.0652872 0.0301472 0.00199829 0.00171989 -0.0409744 -0.0405398 0.141606 0.141441 
-8.26559 0.0910229 0.0713157 0.033941 -1.88943e-05 0.000114692 -0.0359274 -0.0355224 0.139112 0.138951 
-8.1559 0.0952018 0.0760379 0.0371301 -0.00179905 -0.00128962 -0.0310684 -0.0306919 0.136692 0.136533 
-8.04896 0.0979622 0.0796081 0.0397777 -0.00335764 -0.00250597 -0.0263891 -0.0260398 0.134341 0.134185 
-7.94465 0.0994987 0.0821654 0.0419413 -0.00470913 -0.00354649 -0.0218814 -0.0215582 0.132058 0.131905 
-7.84289 0.0999841 0.0838345 0.0436732 -0.00586707 -0.00442252 -0.0175376 -0.0172394 0.12984 0.129689 
-7.74358 0.0995715 0.0847278 0.0450209 -0.00684411 -0.00514468 -0.0133505 -0.0130764 0.127684 0.127535 
-7.64663 0.0983969 0.0849463 0.0460278 -0.00765215 -0.00572295 -0.00931341 -0.00906225 0.125587 0.125441 
-7.55195 0.0965806 0.0845804 0.046733 -0.00830229 -0.00616668 -0.00541972 -0.00519065 0.123548 0.123405 
-7.45947 0.094229 0.0837115 0.0471723 -0.00880497 -0.00648464 -0.00166334 -0.00145545 0.121564 0.121423 
-7.36911 0.0914362 0.0824125 0.0473781 -0.00916995 -0.00668507 0.00196156 0.00214911 0.119633 0.119495 
-7.28079 0.0882851 0.0807487 0.0473798 -0.00940639 -0.00677569 0.00546048 0.00562852 0.117754 0.117618 
-7.19444 0.0848488 0.0787783 0.0472039 -0.00952291 -0.00676377 0.00883868 0.008988 0.115924 0.11579 
-7.11001 0.0811915 0.0765536 0.0468748 -0.00952756 -0.00665613 0.0121011 0.0122325 0.114142 0.11401 
-7.02741 0.0773697 0.0741211 0.0464141 -0.00942793 -0.00645918 0.0152526 0.0153667 0.112406 0.112276 
-6.94661 0.0734325 0.0715223 0.0458418 -0.00923112 -0.00617895 0.0182976 0.0183951 0.110714 0.110587 
-6.86752 0.0694229 0.0687941 0.0451755 -0.00894381 -0.0058211 0.0212403 0.0213219 0.109065 0.10894 
-6.79011 0.0653784 0.0659692 0.0444315 -0.00857229 -0.00539097 0.0240849 0.0241512 0.107458 0.107334 
-6.71431 0.0613314 0.0630767 0.0436243 -0.00812244 -0.00489357 0.0268352 0.0268869 0.10589 0.105768 
-6.64007 0.0573099 0.0601423 0.0427669 -0.0075998 -0.00433361 0.029495 0.0295325 0.104361 0.104241 
-6.56735 0.0533377 0.0571884 0.041871 -0.00700959 -0.00371554 0.0320678 0.0320918 0.10287 0.102751 
-6.4961 0.0494355 0.0542351 0.0409473 -0.00635669 -0.00304352 0.0345568 0.0345678 0.101414 0.101298 
-6.42628 0.0456206 0.0512996 0.040005 -0.00564571 -0.0023215 0.0369655 0.036964 0.0999935 0.0998787 
-6.35783 0.0419076 0.0483971 0.0390527 -0.00488099 -0.00155318 0.0392967 0.0392832 0.0986066 0.0984934 
-6.29072 0.0383085 0.0455408 0.0380978 -0.00406658 -0.000742033 0.0415534 0.0415284 0.0972524 0.0971408 
-6.22491 0.0348334 0.0427421 0.037147 -0.00320632 0.000108648 0.0437384 0.0437023 0.0959298 0.0958198 
-6.16036 0.0314901 0.0400105 0.0362062 -0.00230381 0.000995773 0.0458544 0.0458077 0.0946378 0.0945294 
-6.09703 0.0282852 0.0373546 0.0352805 -0.00136243 0.00191643 0.0479039 0.0478469 0.0933755 0.0932686 
-6.03489 0.0252233 0.0347811 0.0343746 -0.000385376 0.00286788 0.0498893 0.0498226 0.0921419 0.0920365 
-5.9739 0.0223079 0.0322959 0.0334925 0.00062436 0.00384754 0.051813 0.0517368 0.0909363 0.0908323 
-5.91404 0.0195415 0.0299037 0.0326376 0.00166396 0.00485298 0.0536773 0.053592 0.0897576 0.0896551 
-5.85526 0.0169252 0.0276083 0.0318129 0.00273076 0.0058819 0.0554841 0.0553901 0.0886051 0.088504 
-5.79755 0.0144597 0.0254127 0.031021 0.00382229 0.00693214 0.0572356 0.0571333 0.0874781 0.0873783 
-5.74086 0.0121446 0.0233192 0.030264 0.00493617 0.00800168 0.0589337 0.0588234 0.0863757 0.0862773 
-5.68518 0.00997885 0.0213292 0.0295438 0.00607022 0.0090886 0.0605803 0.0604623 0.0852973 0.0852001 
-5.63047 0.007961 0.0194439 0.0288619 0.00722235 0.0101911 0.0621772 0.0620518 0.0842421 0.0841462 
-5.57671 0.00608898 0.0176635 0.0282195 0.00839061 0.0113075 0.0637261 0.0635935 0.0832094 0.0831148 
-5.52387 0.00436035 0.0159882 0.0276175 0.00957316 0.0124361 0.0652286 0.0650893 0.0821986 0.0821052 
-5.47193 0.00277234 0.0144175 0.0270566 0.0107683 0.0135756 0.0666863 0.0665405 0.0812092 0.081117 
-5.42087 0.00132184 0.0129506 0.0265375 0.0119744 0.0147244 0.0681008 0.0679487 0.0802404 0.0801494 
-5.37066 5.54315e-06 0.0115866 0.0260602 0.0131898 0.0158812 0.0694735 0.0693153 0.0792917 0.0792018 
-5.32127 -0.00118008 0.010324 0.0256251 0.0144133 0.0170448 0.0708058 0.0706418 0.0783626 0.0782738 
-5.2727 -0.0022387 0.00916125 0.0252321 0.0156435 0.018214 0.0720989 0.0719295 0.0774524 0.0773648 
-5.22492 -0.00317411 0.00809665 0.024881 0.016879 0.0193877 0.0733543 0.0731795 0.0765608 0.0764742 
-5.17791 -0.0039902 0.00712823 0.0245716 0.0181187 0.0205649 0.0745732 0.0743933 0.0756871 0.0756015 
-5.13165 -0.0046909 0.00625392 0.0243035 0.0193614 0.0217445 0.0757567 0.0755719 0.0748309 0.0747464 
-5.08611 -0.0052802 0.0054715 0.0240762 0.0206062 0.0229256 0.0769059 0.0767165 0.0739917 0.0739082 
-5.0413 -0.00576209 0.0047787 0.0238891 0.0218521 0.0241075 0.0780221 0.0778282 0.073169 0.0730866 
-4.99717 -0.00614056 0.00417314 0.0237418 0.0230981 0.0252892 0.0791062 0.078908 0.0723625 0.072281 
-4.95373 -0.00641959 0.00365237 0.0236334 0.0243434 0.02647 0.0801592 0.0799569 0.0715717 0.0714912 
-4.91095 -0.00660312 0.00321394 0.0235631 0.0255872 0.0276493 0.0811822 0.0809759 0.0707962 0.0707166 
-4.86882 -0.00669504 0.00285531 0.0235303 0.0268287 0.0288262 0.082176 0.081966 0.0700356 0.0699569 
-4.82732 -0.00669919 0.00257396 0.0235341 0.0280672 0.0300003 0.0831416 0.082928 0.0692895 0.0692118 
-4.78644 -0.00661936 0.00236735 0.0235736 0.0293021 0.0311709 0.0840798 0.0838628 0.0685575 0.0684807 
-4.74616 -0.00645925 0.00223295 0.023648 0.0305327 0.0323375 0.0849915 0.0847712 0.0678393 0.0677634 
-4.70647 -0.00622249 0.00216821 0.0237562 0.0317585 0.0334995 0.0858775 0.0856541 0.0671346 0.0670595 
-4.66736 -0.00591264 0.00217062 0.0238974 0.0329789 0.0346565 0.0867386 0.0865122 0.0664429 0.0663687 
-4.62881 -0.00553315 0.00223769 0.0240707 0.0341935 0.035808 0.0875755 0.0873462 0.0657641 0.0656906 
-4.59081 -0.0050874 0.00236696 0.024275 0.0354017 0.0369537 0.088389 0.088157 0.0650976 0.065025 
-4.55335 -0.00457867 0.002556 0.0245094 0.0366032 0.0380931 0.0891797 0.0889451 0.0644434 0.0643715 
-4.51642 -0.00401017 0.0028024 0.024773 0.0377975 0.0392259 0.0899483 0.0897112 0.0638009 0.0637299 
-4.47999 -0.00338498 0.00310383 0.0250648 0.0389843 0.0403517 0.0906955 0.0904561 0.0631701 0.0630998 
-4.44408 -0.00270611 0.00345796 0.0253839 0.0401633 0.0414703 0.0914219 0.0911802 0.0625505 0.062481 
-4.40865 -0.00197647 0.00386254 0.0257292 0.041334 0.0425812 0.0921281 0.0918843 0.061942 0.0618732 
-4.37371 -0.00119887 0.00431536 0.0260998 0.0424963 0.0436844 0.0928146 0.0925689 0.0613442 0.0612762 
-4.33923 -0.00037604 0.00481424 0.0264949 0.0436499 0.0447795 0.0934822 0.0932345 0.0607569 0.0606896 
-4.30522 0.000489402 0.00535708 0.0269134 0.0447944 0.0458663 0.0941312 0.0938817 0.0601798 0.0601133 
-4.27167 0.00139492 0.00594182 0.0273544 0.0459298 0.0469447 0.0947622 0.094511 0.0596128 0.0595469 
-4.23855 0.00233806 0.00656646 0.0278172 0.0470557 0.0480143 0.0953758 0.0951229 0.0590556 0.0589904 
-4.20586 0.00331648 0.00722903 0.0283006 0.048172 0.0490751 0.0959723 0.095718 0.0585079 0.0584434 
-4.17361 0.0043279 0.00792765 0.028804 0.0492785 0.0501269 0.0965524 0.0962966 0.0579695 0.0579057 
-4.14176 0.00537014 0.00866047 0.0293265 0.0503751 0.0511695 0.0971164 0.0968593 0.0574403 0.0573771 
-4.11032 0.00644111 0.00942571 0.0298671 0.0514617 0.0522028 0.0976649 0.0974065 0.05692 0.0568575 
-4.07929 0.00753879 0.0102216 0.0304251 0.052538 0.0532267 0.0981981 0.0979385 0.0564084 0.0563465 
-4.04864 0.00866124 0.0110465 0.0309997 0.053604 0.0542412 0.0987166 0.0984559 0.0559053 0.0558441 
-4.01837 0.0098066 0.0118988 0.03159 0.0546597 0.055246 0.0992207 0.098959 0.0554106 0.0553499 
-3.98849 0.0109731 0.0127768 0.0321954 0.0557048 0.0562411 0.0997109 0.0994482 0.054924 0.054864 
-3.95896 0.012159 0.0136792 0.032815 0.0567395 0.0572265 0.100187 0.0999239 0.0544454 0.0543859 
-3.9298 0.0133627 0.0146043 0.0334482 0.0577634 0.0582022 0.100651 0.100386 0.0539746 0.0539157 
-3.901 0.0145826 0.0155508 0.0340942 0.0587768 0.0591679 0.101101 0.100836 0.0535113 0.0534531 
-3.87254 0.0158173 0.0165172 0.0347524 0.0597794 0.0601238 0.101539 0.101273 0.0530556 0.0529979 
-3.84442 0.0170652 0.0175024 0.0354219 0.0607712 0.0610697 0.101965 0.101698 0.0526072 0.05255 
-3.81663 0.018325 0.0185049 0.0361023 0.0617524 0.0620057 0.102379 0.102112 0.0521658 0.0521093 
-3.78917 0.0195954 0.0195236 0.0367928 0.0627227 0.0629317 0.102781 0.102513 0.0517315 0.0516755 
-3.76204 0.0208752 0.0205572 0.0374929 0.0636822 0.0638477 0.103172 0.102904 0.0513041 0.0512486 
-3.73522 0.0221631 0.0216047 0.0382018 0.064631 0.0647537 0.103552 0.103283 0.0508833 0.0508283 
-3.7087 0.023458 0.0226648 0.0389192 0.0655689 0.0656497 0.103921 0.103652 0.0504691 0.0504146 
-3.68249 0.0247589 0.0237367 0.0396442 0.0664961 0.0665358 0.10428 0.104011 0.0500613 0.0500073 
-3.65658 0.0260646 0.0248191 0.0403766 0.0674126 0.0674119 0.104629 0.104359 0.0496597 0.0496063 
-3.63097 0.0273742 0.0259112 0.0411156 0.0683183 0.068278 0.104968 0.104698 0.0492644 0.0492115 
-3.60564 0.0286868 0.027012 0.0418608 0.0692133 0.0691343 0.105297 0.105027 0.0488751 0.0488226 
-3.58059 0.0300014 0.0281207 0.0426116 0.0700977 0.0699806 0.105616 0.105347 0.0484917 0.0484397 
-3.55581 0.0313173 0.0292362 0.0433677 0.0709714 0.070817 0.105927 0.105657 0.048114 0.0480626 
-3.53132 0.0326335 0.0303579 0.0441285 0.0718345 0.0716436 0.106229 0.105959 0.0477421 0.0476911 
-3.50708 0.0339494 0.0314849 0.0448935 0.0726871 0.0724604 0.106521 0.106251 0.0473757 0.0473252 
-3.48311 0.0352642 0.0326164 0.0456624 0.0735292 0.0732675 0.106806 0.106536 0.0470147 0.0469647 
-3.4594 0.0365772 0.0337517 0.0464347 0.0743609 0.0740649 0.107082 0.106812 0.0466591 0.0466095 
-3.43594 0.0378877 0.0348902 0.04721 0.0751822 0.0748526 0.10735 0.10708 0.0463087 0.0462596 
-3.41273 0.0391952 0.036031 0.0479879 0.0759932 0.0756307 0.10761 0.10734 0.0459635 0.0459148 
-3.38977 0.0404991 0.0371737 0.048768 0.0767939 0.0763992 0.107862 0.107593 0.0456233 0.045575 
-3.36704 0.0417987 0.0383175 0.0495501 0.0775845 0.0771582 0.108107 0.107838 0.045288 0.0452401 
-3.34456 0.0430936 0.0394619 0.0503336 0.0783649 0.0779078 0.108345 0.108076 0.0449575 0.0449101 
-3.3223 0.0443833 0.0406063 0.0511183 0.0791352 0.0786481 0.108575 0.108306 0.0446318 0.0445848 
-3.30027 0.0456673 0.0417503 0.0519039 0.0798956 0.079379 0.108798 0.10853 0.0443107 0.0442642 
-3.27847 0.0469451 0.0428931 0.05269 0.0806461 0.0801007 0.109015 0.108747 0.0439942 0.0439481 
-3.25689 0.0482164 0.0440345 0.0534763 0.0813867 0.0808131 0.109225 0.108957 0.0436822 0.0436365 
-3.23553 0.0494808 0.0451739 0.0542626 0.0821176 0.0815165 0.109428 0.10916 0.0433746 0.0433292 
-3.21437 0.0507379 0.0463108 0.0550485 0.0828388 0.0822108 0.109625 0.109358 0.0430713 0.0430263 
-3.19343 0.0519873 0.0474449 0.0558339 0.0835504 0.0828962 0.109816 0.109549 0.0427722 0.0427276 
-3.1727 0.0532288 0.0485758 0.0566183 0.0842525 0.0835726 0.11 0.109734 0.0424772 0.042433 
-3.15217 0.0544619 0.049703 0.0574017 0.0849451 0.0842402 0.110179 0.109913 0.0421863 0.0421425 
-3.13184 0.0556866 0.0508262 0.0581837 0.0856284 0.0848991 0.110352 0.110087 0.0418994 0.041856 
-3.11171 0.0569024 0.0519451 0.0589642 0.0863025 0.0855493 0.110519 0.110255 0.0416165 0.0415734 
-3.09177 0.0581092 0.0530593 0.0597429 0.0869673 0.0861908 0.110681 0.110417 0.0413374 0.0412946 
-3.07202 0.0593067 0.0541686 0.0605195 0.0876231 0.0868238 0.110838 0.110574 0.041062 0.0410197 
-3.05245 0.0604947 0.0552725 0.061294 0.0882698 0.0874484 0.110989 0.110726 0.0407904 0.0407484 
-3.03308 0.061673 0.0563709 0.062066 0.0889076 0.0880646 0.111135 0.110872 0.0405224 0.0404808 
-3.01388 0.0628414 0.0574635 0.0628355 0.0895366 0.0886725 0.111276 0.111014 0.040258 0.0402167 
-2.99486 0.0639998 0.0585501 0.0636023 0.0901568 0.0892722 0.111412 0.111151 0.0399971 0.0399562 
-2.97602 0.0651481 0.0596303 0.0643661 0.0907683 0.0898637 0.111543 0.111282 0.0397397 0.0396991 
-2.95735 0.066286 0.060704 0.0651269 0.0913713 0.0904472 0.111669 0.11141 0.0394857 0.0394454 
-2.93886 0.0674134 0.061771 0.0658844 0.0919658 0.0910226 0.111791 0.111532 0.039235 0.039195 
-2.92053 0.0685304 0.0628311 0.0666386 0.0925518 0.0915902 0.111909 0.11165 0.0389875 0.0389479 
-2.90237 0.0696366 0.0638841 0.0673892 0.0931296 0.0921499 0.112022 0.111764 0.0387433 0.038704 
-2.88437 0.0707321 0.0649298 0.0681363 0.0936991 0.0927019 0.112131 0.111873 0.0385022 0.0384633 
-2.86653 0.0718168 0.0659681 0.0688795 0.0942604 0.0932462 0.112235 0.111979 0.0382643 0.0382256 
-2.84884 0.0728906 0.0669988 0.0696189 0.0948138 0.0937829 0.112336 0.11208 0.0380294 0.0379911 
-2.83132 0.0739534 0.0680218 0.0703543 0.0953591 0.0943121 0.112432 0.112177 0.0377975 0.0377595 
-2.81395 0.0750053 0.0690369 0.0710856 0.0958965 0.0948339 0.112524 0.11227 0.0375685 0.0375308 
-2.79672 0.076046 0.0700441 0.0718127 0.0964262 0.0953483 0.112613 0.11236 0.0373424 0.0373051 
-2.77965 0.0770757 0.0710431 0.0725355 0.0969481 0.0958554 0.112698 0.112445 0.0371192 0.0370821 
-2.76273 0.0780943 0.072034 0.0732539 0.0974624 0.0963553 0.112779 0.112527 0.0368988 0.036862 
-2.74595 0.0791017 0.0730166 0.0739679 0.0979692 0.0968481 0.112857 0.112606 0.0366812 0.0366447 
-2.72931 0.0800979 0.0739909 0.0746773 0.0984685 0.0973339 0.112931 0.112681 0.0364662 0.03643 
-2.71281 0.081083 0.0749567 0.0753821 0.0989605 0.0978127 0.113001 0.112752 0.0362539 0.036218 
-2.69645 0.082057 0.075914 0.0760822 0.0994451 0.0982845 0.113069 0.11282 0.0360443 0.0360086 
-2.68023 0.0830198 0.0768627 0.0767776 0.0999226 0.0987496 0.113133 0.112885 0.0358372 0.0358018 
-2.66414 0.0839714 0.0778028 0.0774681 0.100393 0.0992079 0.113193 0.112947 0.0356326 0.0355975 
-2.64818 0.0849119 0.0787341 0.0781538 0.100856 0.0996596 0.113251 0.113005 0.0354305 0.0353957 
-2.63236 0.0858414 0.0796568 0.0788345 0.101313 0.100105 0.113306 0.11306 0.0352309 0.0351964 
-2.61666 0.0867597 0.0805707 0.0795103 0.101762 0.100543 0.113357 0.113113 0.0350337 0.0349994 
-2.60109 0.087667 0.0814757 0.080181 0.102205 0.100975 0.113406 0.113162 0.0348388 0.0348048 
-2.58565 0.0885632 0.082372 0.0808467 0.102641 0.101401 0.113451 0.113209 0.0346463 0.0346126 
-2.57033 0.0894485 0.0832594 0.0815072 0.10307 0.101821 0.113494 0.113253 0.0344561 0.0344227 
-2.55513 0.0903229 0.0841379 0.0821627 0.103493 0.102234 0.113534 0.113293 0.0342682 0.034235 
-2.54005 0.0911863 0.0850075 0.0828129 0.103909 0.102641 0.113572 0.113332 0.0340824 0.0340495 
-2.52509 0.0920389 0.0858682 0.083458 0.104319 0.103042 0.113606 0.113367 0.0338989 0.0338662 
-2.51024 0.0928808 0.0867201 0.0840978 0.104722 0.103437 0.113638 0.1134 0.0337175 0.0336851 
-2.49552 0.0937119 0.087563 0.0847324 0.10512 0.103826 0.113668 0.113431 0.0335383 0.0335061 
-2.4809 0.0945323 0.088397 0.0853617 0.105511 0.104209 0.113695 0.113459 0.0333611 0.0333291 
-2.4664 0.0953421 0.0892221 0.0859857 0.105896 0.104587 0.11372 0.113485 0.033186 0.0331543 
-2.45201 0.0961413 0.0900384 0.0866045 0.106275 0.104958 0.113742 0.113508 0.0330129 0.0329814 
-2.43773 0.0969301 0.0908457 0.0872179 0.106648 0.105324 0.113762 0.113529 0.0328418 0.0328105 
-2.42355 0.0977085 0.0916443 0.087826 0.107015 0.105685 0.11378 0.113547 0.0326726 0.0326416 
-2.40948 0.0984765 0.092434 0.0884287 0.107377 0.10604 0.113795 0.113564 0.0325054 0.0324747 
-2.39552 0.0992342 0.0932149 0.0890261 0.107732 0.106389 0.113808 0.113578 0.0323401 0.0323096 
-2.38166 0.0999817 0.093987 0.0896182 0.108082 0.106733 0.113819 0.11359 0.0321767 0.0321464 
-2.3679 0.100719 0.0947503 0.0902049 0.108427 0.107072 0.113829 0.1136 0.0320151 0.031985 
-2.35425 0.101446 0.095505 0.0907863 0.108766 0.107405 0.113836 0.113608 0.0318553 0.0318255 
-2.34069 0.102164 0.0962509 0.0913623 0.109099 0.107733 0.113841 0.113614 0.0316973 0.0316677 
-2.32723 0.102871 0.0969882 0.091933 0.109427 0.108057 0.113844 0.113618 0.0315411 0.0315117 
-2.31387 0.103569 0.0977169 0.0924984 0.10975 0.108375 0.113845 0.11362 0.0313866 0.0313574 
-2.3006 0.104257 0.0984369 0.0930584 0.110068 0.108688 0.113844 0.11362 0.0312338 0.0312049 
-2.28743 0.104935 0.0991485 0.0936131 0.11038 0.108996 0.113841 0.113618 0.0310827 0.031054 
-2.27435 0.105604 0.0998516 0.0941625 0.110688 0.109299 0.113837 0.113615 0.0309333 0.0309048 
-2.26136 0.106263 0.100546 0.0947066 0.11099 0.109598 0.113831 0.11361 0.0307855 0.0307572 
-2.24847 0.106913 0.101232 0.0952454 0.111287 0.109891 0.113823 0.113603 0.0306394 0.0306113 
-2.23566 0.107553 0.10191 0.095779 0.111579 0.11018 0.113813 0.113594 0.0304948 0.0304669 
-2.22294 0.108185 0.10258 0.0963073 0.111867 0.110464 0.113802 0.113584 0.0303518 0.0303241 
-2.21031 0.108807 0.103241 0.0968303 0.11215 0.110744 0.113789 0.113572 0.0302103 0.0301828 
-2.19777 0.10942 0.103894 0.0973481 0.112428 0.111019 0.113775 0.113559 0.0300704 0.0300431 
-2.18531 0.110024 0.104539 0.0978608 0.112701 0.11129 0.113759 0.113544 0.0299319 0.0299048 
-2.17294 0.110619 0.105176 0.0983682 0.11297 0.111556 0.113742 0.113527 0.0297949 0.029768 
-2.16064 0.111205 0.105805 0.0988704 0.113234 0.111818 0.113723 0.113509 0.0296594 0.0296327 
-2.14844 0.111783 0.106426 0.0993676 0.113493 0.112076 0.113702 0.11349 0.0295254 0.0294989 
-2.13631 0.112352 0.107039 0.0998596 0.113749 0.112329 0.11368 0.113469 0.0293927 0.0293664 
-2.12426 0.112912 0.107644 0.100346 0.114 0.112579 0.113657 0.113447 0.0292615 0.0292354 
-2.11229 0.113464 0.108241 0.100828 0.114246 0.112824 0.113633 0.113424 0.0291316 0.0291057 
-2.1004 0.114008 0.10883 0.101305 0.114489 0.113065 0.113607 0.113399 0.0290031 0.0289773 
-2.08859 0.114543 0.109412 0.101777 0.114727 0.113302 0.11358 0.113373 0.0288759 0.0288504 
-2.07685 0.115071 0.109986 0.102244 0.114961 0.113535 0.113551 0.113345 0.0287501 0.0287247 
-2.06519 0.11559 0.110553 0.102705 0.11519 0.113764 0.113522 0.113316 0.0286255 0.0286003 
-2.05361 0.116101 0.111112 0.103162 0.115416 0.113989 0.113491 0.113287 0.0285023 0.0284773 
-2.0421 0.116604 0.111663 0.103614 0.115638 0.11421 0.113459 0.113256 0.0283803 0.0283555 
-2.03066 0.117099 0.112208 0.104061 0.115856 0.114428 0.113426 0.113223 0.0282596 0.0282349 
-2.01929 0.117587 0.112745 0.104503 0.11607 0.114642 0.113391 0.11319 0.0281401 0.0281156 
-2.00799 0.118066 0.113274 0.104941 0.11628 0.114852 0.113356 0.113156 0.0280218 0.0279975 
-1.99677 0.118539 0.113797 0.105373 0.116487 0.115058 0.11332 0.11312 0.0279047 0.0278806 
-1.98561 0.119003 0.114312 0.105801 0.11669 0.115261 0.113282 0.113083 0.0277888 0.0277649 
-1.97452 0.119461 0.11482 0.106224 0.116889 0.11546 0.113243 0.113046 0.0276741 0.0276503 
-1.9635 0.119911 0.115321 0.106643 0.117084 0.115656 0.113204 0.113007 0.0275606 0.027537 
-1.95255 0.120353 0.115816 0.107056 0.117276 0.115849 0.113163 0.112968 0.0274482 0.0274247 
-1.94166 0.120789 0.116303 0.107465 0.117464 0.116038 0.113122 0.112927 0.0273369 0.0273136 
-1.93084 0.121217 0.116784 0.10787 0.117649 0.116224 0.113079 0.112886 0.0272267 0.0272036 
-1.92008 0.121639 0.117257 0.10827 0.117831 0.116406 0.113036 0.112843 0.0271176 0.0270947 
-1.90939 0.122053 0.117724 0.108665 0.118009 0.116585 0.112992 0.1128 0.0270096 0.0269868 
-1.89876 0.122461 0.118185 0.109056 0.118183 0.116761 0.112947 0.112756 0.0269027 0.0268801 
-1.88819 0.122862 0.118639 0.109442 0.118355 0.116934 0.112901 0.112711 0.0267968 0.0267743 
-1.87768 0.123256 0.119086 0.109824 0.118523 0.117103 0.112854 0.112665 0.026692 0.0266697 
-1.86724 0.123644 0.119527 0.110202 0.118688 0.11727 0.112806 0.112618 0.0265882 0.026566 
-1.85685 0.124025 0.119962 0.110575 0.11885 0.117433 0.112758 0.112571 0.0264854 0.0264634 
-1.84653 0.1244 0.12039 0.110943 0.119008 0.117593 0.112709 0.112522 0.0263836 0.0263618 
-1.83626 0.124768 0.120812 0.111308 0.119164 0.117751 0.112659 0.112473 0.0262828 0.0262611 
-1.82606 0.12513 0.121228 0.111668 0.119317 0.117905 0.112608 0.112424 0.026183 0.0261615 
-1.81591 0.125486 0.121638 0.112024 0.119466 0.118057 0.112557 0.112373 0.0260842 0.0260628 
-1.80581 0.125835 0.122042 0.112376 0.119613 0.118206 0.112504 0.112322 0.0259863 0.025965 
-1.79578 0.126179 0.122439 0.112723 0.119756 0.118352 0.112452 0.11227 0.0258893 0.0258682 
-1.7858 0.126516 0.122831 0.113067 0.119897 0.118495 0.112398 0.112218 0.0257933 0.0257724 
-1.77587 0.126848 0.123217 0.113406 0.120035 0.118635 0.112344 0.112165 0.0256982 0.0256774 
-1.766 0.127174 0.123597 0.113741 0.120171 0.118773 0.112289 0.112111 0.025604 0.0255833 
-1.75619 0.127494 0.123971 0.114073 0.120303 0.118908 0.112234 0.112056 0.0255107 0.0254902 
-1.74642 0.127808 0.12434 0.1144 0.120433 0.11904 0.112178 0.112001 0.0254183 0.0253979 
-1.73671 0.128117 0.124703 0.114723 0.12056 0.11917 0.112122 0.111946 0.0253267 0.0253065 
-1.72706 0.12842 0.12506 0.115043 0.120684 0.119297 0.112065 0.11189 0.0252361 0.025216 
-1.71745 0.128718 0.125412 0.115358 0.120806 0.119422 0.112007 0.111833 0.0251463 0.0251263 
-1.70789 0.12901 0.125759 0.11567 0.120926 0.119544 0.111949 0.111776 0.0250573 0.0250375 
-1.69839 0.129297 0.1261 0.115977 0.121042 0.119664 0.11189 0.111718 0.0249692 0.0249495 
-1.68894 0.129578 0.126435 0.116281 0.121157 0.119782 0.111831 0.11166 0.0248819 0.0248623 
-1.67953 0.129855 0.126766 0.116582 0.121269 0.119897 0.111771 0.111601 0.0247954 0.024776 
-1.67017 0.130126 0.127091 0.116878 0.121378 0.120009 0.111711 0.111542 0.0247097 0.0246904 
-1.66087 0.130392 0.127411 0.117171 0.121485 0.12012 0.111651 0.111482 0.0246248 0.0246057 
-1.65161 0.130653 0.127726 0.11746 0.12159 0.120228 0.11159 0.111422 0.0245407 0.0245217 
-1.64239 0.13091 0.128036 0.117746 0.121692 0.120333 0.111528 0.111362 0.0244574 0.0244385 
-1.63323 0.131161 0.128341 0.118028 0.121792 0.120437 0.111466 0.111301 0.0243748 0.0243561 
-1.62411 0.131408 0.128641 0.118306 0.12189 0.120538 0.111404 0.111239 0.024293 0.0242744 
-1.61504 0.131649 0.128936 0.118581 0.121986 0.120638 0.111341 0.111177 0.024212 0.0241935 
-1.60601 0.131886 0.129226 0.118852 0.122079 0.120735 0.111278 0.111115 0.0241317 0.0241133 
-1.59703 0.132119 0.129512 0.11912 0.12217 0.12083 0.111215 0.111053 0.0240521 0.0240339 
-1.58809 0.132347 0.129793 0.119385 0.122259 0.120923 0.111151 0.11099 0.0239733 0.0239552 
-1.57919 0.13257 0.130069 0.119646 0.122346 0.121014 0.111087 0.110927 0.0238951 0.0238772 
-1.57034 0.132789 0.13034 0.119904 0.122431 0.121102 0.111023 0.110863 0.0238177 0.0237999 
-1.56153 0.133003 0.130607 0.120158 0.122514 0.121189 0.110958 0.110799 0.023741 0.0237233 
-1.55277 0.133213 0.13087 0.120409 0.122595 0.121274 0.110893 0.110735 0.023665 0.0236474 
-1.54404 0.133419 0.131128 0.120657 0.122674 0.121357 0.110827 0.11067 0.0235897 0.0235722 
-1.53536 0.133621 0.131382 0.120902 0.122751 0.121438 0.110762 0.110606 0.023515 0.0234977 
-1.52672 0.133818 0.131631 0.121144 0.122827 0.121518 0.110696 0.11054 0.0234411 0.0234239 
-1.51812 0.134011 0.131876 0.121382 0.1229 0.121595 0.110629 0.110475 0.0233678 0.0233507 
-1.50957 0.134201 0.132117 0.121617 0.122971 0.121671 0.110563 0.110409 0.0232951 0.0232781 
-1.50105 0.134386 0.132353 0.121849 0.123041 0.121745 0.110496 0.110344 0.0232231 0.0232063 
-1.49257 0.134567 0.132586 0.122078 0.123108 0.121817 0.110429 0.110278 0.0231518 0.023135 
-1.48413 0.134745 0.132814 0.122305 0.123174 0.121887 0.110362 0.110211 0.023081 0.0230644 
-1.47573 0.134918 0.133038 0.122528 0.123239 0.121956 0.110295 0.110145 0.023011 0.0229945 
-1.46736 0.135088 0.133259 0.122748 0.123301 0.122023 0.110227 0.110078 0.0229415 0.0229251 
-1.45904 0.135254 0.133475 0.122965 0.123362 0.122088 0.110159 0.110011 0.0228727 0.0228564 
-1.45075 0.135417 0.133688 0.123179 0.123421 0.122151 0.110091 0.109944 0.0228044 0.0227883 
-1.4425 0.135575 0.133896 0.12339 0.123479 0.122213 0.110023 0.109877 0.0227368 0.0227207 
-1.43429 0.135731 0.134101 0.123599 0.123534 0.122274 0.109955 0.109809 0.0226698 0.0226538 
-1.42611 0.135882 0.134302 0.123805 0.123589 0.122333 0.109887 0.109742 0.0226033 0.0225875 
-1.41797 0.13603 0.134499 0.124007 0.123641 0.12239 0.109818 0.109674 0.0225375 0.0225217 
-1.40987 0.136175 0.134693 0.124208 0.123693 0.122446 0.109749 0.109606 0.0224722 0.0224566 
-1.4018 0.136316 0.134883 0.124405 0.123742 0.1225 0.10968 0.109538 0.0224075 0.022392 
-1.39376 0.136454 0.135069 0.1246 0.12379 0.122553 0.109611 0.10947 0.0223433 0.0223279 
-1.38576 0.136589 0.135252 0.124792 0.123837 0.122604 0.109542 0.109401 0.0222798 0.0222645 
-1.3778 0.13672 0.135432 0.124981 0.123882 0.122654 0.109473 0.109333 0.0222168 0.0222016 
-1.36987 0.136848 0.135608 0.125168 0.123926 0.122703 0.109404 0.109265 0.0221543 0.0221392 
-1.36197 0.136973 0.13578 0.125352 0.123968 0.12275 0.109334 0.109196 0.0220924 0.0220774 
-1.35411 0.137095 0.135949 0.125534 0.124009 0.122796 0.109265 0.109127 0.022031 0.0220161 
-1.34628 0.137214 0.136115 0.125713 0.124049 0.122841 0.109195 0.109059 0.0219701 0.0219554 
-1.33848 0.13733 0.136278 0.125889 0.124087 0.122884 0.109126 0.10899 0.0219098 0.0218952 
-1.33071 0.137443 0.136437 0.126064 0.124124 0.122926 0.109056 0.108921 0.02185 0.0218355 
-1.32298 0.137553 0.136593 0.126235 0.12416 0.122966 0.108986 0.108852 0.0217908 0.0217763 
-1.31528 0.13766 0.136746 0.126405 0.124194 0.123006 0.108917 0.108783 0.021732 0.0217177 
-1.30761 0.137764 0.136896 0.126571 0.124227 0.123044 0.108847 0.108714 0.0216738 0.0216595 
-1.29997 0.137865 0.137043 0.126736 0.124259 0.123081 0.108777 0.108645 0.021616 0.0216019 
-1.29236 0.137963 0.137186 0.126898 0.124289 0.123116 0.108707 0.108576 0.0215588 0.0215447 
-1.28478 0.138059 0.137327 0.127058 0.124319 0.123151 0.108637 0.108507 0.021502 0.0214881 
-1.27723 0.138152 0.137465 0.127215 0.124347 0.123184 0.108567 0.108438 0.0214458 0.0214319 
-1.26971 0.138243 0.1376 0.127371 0.124374 0.123216 0.108498 0.108369 0.02139 0.0213762 
-1.26222 0.13833 0.137732 0.127524 0.1244 0.123247 0.108428 0.1083 0.0213347 0.021321 
-1.25476 0.138416 0.137861 0.127675 0.124425 0.123277 0.108358 0.108231 0.0212799 0.0212663 
-1.24733 0.138498 0.137987 0.127823 0.124449 0.123306 0.108288 0.108162 0.0212255 0.021212 
-1.23993 0.138578 0.13811 0.12797 0.124471 0.123334 0.108218 0.108092 0.0211716 0.0211583 
-1.23256 0.138656 0.138231 0.128114 0.124493 0.123361 0.108148 0.108023 0.0211182 0.0211049 
-1.22521 0.138731 0.138349 0.128256 0.124514 0.123387 0.108079 0.107954 0.0210652 0.0210521 
-1.2179 0.138804 0.138465 0.128397 0.124533 0.123411 0.108009 0.107886 0.0210127 0.0209997 
-1.21061 0.138874 0.138577 0.128535 0.124552 0.123435 0.107939 0.107817 0.0209607 0.0209477 
-1.20334 0.138942 0.138687 0.128671 0.124569 0.123458 0.10787 0.107748 0.0209091 0.0208962 
-1.19611 0.139008 0.138795 0.128805 0.124586 0.12348 0.1078 0.107679 0.0208579 0.0208451 
-1.1889 0.139072 0.1389 0.128937 0.124601 0.1235 0.107731 0.10761 0.0208072 0.0207945 
-1.18172 0.139133 0.139002 0.129067 0.124616 0.12352 0.107661 0.107542 0.0207569 0.0207443 
-1.17456 0.139192 0.139103 0.129195 0.124629 0.123539 0.107592 0.107473 0.020707 0.0206945 
-1.16743 0.139249 0.1392 0.129321 0.124642 0.123557 0.107523 0.107405 0.0206576 0.0206451 
-1.16033 0.139304 0.139295 0.129445 0.124654 0.123575 0.107454 0.107336 0.0206086 0.0205962 
-1.15325 0.139356 0.139388 0.129568 0.124665 0.123591 0.107385 0.107268 0.02056 0.0205477 
-1.1462 0.139407 0.139479 0.129688 0.124675 0.123606 0.107316 0.1072 0.0205118 0.0204996 
-1.13917 0.139455 0.139567 0.129807 0.124684 0.123621 0.107247 0.107132 0.020464 0.0204519 
-1.13217 0.139502 0.139653 0.129924 0.124693 0.123635 0.107178 0.107064 0.0204167 0.0204047 
-1.12519 0.139546 0.139736 0.130039 0.1247 0.123648 0.107109 0.106996 0.0203697 0.0203578 
-1.11824 0.139589 0.139818 0.130153 0.124707 0.12366 0.107041 0.106928 0.0203232 0.0203113 
-1.11131 0.13963 0.139897 0.130264 0.124713 0.123671 0.106972 0.10686 0.020277 0.0202653 
-1.1044 0.139668 0.139974 0.130374 0.124719 0.123682 0.106904 0.106793 0.0202313 0.0202196 
-1.09752 0.139705 0.140049 0.130482 0.124723 0.123692 0.106836 0.106725 0.0201859 0.0201743 
-1.09066 0.13974 0.140122 0.130589 0.124727 0.123701 0.106768 0.106658 0.0201409 0.0201294 
-1.08382 0.139774 0.140192 0.130694 0.12473 0.12371 0.1067 0.106591 0.0200963 0.0200849 
-1.07701 0.139805 0.140261 0.130797 0.124732 0.123717 0.106633 0.106524 0.0200521 0.0200408 
-1.07022 0.139835 0.140328 0.130898 0.124734 0.123724 0.106565 0.106457 0.0200082 0.019997 
-1.06345 0.139863 0.140392 0.130998 0.124735 0.123731 0.106498 0.10639 0.0199648 0.0199536 
-1.05671 0.139889 0.140455 0.131097 0.124735 0.123736 0.10643 0.106324 0.0199217 0.0199106 
-1.04999 0.139914 0.140516 0.131193 0.124734 0.123741 0.106363 0.106257 0.019879 0.019868 
-1.04328 0.139937 0.140575 0.131289 0.124733 0.123746 0.106296 0.106191 0.0198366 0.0198257 
-1.0366 0.139958 0.140632 0.131382 0.124732 0.12375 0.10623 0.106125 0.0197946 0.0197838 
-1.02995 0.139978 0.140687 0.131475 0.124729 0.123753 0.106163 0.106059 0.019753 0.0197422 
-1.02331 0.139996 0.14074 0.131565 0.124726 0.123755 0.106097 0.105994 0.0197117 0.019701 
-1.01669 0.140013 0.140792 0.131655 0.124723 0.123757 0.10603 0.105928 0.0196708 0.0196602 
-1.0101 0.140028 0.140841 0.131742 0.124719 0.123758 0.105964 0.105863 0.0196302 0.0196197 
-1.00353 0.140042 0.140889 0.131829 0.124714 0.123759 0.105899 0.105798 0.01959 0.0195796 
-0.996972 0.140054 0.140935 0.131914 0.124709 0.123759 0.105833 0.105733 0.0195501 0.0195398 
-0.990438 0.140065 0.14098 0.131997 0.124703 0.123759 0.105768 0.105668 0.0195106 0.0195003 
-0.983925 0.140074 0.141023 0.13208 0.124696 0.123758 0.105702 0.105603 0.0194714 0.0194612 
-0.977431 0.140082 0.141064 0.13216 0.12469 0.123757 0.105637 0.105539 0.0194326 0.0194224 
-0.970958 0.140089 0.141103 0.13224 0.124682 0.123755 0.105572 0.105475 0.0193941 0.019384 
-0.964503 0.140094 0.141141 0.132318 0.124674 0.123752 0.105508 0.105411 0.0193559 0.0193459 
-0.958068 0.140098 0.141177 0.132395 0.124666 0.123749 0.105443 0.105347 0.019318 0.0193081 
-0.951652 0.1401 0.141212 0.13247 0.124657 0.123746 0.105379 0.105284 0.0192805 0.0192707 
-0.945256 0.140101 0.141245 0.132545 0.124647 0.123742 0.105315 0.105221 0.0192433 0.0192336 
-0.938877 0.140101 0.141277 0.132618 0.124638 0.123738 0.105252 0.105158 0.0192064 0.0191968 
-0.932518 0.1401 0.141307 0.132689 0.124627 0.123733 0.105188 0.105095 0.0191699 0.0191603 
-0.926177 0.140098 0.141336 0.13276 0.124617 0.123728 0.105125 0.105032 0.0191336 0.0191241 
-0.919853 0.140094 0.141363 0.132829 0.124605 0.123722 0.105062 0.10497 0.0190977 0.0190883 
-0.913549 0.140089 0.141389 0.132897 0.124594 0.123716 0.104999 0.104908 0.0190621 0.0190527 
-0.907261 0.140083 0.141413 0.132964 0.124582 0.123709 0.104937 0.104846 0.0190268 0.0190175 
-0.900992 0.140076 0.141436 0.13303 0.124569 0.123703 0.104874 0.104784 0.0189918 0.0189826 
-0.89474 0.140067 0.141457 0.133095 0.124557 0.123695 0.104812 0.104723 0.0189572 0.018948 
-0.888506 0.140058 0.141478 0.133158 0.124544 0.123688 0.10475 0.104662 0.0189228 0.0189137 
-0.882288 0.140047 0.141497 0.133221 0.12453 0.123679 0.104689 0.104601 0.0188887 0.0188797 
-0.876088 0.140036 0.141514 0.133282 0.124516 0.123671 0.104628 0.10454 0.0188549 0.018846 
-0.869904 0.140023 0.14153 0.133342 0.124502 0.123662 0.104567 0.10448 0.0188215 0.0188126 
-0.863738 0.140009 0.141545 0.133401 0.124487 0.123653 0.104506 0.10442 0.0187883 0.0187795 
-0.857587 0.139994 0.141559 0.133459 0.124472 0.123644 0.104445 0.10436 0.0187554 0.0187467 
-0.851453 0.139979 0.141571 0.133516 0.124457 0.123634 0.104385 0.1043 0.0187228 0.0187142 
-0.845336 0.139962 0.141583 0.133572 0.124441 0.123624 0.104325 0.104241 0.0186905 0.0186819 
-0.839234 0.139944 0.141593 0.133627 0.124426 0.123613 0.104265 0.104182 0.0186585 0.01865 
-0.833148 0.139926 0.141601 0.133681 0.124409 0.123603 0.104206 0.104123 0.0186268 0.0186183 
-0.827078 0.139906 0.141609 0.133734 0.124393 0.123592 0.104147 0.104064 0.0185954 0.018587 
-0.821023 0.139885 0.141616 0.133786 0.124376 0.12358 0.104088 0.104006 0.0185642 0.0185559 
-0.814984 0.139864 0.141621 0.133837 0.124359 0.123569 0.10403 0.103948 0.0185333 0.0185251 
-0.808961 0.139842 0.141625 0.133887 0.124342 0.123557 0.103971 0.103891 0.0185027 0.0184945 
-0.802952 0.139819 0.141628 0.133936 0.124324 0.123545 0.103913 0.103833 0.0184724 0.0184643 
-0.796958 0.139795 0.14163 0.133985 0.124306 0.123533 0.103855 0.103776 0.0184424 0.0184343 
-0.790979 0.13977 0.141631 0.134032 0.124288 0.12352 0.103798 0.103719 0.0184126 0.0184046 
-0.785015 0.139744 0.141631 0.134078 0.12427 0.123507 0.103741 0.103663 0.0183831 0.0183752 
-0.779065 0.139718 0.14163 0.134124 0.124252 0.123494 0.103684 0.103607 0.0183539 0.018346 
-0.77313 0.13969 0.141628 0.134169 0.124233 0.123481 0.103628 0.103551 0.0183249 0.0183171 
-0.767209 0.139662 0.141625 0.134212 0.124214 0.123467 0.103571 0.103495 0.0182962 0.0182885 
-0.761302 0.139633 0.141621 0.134255 0.124195 0.123454 0.103515 0.10344 0.0182678 0.0182601 
-0.755409 0.139604 0.141615 0.134297 0.124175 0.12344 0.10346 0.103385 0.0182396 0.018232 
-0.749529 0.139573 0.141609 0.134339 0.124156 0.123426 0.103404 0.10333 0.0182117 0.0182042 
-0.743664 0.139542 0.141602 0.134379 0.124136 0.123411 0.103349 0.103276 0.0181841 0.0181766 
-0.737812 0.139511 0.141594 0.134419 0.124116 0.123397 0.103295 0.103222 0.0181567 0.0181493 
-0.731973 0.139478 0.141585 0.134458 0.124096 0.123382 0.10324 0.103168 0.0181295 0.0181222 
-0.726148 0.139445 0.141576 0.134496 0.124076 0.123367 0.103186 0.103114 0.0181027 0.0180954 
-0.720335 0.139411 0.141565 0.134533 0.124056 0.123352 0.103133 0.103061 0.018076 0.0180688 
-0.714536 0.139377 0.141553 0.134569 0.124035 0.123337 0.103079 0.103008 0.0180497 0.0180425 
-0.70875 0.139342 0.141541 0.134605 0.124014 0.123322 0.103026 0.102956 0.0180236 0.0180165 
-0.702976 0.139306 0.141528 0.13464 0.123994 0.123307 0.102973 0.102904 0.0179977 0.0179907 
-0.697215 0.13927 0.141514 0.134675 0.123973 0.123291 0.102921 0.102852 0.0179721 0.0179651 
-0.691466 0.139233 0.141499 0.134708 0.123952 0.123275 0.102869 0.1028 0.0179467 0.0179398 
-0.68573 0.139195 0.141483 0.134741 0.12393 0.12326 0.102817 0.102749 0.0179216 0.0179147 
-0.680006 0.139157 0.141466 0.134774 0.123909 0.123244 0.102765 0.102698 0.0178967 0.0178899 
-0.674294 0.139118 0.141449 0.134805 0.123888 0.123228 0.102714 0.102647 0.017872 0.0178653 
-0.668593 0.139079 0.141431 0.134836 0.123866 0.123212 0.102663 0.102597 0.0178476 0.017841 
-0.662905 0.139039 0.141412 0.134866 0.123845 0.123195 0.102613 0.102547 0.0178235 0.0178169 
-0.657229 0.138999 0.141393 0.134896 0.123823 0.123179 0.102563 0.102498 0.0177995 0.017793 
-0.651564 0.138958 0.141372 0.134925 0.123801 0.123163 0.102513 0.102449 0.0177758 0.0177694 
-0.64591 0.138916 0.141351 0.134953 0.12378 0.123146 0.102463 0.1024 0.0177524 0.017746 
-0.640268 0.138875 0.141329 0.134981 0.123758 0.12313 0.102414 0.102351 0.0177292 0.0177228 
-0.634637 0.138832 0.141307 0.135008 0.123736 0.123113 0.102366 0.102303 0.0177062 0.0176999 
-0.629017 0.138789 0.141284 0.135034 0.123714 0.123097 0.102317 0.102255 0.0176834 0.0176772 
-0.623408 0.138746 0.14126 0.13506 0.123692 0.12308 0.102269 0.102207 0.0176609 0.0176547 
-0.61781 0.138702 0.141236 0.135085 0.12367 0.123063 0.102221 0.10216 0.0176386 0.0176325 
-0.612222 0.138658 0.14121 0.13511 0.123647 0.123046 0.102174 0.102113 0.0176165 0.0176105 
-0.606646 0.138613 0.141185 0.135134 0.123625 0.123029 0.102127 0.102067 0.0175947 0.0175887 
-0.601079 0.138568 0.141158 0.135158 0.123603 0.123012 0.10208 0.102021 0.0175731 0.0175672 
-0.595524 0.138522 0.141131 0.135181 0.123581 0.122996 0.102034 0.101975 0.0175517 0.0175458 
-0.589978 0.138476 0.141104 0.135203 0.123559 0.122979 0.101988 0.10193 0.0175305 0.0175247 
-0.584442 0.13843 0.141075 0.135225 0.123536 0.122962 0.101942 0.101885 0.0175096 0.0175038 
-0.578917 0.138383 0.141046 0.135246 0.123514 0.122945 0.101897 0.10184 0.0174889 0.0174832 
-0.573402 0.138336 0.141017 0.135267 0.123492 0.122928 0.101852 0.101795 0.0174684 0.0174627 
-0.567896 0.138288 0.140987 0.135288 0.123469 0.122911 0.101807 0.101751 0.0174481 0.0174425 
-0.5624 0.138241 0.140956 0.135308 0.123447 0.122894 0.101763 0.101708 0.017428 0.0174225 
-0.556913 0.138192 0.140925 0.135327 0.123425 0.122877 0.101719 0.101664 0.0174082 0.0174027 
-0.551437 0.138144 0.140894 0.135346 0.123403 0.12286 0.101676 0.101622 0.0173885 0.0173831 
-0.545969 0.138095 0.140862 0.135364 0.12338 0.122843 0.101633 0.101579 0.0173691 0.0173638 
-0.540511 0.138045 0.140829 0.135382 0.123358 0.122826 0.10159 0.101537 0.0173499 0.0173446 
-0.535062 0.137996 0.140796 0.1354 0.123336 0.122809 0.101547 0.101495 0.0173309 0.0173257 
-0.529622 0.137946 0.140762 0.135417 0.123314 0.122792 0.101505 0.101453 0.0173122 0.017307 
-0.52419 0.137895 0.140728 0.135433 0.123291 0.122775 0.101464 0.101412 0.0172936 0.0172885 
-0.518768 0.137845 0.140693 0.135449 0.123269 0.122758 0.101423 0.101372 0.0172752 0.0172702 
-0.513355 0.137794 0.140658 0.135465 0.123247 0.122741 0.101382 0.101331 0.0172571 0.0172521 
-0.50795 0.137743 0.140622 0.13548 0.123225 0.122724 0.101341 0.101291 0.0172391 0.0172342 
-0.502553 0.137691 0.140586 0.135495 0.123203 0.122708 0.101301 0.101252 0.0172214 0.0172165 
-0.497165 0.13764 0.140549 0.13551 0.123181 0.122691 0.101261 0.101212 0.0172039 0.017199 
-0.491786 0.137588 0.140512 0.135524 0.123159 0.122674 0.101222 0.101173 0.0171866 0.0171818 
-0.486414 0.137535 0.140475 0.135537 0.123138 0.122658 0.101183 0.101135 0.0171694 0.0171647 
-0.481051 0.137483 0.140437 0.135551 0.123116 0.122641 0.101144 0.101097 0.0171525 0.0171479 
-0.475695 0.13743 0.140399 0.135564 0.123094 0.122625 0.101106 0.101059 0.0171358 0.0171312 
-0.470348 0.137377 0.14036 0.135576 0.123073 0.122608 0.101068 0.101022 0.0171193 0.0171148 
-0.465008 0.137324 0.140321 0.135588 0.123051 0.122592 0.10103 0.100985 0.017103 0.0170985 
-0.459676 0.137271 0.140281 0.1356 0.12303 0.122576 0.100993 0.100948 0.0170869 0.0170825 
-0.454352 0.137217 0.140241 0.135611 0.123008 0.12256 0.100956 0.100912 0.017071 0.0170666 
-0.449035 0.137163 0.140201 0.135622 0.122987 0.122543 0.10092 0.100876 0.0170553 0.017051 
-0.443726 0.137109 0.14016 0.135633 0.122966 0.122527 0.100884 0.10084 0.0170398 0.0170355 
-0.438424 0.137055 0.140119 0.135643 0.122945 0.122511 0.100848 0.100805 0.0170245 0.0170202 
-0.433129 0.137 0.140077 0.135653 0.122924 0.122496 0.100813 0.100771 0.0170094 0.0170052 
-0.427841 0.136946 0.140036 0.135663 0.122903 0.12248 0.100778 0.100736 0.0169945 0.0169903 
-0.42256 0.136891 0.139993 0.135672 0.122882 0.122464 0.100744 0.100702 0.0169797 0.0169756 
-0.417286 0.136836 0.139951 0.135681 0.122861 0.122449 0.10071 0.100669 0.0169652 0.0169612 
-0.412019 0.136781 0.139908 0.13569 0.122841 0.122433 0.100676 0.100636 0.0169509 0.0169469 
-0.406759 0.136725 0.139865 0.135698 0.12282 0.122418 0.100643 0.100603 0.0169367 0.0169328 
-0.401506 0.13667 0.139821 0.135706 0.1228 0.122403 0.10061 0.10057 0.0169228 0.0169189 
-0.396258 0.136614 0.139777 0.135714 0.12278 0.122388 0.100577 0.100538 0.016909 0.0169052 
-0.391018 0.136558 0.139733 0.135722 0.122759 0.122373 0.100545 0.100507 0.0168955 0.0168917 
-0.385784 0.136502 0.139689 0.135729 0.122739 0.122358 0.100513 0.100476 0.0168821 0.0168784 
-0.380556 0.136446 0.139644 0.135736 0.12272 0.122343 0.100482 0.100445 0.0168689 0.0168652 
-0.375334 0.13639 0.139599 0.135742 0.1227 0.122328 0.100451 0.100414 0.0168559 0.0168523 
-0.370118 0.136333 0.139553 0.135749 0.12268 0.122314 0.10042 0.100384 0.0168431 0.0168395 
-0.364908 0.136277 0.139508 0.135755 0.122661 0.1223 0.10039 0.100355 0.0168305 0.016827 
-0.359704 0.13622 0.139462 0.135761 0.122641 0.122285 0.10036 0.100325 0.016818 0.0168146 
-0.354506 0.136164 0.139415 0.135766 0.122622 0.122271 0.100331 0.100296 0.0168058 0.0168024 
-0.349314 0.136107 0.139369 0.135772 0.122603 0.122257 0.100302 0.100268 0.0167937 0.0167904 
-0.344127 0.13605 0.139322 0.135777 0.122584 0.122243 0.100273 0.10024 0.0167818 0.0167785 
-0.338946 0.135993 0.139275 0.135781 0.122565 0.12223 0.100245 0.100212 0.0167702 0.0167669 
-0.333771 0.135936 0.139228 0.135786 0.122547 0.122216 0.100217 0.100185 0.0167587 0.0167554 
-0.3286 0.135878 0.13918 0.13579 0.122528 0.122203 0.10019 0.100158 0.0167473 0.0167442 
-0.323435 0.135821 0.139132 0.135794 0.12251 0.12219 0.100163 0.100132 0.0167362 0.0167331 
-0.318275 0.135764 0.139084 0.135798 0.122492 0.122176 0.100136 0.100105 0.0167252 0.0167222 
-0.313121 0.135706 0.139036 0.135802 0.122474 0.122163 0.10011 0.10008 0.0167145 0.0167115 
-0.307971 0.135649 0.138987 0.135805 0.122456 0.122151 0.100084 0.100055 0.0167039 0.0167009 
-0.302826 0.135591 0.138938 0.135808 0.122438 0.122138 0.100059 0.10003 0.0166935 0.0166905 
-0.297686 0.135533 0.138889 0.135811 0.122421 0.122126 0.100034 0.100005 0.0166832 0.0166804 
-0.292551 0.135475 0.13884 0.135814 0.122403 0.122113 0.100009 0.099981 0.0166732 0.0166704 
-0.28742 0.135417 0.138791 0.135817 0.122386 0.122101 0.0999853 0.0999574 0.0166633 0.0166605 
-0.282294 0.13536 0.138741 0.135819 0.122369 0.122089 0.0999615 0.0999341 0.0166536 0.0166509 
-0.277173 0.135302 0.138691 0.135821 0.122352 0.122077 0.0999381 0.0999112 0.0166441 0.0166414 
-0.272056 0.135244 0.138641 0.135823 0.122335 0.122066 0.0999152 0.0998887 0.0166348 0.0166322 
-0.266943 0.135185 0.138591 0.135825 0.122319 0.122054 0.0998926 0.0998666 0.0166256 0.016623 
-0.261834 0.135127 0.13854 0.135827 0.122303 0.122043 0.0998704 0.099845 0.0166166 0.0166141 
-0.25673 0.135069 0.13849 0.135828 0.122286 0.122032 0.0998486 0.0998237 0.0166078 0.0166054 
-0.25163 0.135011 0.138439 0.135829 0.12227 0.122021 0.0998273 0.0998028 0.0165992 0.0165968 
-0.246533 0.134953 0.138388 0.13583 0.122255 0.12201 0.0998063 0.0997824 0.0165907 0.0165884 
-0.241441 0.134894 0.138336 0.135831 0.122239 0.122 0.0997858 0.0997623 0.0165825 0.0165802 
-0.236352 0.134836 0.138285 0.135832 0.122224 0.121989 0.0997656 0.0997427 0.0165744 0.0165721 
-0.231267 0.134778 0.138233 0.135832 0.122208 0.121979 0.0997459 0.0997235 0.0165664 0.0165642 
-0.226186 0.134719 0.138182 0.135833 0.122193 0.121969 0.0997266 0.0997046 0.0165587 0.0165565 
-0.221108 0.134661 0.13813 0.135833 0.122178 0.121959 0.0997077 0.0996862 0.0165511 0.016549 
-0.216034 0.134603 0.138078 0.135833 0.122164 0.121949 0.0996892 0.0996682 0.0165437 0.0165417 
-0.210964 0.134544 0.138025 0.135833 0.122149 0.12194 0.0996711 0.0996506 0.0165365 0.0165345 
-0.205896 0.134486 0.137973 0.135832 0.122135 0.121931 0.0996534 0.0996334 0.0165294 0.0165275 
-0.200832 0.134427 0.13792 0.135832 0.122121 0.121922 0.0996361 0.0996166 0.0165226 0.0165207 
-0.195771 0.134369 0.137867 0.135831 0.122107 0.121913 0.0996192 0.0996002 0.0165159 0.016514 
-0.190713 0.13431 0.137814 0.13583 0.122093 0.121904 0.0996028 0.0995843 0.0165093 0.0165075 
-0.185658 0.134252 0.137761 0.135829 0.12208 0.121896 0.0995867 0.0995687 0.016503 0.0165012 
-0.180606 0.134193 0.137708 0.135828 0.122066 0.121887 0.0995711 0.0995536 0.0164968 0.0164951 
-0.175557 0.134135 0.137655 0.135827 0.122053 0.121879 0.0995559 0.0995388 0.0164908 0.0164891 
-0.17051 0.134076 0.137601 0.135826 0.12204 0.121871 0.099541 0.0995245 0.0164849 0.0164833 
-0.165466 0.134018 0.137547 0.135824 0.122028 0.121864 0.0995266 0.0995106 0.0164792 0.0164777 
-0.160425 0.133959 0.137494 0.135822 0.122015 0.121856 0.0995126 0.0994971 0.0164737 0.0164722 
-0.155386 0.133901 0.13744 0.135821 0.122003 0.121849 0.0994991 0.099484 0.0164684 0.0164669 
-0.15035 0.133843 0.137385 0.135819 0.121991 0.121842 0.0994859 0.0994713 0.0164632 0.0164618 
-0.145316 0.133784 0.137331 0.135817 0.121979 0.121835 0.0994731 0.099459 0.0164582 0.0164568 
-0.140284 0.133726 0.137277 0.135814 0.121967 0.121828 0.0994608 0.0994472 0.0164534 0.0164521 
-0.135255 0.133667 0.137222 0.135812 0.121956 0.121822 0.0994488 0.0994357 0.0164488 0.0164475 
-0.130228 0.133609 0.137168 0.13581 0.121945 0.121815 0.0994373 0.0994247 0.0164443 0.016443 
-0.125202 0.13355 0.137113 0.135807 0.121934 0.121809 0.0994262 0.0994141 0.0164399 0.0164388 
-0.120179 0.133492 0.137058 0.135804 0.121923 0.121804 0.0994155 0.0994039 0.0164358 0.0164347 
-0.115157 0.133434 0.137003 0.135802 0.121912 0.121798 0.0994052 0.0993941 0.0164318 0.0164307 
-0.110138 0.133375 0.136948 0.135799 0.121902 0.121793 0.0993954 0.0993847 0.016428 0.016427 
-0.10512 0.133317 0.136892 0.135796 0.121892 0.121787 0.0993859 0.0993757 0.0164244 0.0164234 
-0.100103 0.133258 0.136837 0.135792 0.121882 0.121782 0.0993769 0.0993672 0.0164209 0.0164199 
-0.0950886 0.1332 0.136781 0.135789 0.121872 0.121778 0.0993683 0.0993591 0.0164176 0.0164167 
-0.0900753 0.133142 0.136726 0.135786 0.121862 0.121773 0.0993601 0.0993513 0.0164145 0.0164136 
-0.0850634 0.133084 0.13667 0.135782 0.121853 0.121769 0.0993523 0.099344 0.0164115 0.0164107 
-0.0800528 0.133025 0.136614 0.135778 0.121844 0.121764 0.0993449 0.0993371 0.0164087 0.0164079 
-0.0750435 0.132967 0.136558 0.135775 0.121835 0.121761 0.0993379 0.0993306 0.016406 0.0164053 
-0.0700354 0.132909 0.136502 0.135771 0.121826 0.121757 0.0993314 0.0993246 0.0164036 0.0164029 
-0.0650283 0.132851 0.136446 0.135767 0.121818 0.121753 0.0993252 0.0993189 0.0164013 0.0164007 
-0.0600222 0.132793 0.136389 0.135763 0.12181 0.12175 0.0993195 0.0993137 0.0163991 0.0163986 
-0.0550171 0.132735 0.136333 0.135758 0.121802 0.121747 0.0993142 0.0993089 0.0163972 0.0163967 
-0.0500128 0.132677 0.136276 0.135754 0.121794 0.121744 0.0993093 0.0993045 0.0163954 0.0163949 
-0.0450093 0.132619 0.13622 0.13575 0.121786 0.121742 0.0993048 0.0993005 0.0163938 0.0163933 
-0.0400065 0.132561 0.136163 0.135745 0.121779 0.121739 0.0993008 0.0992969 0.0163923 0.0163919 
-0.0350043 0.132503 0.136106 0.13574 0.121772 0.121737 0.0992971 0.0992937 0.016391 0.0163907 
-0.0300027 0.132445 0.136049 0.135736 0.121765 0.121735 0.0992939 0.099291 0.0163899 0.0163896 
-0.0250016 0.132387 0.135992 0.135731 0.121758 0.121733 0.0992911 0.0992886 0.0163889 0.0163887 
-0.0200008 0.132329 0.135935 0.135726 0.121752 0.121732 0.0992887 0.0992867 0.0163881 0.0163879 
-0.0150003 0.132271 0.135877 0.135721 0.121745 0.121731 0.0992867 0.0992852 0.0163875 0.0163873 
-0.0100001 0.132213 0.13582 0.135715 0.121739 0.121729 0.0992851 0.0992841 0.016387 0.0163869 
-0.005 0.132155 0.135762 0.13571 0.121734 0.121729 0.099284 0.0992835 0.0163867 0.0163867 
-1.49411e-16 0.132098 0.135705 0.135705 0.121728 0.121728 0.0992832 0.0992832 0.0163866 0.0163866 
0.005 0.13204 0.135647 0.135699 0.121723 0.121728 0.0992829 0.0992834 0.0163866 0.0163867 
0.0100001 0.131982 0.135589 0.135693 0.121717 0.121727 0.099283 0.099284 0.0163868 0.0163869 
0.0150003 0.131925 0.135531 0.135688 0.121712 0.121727 0.0992835 0.0992849 0.0163872 0.0163873 
0.0200008 0.131867 0.135473 0.135682 0.121708 0.121728 0.0992844 0.0992864 0.0163877 0.0163879 
0.0250016 0.131809 0.135415 0.135676 0.121703 0.121728 0.0992858 0.0992882 0.0163884 0.0163887 
0.0300027 0.131752 0.135356 0.13567 0.121699 0.121729 0.0992875 0.0992904 0.0163893 0.0163896 
0.0350043 0.131694 0.135298 0.135663 0.121695 0.12173 0.0992897 0.0992931 0.0163903 0.0163907 
0.0400065 0.131637 0.135239 0.135657 0.121691 0.121731 0.0992923 0.0992961 0.0163915 0.0163919 
0.0450093 0.131579 0.135181 0.135651 0.121687 0.121732 0.0992953 0.0992996 0.0163929 0.0163933 
0.0500128 0.131522 0.135122 0.135644 0.121684 0.121734 0.0992987 0.0993035 0.0163944 0.0163949 
0.0550171 0.131465 0.135063 0.135637 0.121681 0.121735 0.0993025 0.0993078 0.0163961 0.0163967 
0.0600222 0.131407 0.135004 0.135631 0.121678 0.121737 0.0993067 0.0993126 0.016398 0.0163986 
0.0650283 0.13135 0.134945 0.135624 0.121675 0.12174 0.0993114 0.0993177 0.0164 0.0164007 
0.0700354 0.131293 0.134886 0.135617 0.121672 0.121742 0.0993165 0.0993233 0.0164023 0.0164029 
0.0750435 0.131235 0.134826 0.13561 0.12167 0.121745 0.099322 0.0993292 0.0164046 0.0164053 
0.0800528 0.131178 0.134767 0.135603 0.121668 0.121747 0.0993279 0.0993356 0.0164072 0.0164079 
0.0850634 0.131121 0.134707 0.135595 0.121666 0.121751 0.0993342 0.0993424 0.0164099 0.0164107 
0.0900753 0.131064 0.134648 0.135588 0.121664 0.121754 0.0993409 0.0993496 0.0164127 0.0164136 
0.0950886 0.131006 0.134588 0.13558 0.121663 0.121757 0.099348 0.0993573 0.0164158 0.0164167 
0.100103 0.130949 0.134528 0.135572 0.121662 0.121761 0.0993556 0.0993653 0.016419 0.0164199 
0.10512 0.130892 0.134468 0.135565 0.121661 0.121765 0.0993636 0.0993738 0.0164224 0.0164234 
0.110138 0.130835 0.134408 0.135557 0.12166 0.121769 0.099372 0.0993826 0.0164259 0.016427 
0.115157 0.130778 0.134347 0.135549 0.121659 0.121773 0.0993808 0.0993919 0.0164296 0.0164307 
0.120179 0.130721 0.134287 0.13554 0.121659 0.121778 0.09939 0.0994016 0.0164335 0.0164347 
0.125202 0.130664 0.134226 0.135532 0.121659 0.121783 0.0993996 0.0994117 0.0164376 0.0164388 
0.130228 0.130607 0.134166 0.135524 0.121659 0.121788 0.0994096 0.0994222 0.0164418 0.016443 
0.135255 0.13055 0.134105 0.135515 0.121659 0.121793 0.0994201 0.0994332 0.0164462 0.0164475 
0.140284 0.130493 0.134044 0.135506 0.121659 0.121798 0.0994309 0.0994445 0.0164507 0.0164521 
0.145316 0.130436 0.133983 0.135497 0.12166 0.121804 0.0994422 0.0994563 0.0164555 0.0164568 
0.15035 0.130379 0.133922 0.135488 0.121661 0.12181 0.0994539 0.0994685 0.0164604 0.0164618 
0.155386 0.130322 0.13386 0.135479 0.121662 0.121816 0.099466 0.099481 0.0164654 0.0164669 
0.160425 0.130265 0.133799 0.13547 0.121663 0.121822 0.0994785 0.099494 0.0164707 0.0164722 
0.165466 0.130208 0.133737 0.135461 0.121664 0.121828 0.0994914 0.0995074 0.0164761 0.0164777 
0.17051 0.130151 0.133676 0.135451 0.121666 0.121835 0.0995047 0.0995213 0.0164817 0.0164833 
0.175557 0.130094 0.133614 0.135441 0.121668 0.121842 0.0995185 0.0995355 0.0164874 0.0164891 
0.180606 0.130037 0.133552 0.135431 0.12167 0.121849 0.0995326 0.0995501 0.0164933 0.0164951 
0.185658 0.12998 0.13349 0.135421 0.121672 0.121856 0.0995472 0.0995652 0.0164994 0.0165012 
0.190713 0.129923 0.133427 0.135411 0.121674 0.121863 0.0995622 0.0995806 0.0165057 0.0165075 
0.195771 0.129866 0.133365 0.135401 0.121677 0.121871 0.0995775 0.0995965 0.0165121 0.016514 
0.200832 0.129809 0.133302 0.135391 0.12168 0.121879 0.0995933 0.0996128 0.0165187 0.0165207 
0.205896 0.129752 0.133239 0.13538 0.121683 0.121887 0.0996095 0.0996295 0.0165255 0.0165275 
0.210964 0.129695 0.133176 0.135369 0.121686 0.121895 0.0996261 0.0996466 0.0165325 0.0165345 
0.216034 0.129638 0.133113 0.135358 0.121689 0.121903 0.0996431 0.0996641 0.0165396 0.0165417 
0.221108 0.129581 0.13305 0.135347 0.121693 0.121912 0.0996605 0.099682 0.0165469 0.016549 
0.226186 0.129524 0.132987 0.135336 0.121696 0.121921 0.0996784 0.0997003 0.0165544 0.0165565 
0.231267 0.129467 0.132923 0.135324 0.1217 0.12193 0.0996966 0.0997191 0.016562 0.0165642 
0.236352 0.12941 0.132859 0.135313 0.121704 0.121939 0.0997152 0.0997382 0.0165699 0.0165721 
0.241441 0.129353 0.132795 0.135301 0.121709 0.121948 0.0997343 0.0997577 0.0165779 0.0165802 
0.246533 0.129296 0.132731 0.135289 0.121713 0.121958 0.0997537 0.0997777 0.016586 0.0165884 
0.25163 0.129239 0.132667 0.135277 0.121718 0.121967 0.0997736 0.099798 0.0165944 0.0165968 
0.25673 0.129182 0.132603 0.135264 0.121723 0.121977 0.0997939 0.0998188 0.0166029 0.0166054 
0.261834 0.129125 0.132538 0.135252 0.121728 0.121987 0.0998145 0.09984 0.0166116 0.0166141 
0.266943 0.129068 0.132473 0.135239 0.121733 0.121997 0.0998356 0.0998615 0.0166205 0.016623 
0.272056 0.12901 0.132408 0.135226 0.121738 0.122008 0.0998571 0.0998835 0.0166296 0.0166322 
0.277173 0.128953 0.132343 0.135213 0.121744 0.122018 0.0998789 0.0999059 0.0166388 0.0166414 
0.282294 0.128896 0.132277 0.135199 0.121749 0.122029 0.0999012 0.0999287 0.0166482 0.0166509 
0.28742 0.128839 0.132212 0.135186 0.121755 0.12204 0.0999239 0.0999519 0.0166578 0.0166605 
0.292551 0.128781 0.132146 0.135172 0.121761 0.122051 0.099947 0.0999754 0.0166676 0.0166704 
0.297686 0.128724 0.13208 0.135158 0.121767 0.122062 0.0999705 0.0999994 0.0166775 0.0166804 
0.302826 0.128666 0.132014 0.135144 0.121773 0.122073 0.0999944 0.100024 0.0166876 0.0166905 
0.307971 0.128609 0.131947 0.135129 0.12178 0.122085 0.100019 0.100049 0.016698 0.0167009 
0.313121 0.128551 0.131881 0.135115 0.121786 0.122097 0.100043 0.100074 0.0167084 0.0167115 
0.318275 0.128493 0.131814 0.1351 0.121793 0.122108 0.100068 0.100099 0.0167191 0.0167222 
0.323435 0.128436 0.131747 0.135085 0.1218 0.12212 0.100094 0.100125 0.01673 0.0167331 
0.3286 0.128378 0.131679 0.135069 0.121807 0.122132 0.10012 0.100152 0.016741 0.0167442 
0.333771 0.12832 0.131612 0.135054 0.121814 0.122145 0.100146 0.100179 0.0167522 0.0167554 
0.338946 0.128262 0.131544 0.135038 0.121822 0.122157 0.100173 0.100206 0.0167636 0.0167669 
0.344127 0.128204 0.131476 0.135022 0.121829 0.12217 0.1002 0.100233 0.0167752 0.0167785 
0.349314 0.128146 0.131408 0.135005 0.121837 0.122182 0.100227 0.100261 0.016787 0.0167904 
0.354506 0.128088 0.131339 0.134989 0.121844 0.122195 0.100255 0.10029 0.016799 0.0168024 
0.359704 0.128029 0.131271 0.134972 0.121852 0.122208 0.100283 0.100318 0.0168111 0.0168146 
0.364908 0.127971 0.131202 0.134954 0.12186 0.122221 0.100312 0.100348 0.0168234 0.016827 
0.370118 0.127913 0.131132 0.134937 0.121868 0.122235 0.100341 0.100377 0.016836 0.0168395 
0.375334 0.127854 0.131063 0.134919 0.121877 0.122248 0.10037 0.100407 0.0168487 0.0168523 
0.380556 0.127796 0.130993 0.134901 0.121885 0.122261 0.1004 0.100437 0.0168616 0.0168652 
0.385784 0.127737 0.130923 0.134883 0.121893 0.122275 0.100431 0.100468 0.0168746 0.0168784 
0.391018 0.127678 0.130853 0.134864 0.121902 0.122289 0.100461 0.100499 0.0168879 0.0168917 
0.396258 0.127619 0.130782 0.134845 0.121911 0.122303 0.100492 0.100531 0.0169014 0.0169052 
0.401506 0.12756 0.130711 0.134826 0.12192 0.122317 0.100524 0.100563 0.016915 0.0169189 
0.406759 0.127501 0.13064 0.134807 0.121928 0.122331 0.100555 0.100595 0.0169289 0.0169328 
0.412019 0.127441 0.130569 0.134787 0.121938 0.122345 0.100587 0.100628 0.0169429 0.0169469 
0.417286 0.127382 0.130497 0.134767 0.121947 0.122359 0.10062 0.100661 0.0169571 0.0169612 
0.42256 0.127322 0.130425 0.134746 0.121956 0.122374 0.100653 0.100694 0.0169716 0.0169756 
0.427841 0.127263 0.130353 0.134725 0.121965 0.122388 0.100686 0.100728 0.0169862 0.0169903 
0.433129 0.127203 0.13028 0.134704 0.121975 0.122403 0.10072 0.100762 0.017001 0.0170052 
0.438424 0.127143 0.130207 0.134683 0.121984 0.122417 0.100754 0.100797 0.017016 0.0170202 
0.443726 0.127083 0.130134 0.134661 0.121994 0.122432 0.100788 0.100832 0.0170312 0.0170355 
0.449035 0.127023 0.13006 0.134639 0.122003 0.122447 0.100823 0.100867 0.0170466 0.017051 
0.454352 0.126962 0.129986 0.134616 0.122013 0.122462 0.100859 0.100903 0.0170622 0.0170666 
0.459676 0.126902 0.129912 0.134593 0.122023 0.122477 0.100894 0.100939 0.017078 0.0170825 
0.465008 0.126841 0.129837 0.13457 0.122033 0.122492 0.10093 0.100976 0.017094 0.0170985 
0.470348 0.12678 0.129762 0.134546 0.122043 0.122507 0.100966 0.101013 0.0171102 0.0171148 
0.475695 0.126719 0.129687 0.134522 0.122053 0.122522 0.101003 0.10105 0.0171266 0.0171312 
0.481051 0.126657 0.129611 0.134498 0.122063 0.122538 0.10104 0.101087 0.0171432 0.0171479 
0.486414 0.126596 0.129535 0.134473 0.122073 0.122553 0.101078 0.101125 0.01716 0.0171647 
0.491786 0.126534 0.129459 0.134448 0.122083 0.122568 0.101116 0.101164 0.017177 0.0171818 
0.497165 0.126473 0.129382 0.134422 0.122093 0.122584 0.101154 0.101203 0.0171942 0.017199 
0.502553 0.126411 0.129305 0.134396 0.122104 0.122599 0.101193 0.101242 0.0172116 0.0172165 
0.50795 0.126348 0.129228 0.134369 0.122114 0.122615 0.101231 0.101281 0.0172292 0.0172342 
0.513355 0.126286 0.12915 0.134342 0.122124 0.12263 0.101271 0.101321 0.0172471 0.0172521 
0.518768 0.126223 0.129071 0.134315 0.122135 0.122646 0.101311 0.101361 0.0172651 0.0172702 
0.52419 0.126161 0.128993 0.134287 0.122145 0.122662 0.101351 0.101402 0.0172833 0.0172885 
0.529622 0.126097 0.128914 0.134259 0.122156 0.122677 0.101391 0.101443 0.0173018 0.017307 
0.535062 0.126034 0.128834 0.13423 0.122166 0.122693 0.101432 0.101484 0.0173205 0.0173257 
0.540511 0.125971 0.128754 0.134201 0.122177 0.122709 0.101473 0.101526 0.0173393 0.0173446 
0.545969 0.125907 0.128674 0.134171 0.122187 0.122725 0.101515 0.101568 0.0173584 0.0173638 
0.551437 0.125843 0.128593 0.134141 0.122198 0.12274 0.101557 0.101611 0.0173777 0.0173831 
0.556913 0.125779 0.128512 0.13411 0.122208 0.122756 0.101599 0.101654 0.0173973 0.0174027 
0.5624 0.125714 0.12843 0.134079 0.122219 0.122772 0.101641 0.101697 0.017417 0.0174225 
0.567896 0.125649 0.128348 0.134047 0.122229 0.122788 0.101684 0.10174 0.0174369 0.0174425 
0.573402 0.125584 0.128266 0.134015 0.12224 0.122804 0.101728 0.101784 0.0174571 0.0174627 
0.578917 0.125519 0.128182 0.133982 0.12225 0.122819 0.101771 0.101828 0.0174775 0.0174832 
0.584442 0.125454 0.128099 0.133949 0.12226 0.122835 0.101816 0.101873 0.0174981 0.0175038 
0.589978 0.125388 0.128015 0.133915 0.122271 0.122851 0.10186 0.101918 0.0175189 0.0175247 
0.595524 0.125322 0.127931 0.133881 0.122281 0.122867 0.101905 0.101963 0.01754 0.0175458 
0.601079 0.125255 0.127846 0.133846 0.122292 0.122882 0.10195 0.102009 0.0175612 0.0175672 
0.606646 0.125189 0.12776 0.133811 0.122302 0.122898 0.101995 0.102055 0.0175827 0.0175887 
0.612222 0.125122 0.127674 0.133775 0.122312 0.122913 0.102041 0.102101 0.0176045 0.0176105 
0.61781 0.125054 0.127588 0.133738 0.122322 0.122929 0.102087 0.102148 0.0176264 0.0176325 
0.623408 0.124987 0.127501 0.133701 0.122333 0.122945 0.102134 0.102195 0.0176486 0.0176547 
0.629017 0.124919 0.127414 0.133663 0.122343 0.12296 0.102181 0.102243 0.017671 0.0176772 
0.634637 0.124851 0.127326 0.133625 0.122353 0.122975 0.102228 0.10229 0.0176936 0.0176999 
0.640268 0.124782 0.127237 0.133586 0.122363 0.122991 0.102275 0.102338 0.0177165 0.0177228 
0.64591 0.124713 0.127148 0.133546 0.122373 0.123006 0.102323 0.102387 0.0177396 0.017746 
0.651564 0.124644 0.127058 0.133506 0.122383 0.123021 0.102371 0.102436 0.0177629 0.0177694 
0.657229 0.124574 0.126968 0.133465 0.122392 0.123036 0.10242 0.102485 0.0177865 0.017793 
0.662905 0.124504 0.126877 0.133423 0.122402 0.123051 0.102469 0.102534 0.0178103 0.0178169 
0.668593 0.124434 0.126786 0.133381 0.122411 0.123066 0.102518 0.102584 0.0178343 0.017841 
0.674294 0.124363 0.126694 0.133338 0.122421 0.123081 0.102567 0.102634 0.0178586 0.0178653 
0.680006 0.124292 0.126602 0.133295 0.12243 0.123096 0.102617 0.102685 0.0178831 0.0178899 
0.68573 0.124221 0.126509 0.13325 0.122439 0.12311 0.102667 0.102735 0.0179079 0.0179147 
0.691466 0.124149 0.126415 0.133205 0.122449 0.123125 0.102718 0.102786 0.0179329 0.0179398 
0.697215 0.124077 0.126321 0.13316 0.122457 0.123139 0.102769 0.102838 0.0179582 0.0179651 
0.702976 0.124004 0.126226 0.133113 0.122466 0.123153 0.10282 0.10289 0.0179837 0.0179907 
0.70875 0.123931 0.12613 0.133066 0.122475 0.123167 0.102871 0.102942 0.0180094 0.0180165 
0.714536 0.123857 0.126034 0.133018 0.122484 0.123181 0.102923 0.102994 0.0180354 0.0180425 
0.720335 0.123784 0.125937 0.132969 0.122492 0.123195 0.102975 0.103047 0.0180616 0.0180688 
0.726148 0.123709 0.12584 0.13292 0.1225 0.123209 0.103028 0.1031 0.0180881 0.0180954 
0.731973 0.123634 0.125742 0.13287 0.122508 0.123222 0.103081 0.103153 0.0181149 0.0181222 
0.737812 0.123559 0.125643 0.132819 0.122516 0.123236 0.103134 0.103207 0.0181419 0.0181493 
0.743664 0.123484 0.125543 0.132767 0.122524 0.123249 0.103187 0.103261 0.0181691 0.0181766 
0.749529 0.123407 0.125443 0.132714 0.122531 0.123262 0.103241 0.103315 0.0181967 0.0182042 
0.755409 0.123331 0.125342 0.132661 0.122539 0.123274 0.103295 0.10337 0.0182244 0.018232 
0.761302 0.123254 0.125241 0.132606 0.122546 0.123287 0.103349 0.103424 0.0182525 0.0182601 
0.767209 0.123176 0.125139 0.132551 0.122553 0.123299 0.103403 0.10348 0.0182808 0.0182885 
0.77313 0.123098 0.125036 0.132495 0.122559 0.123311 0.103458 0.103535 0.0183093 0.0183171 
0.779065 0.12302 0.124932 0.132438 0.122566 0.123323 0.103513 0.103591 0.0183382 0.018346 
0.785015 0.122941 0.124828 0.13238 0.122572 0.123335 0.103569 0.103647 0.0183673 0.0183752 
0.790979 0.122861 0.124722 0.132322 0.122578 0.123347 0.103625 0.103703 0.0183966 0.0184046 
0.796958 0.122781 0.124617 0.132262 0.122584 0.123358 0.103681 0.10376 0.0184263 0.0184343 
0.802952 0.1227 0.12451 0.132202 0.122589 0.123369 0.103737 0.103817 0.0184562 0.0184643 
0.808961 0.122619 0.124402 0.13214 0.122595 0.123379 0.103794 0.103874 0.0184864 0.0184945 
0.814984 0.122537 0.124294 0.132078 0.1226 0.12339 0.103851 0.103932 0.0185168 0.0185251 
0.821023 0.122455 0.124185 0.132014 0.122604 0.1234 0.103908 0.10399 0.0185476 0.0185559 
0.827078 0.122372 0.124075 0.13195 0.122609 0.12341 0.103965 0.104048 0.0185786 0.018587 
0.833148 0.122289 0.123965 0.131885 0.122613 0.12342 0.104023 0.104106 0.0186099 0.0186183 
0.839234 0.122205 0.123853 0.131819 0.122617 0.123429 0.104081 0.104165 0.0186415 0.01865 
0.845336 0.12212 0.123741 0.131751 0.12262 0.123438 0.104139 0.104224 0.0186733 0.0186819 
0.851453 0.122035 0.123628 0.131683 0.122624 0.123447 0.104198 0.104283 0.0187055 0.0187142 
0.857587 0.12195 0.123514 0.131614 0.122626 0.123455 0.104257 0.104342 0.018738 0.0187467 
0.863738 0.121863 0.123399 0.131543 0.122629 0.123463 0.104316 0.104402 0.0187707 0.0187795 
0.869904 0.121776 0.123283 0.131472 0.122631 0.123471 0.104375 0.104462 0.0188037 0.0188126 
0.876088 0.121689 0.123167 0.131399 0.122633 0.123478 0.104435 0.104522 0.0188371 0.018846 
0.882288 0.1216 0.12305 0.131325 0.122635 0.123485 0.104495 0.104583 0.0188707 0.0188797 
0.888506 0.121511 0.122931 0.13125 0.122636 0.123492 0.104555 0.104643 0.0189046 0.0189137 
0.89474 0.121422 0.122812 0.131175 0.122636 0.123498 0.104615 0.104704 0.0189388 0.018948 
0.900992 0.121332 0.122692 0.131098 0.122637 0.123504 0.104676 0.104766 0.0189734 0.0189826 
0.907261 0.121241 0.122571 0.131019 0.122637 0.123509 0.104736 0.104827 0.0190082 0.0190175 
0.913549 0.121149 0.122449 0.13094 0.122636 0.123514 0.104797 0.104889 0.0190434 0.0190527 
0.919853 0.121057 0.122326 0.130859 0.122635 0.123519 0.104859 0.104951 0.0190788 0.0190883 
0.926177 0.120964 0.122202 0.130778 0.122634 0.123523 0.10492 0.105013 0.0191146 0.0191241 
0.932518 0.12087 0.122077 0.130695 0.122632 0.123527 0.104982 0.105076 0.0191507 0.0191603 
0.938877 0.120776 0.121951 0.13061 0.12263 0.12353 0.105044 0.105138 0.0191871 0.0191968 
0.945256 0.12068 0.121824 0.130525 0.122628 0.123533 0.105106 0.105201 0.0192238 0.0192336 
0.951652 0.120585 0.121696 0.130438 0.122625 0.123535 0.105169 0.105264 0.0192609 0.0192707 
0.958068 0.120488 0.121568 0.13035 0.122621 0.123537 0.105231 0.105328 0.0192982 0.0193081 
0.964503 0.12039 0.121438 0.130261 0.122617 0.123539 0.105294 0.105391 0.0193359 0.0193459 
0.970958 0.120292 0.121307 0.13017 0.122612 0.12354 0.105357 0.105455 0.019374 0.019384 
0.977431 0.120193 0.121175 0.130078 0.122607 0.12354 0.105421 0.105519 0.0194123 0.0194224 
0.983925 0.120093 0.121042 0.129985 0.122602 0.12354 0.105484 0.105583 0.019451 0.0194612 
0.990438 0.119993 0.120908 0.12989 0.122596 0.123539 0.105548 0.105647 0.0194901 0.0195003 
0.996972 0.119891 0.120773 0.129794 0.122589 0.123538 0.105612 0.105712 0.0195294 0.0195398 
1.00353 0.119789 0.120636 0.129697 0.122582 0.123537 0.105676 0.105777 0.0195691 0.0195796 
1.0101 0.119686 0.120499 0.129598 0.122574 0.123534 0.10574 0.105842 0.0196092 0.0196197 
1.01669 0.119582 0.120361 0.129498 0.122566 0.123531 0.105805 0.105907 0.0196496 0.0196602 
1.02331 0.119478 0.120221 0.129396 0.122557 0.123528 0.105869 0.105972 0.0196904 0.019701 
1.02995 0.119372 0.12008 0.129293 0.122547 0.123524 0.105934 0.106038 0.0197315 0.0197422 
1.0366 0.119265 0.119939 0.129188 0.122537 0.123519 0.105999 0.106104 0.019773 0.0197838 
1.04328 0.119158 0.119796 0.129082 0.122526 0.123514 0.106064 0.106169 0.0198148 0.0198257 
1.04999 0.11905 0.119651 0.128974 0.122515 0.123508 0.10613 0.106235 0.019857 0.019868 
1.05671 0.118941 0.119506 0.128865 0.122503 0.123501 0.106195 0.106302 0.0198995 0.0199106 
1.06345 0.11883 0.11936 0.128754 0.12249 0.123494 0.106261 0.106368 0.0199425 0.0199536 
1.07022 0.118719 0.119212 0.128641 0.122477 0.123486 0.106327 0.106435 0.0199858 0.019997 
1.07701 0.118607 0.119063 0.128527 0.122463 0.123478 0.106393 0.106501 0.0200294 0.0200408 
1.08382 0.118494 0.118913 0.128412 0.122448 0.123468 0.106459 0.106568 0.0200735 0.0200849 
1.09066 0.11838 0.118762 0.128294 0.122433 0.123458 0.106525 0.106635 0.0201179 0.0201294 
1.09752 0.118266 0.118609 0.128175 0.122416 0.123447 0.106591 0.106702 0.0201627 0.0201743 
1.1044 0.11815 0.118455 0.128055 0.122399 0.123436 0.106658 0.106769 0.0202079 0.0202196 
1.11131 0.118033 0.1183 0.127933 0.122382 0.123424 0.106725 0.106837 0.0202535 0.0202653 
1.11824 0.117915 0.118144 0.127809 0.122363 0.123411 0.106791 0.106904 0.0202995 0.0203113 
1.12519 0.117796 0.117986 0.127683 0.122344 0.123397 0.106858 0.106972 0.0203459 0.0203578 
1.13217 0.117676 0.117827 0.127555 0.122324 0.123382 0.106925 0.10704 0.0203927 0.0204047 
1.13917 0.117555 0.117666 0.127426 0.122303 0.123367 0.106992 0.107107 0.0204398 0.0204519 
1.1462 0.117433 0.117505 0.127295 0.122282 0.12335 0.107059 0.107175 0.0204874 0.0204996 
1.15325 0.11731 0.117342 0.127162 0.122259 0.123333 0.107127 0.107243 0.0205354 0.0205477 
1.16033 0.117186 0.117177 0.127027 0.122236 0.123315 0.107194 0.107312 0.0205839 0.0205962 
1.16743 0.11706 0.117012 0.126891 0.122212 0.123296 0.107262 0.10738 0.0206327 0.0206451 
1.17456 0.116934 0.116844 0.126752 0.122186 0.123277 0.107329 0.107448 0.020682 0.0206945 
1.18172 0.116806 0.116676 0.126612 0.122161 0.123256 0.107397 0.107516 0.0207316 0.0207443 
1.1889 0.116678 0.116506 0.126469 0.122134 0.123234 0.107465 0.107585 0.0207817 0.0207945 
1.19611 0.116548 0.116335 0.126325 0.122106 0.123212 0.107532 0.107653 0.0208323 0.0208451 
1.20334 0.116417 0.116162 0.126179 0.122077 0.123188 0.1076 0.107722 0.0208833 0.0208962 
1.21061 0.116285 0.115988 0.12603 0.122047 0.123164 0.107668 0.107791 0.0209347 0.0209477 
1.2179 0.116151 0.115812 0.12588 0.122017 0.123138 0.107736 0.107859 0.0209866 0.0209997 
1.22521 0.116017 0.115635 0.125728 0.121985 0.123112 0.107804 0.107928 0.0210389 0.0210521 
1.23256 0.115881 0.115456 0.125573 0.121952 0.123084 0.107872 0.107997 0.0210917 0.0211049 
1.23993 0.115744 0.115276 0.125417 0.121919 0.123056 0.10794 0.108066 0.0211449 0.0211583 
1.24733 0.115606 0.115095 0.125258 0.121884 0.123026 0.108008 0.108135 0.0211986 0.021212 
1.25476 0.115466 0.114912 0.125098 0.121848 0.122996 0.108076 0.108203 0.0212527 0.0212663 
1.26222 0.115326 0.114727 0.124935 0.121811 0.122964 0.108144 0.108272 0.0213074 0.021321 
1.26971 0.115184 0.114541 0.12477 0.121773 0.122931 0.108212 0.108341 0.0213625 0.0213762 
1.27723 0.11504 0.114353 0.124602 0.121734 0.122897 0.108281 0.10841 0.021418 0.0214319 
1.28478 0.114896 0.114164 0.124433 0.121694 0.122862 0.108349 0.108479 0.0214741 0.0214881 
1.29236 0.11475 0.113973 0.124261 0.121653 0.122826 0.108417 0.108548 0.0215307 0.0215447 
1.29997 0.114603 0.11378 0.124087 0.12161 0.122788 0.108485 0.108617 0.0215877 0.0216019 
1.30761 0.114454 0.113586 0.123911 0.121566 0.12275 0.108553 0.108686 0.0216453 0.0216595 
1.31528 0.114304 0.11339 0.123732 0.121521 0.12271 0.108621 0.108754 0.0217033 0.0217177 
1.32298 0.114153 0.113193 0.123551 0.121475 0.122669 0.108689 0.108823 0.0217619 0.0217763 
1.33071 0.114 0.112994 0.123368 0.121428 0.122626 0.108757 0.108892 0.0218209 0.0218355 
1.33848 0.113846 0.112793 0.123182 0.121379 0.122582 0.108825 0.10896 0.0218805 0.0218952 
1.34628 0.11369 0.112591 0.122993 0.121329 0.122537 0.108892 0.109029 0.0219406 0.0219554 
1.35411 0.113533 0.112387 0.122803 0.121278 0.122491 0.10896 0.109098 0.0220013 0.0220161 
1.36197 0.113375 0.112182 0.122609 0.121226 0.122444 0.109028 0.109166 0.0220624 0.0220774 
1.36987 0.113215 0.111974 0.122414 0.121172 0.122394 0.109095 0.109234 0.0221241 0.0221392 
1.3778 0.113054 0.111765 0.122215 0.121116 0.122344 0.109163 0.109303 0.0221864 0.0222016 
1.38576 0.112891 0.111554 0.122015 0.12106 0.122292 0.10923 0.109371 0.0222492 0.0222645 
1.39376 0.112727 0.111342 0.121811 0.121002 0.122239 0.109297 0.109439 0.0223126 0.0223279 
1.4018 0.112561 0.111127 0.121605 0.120942 0.122184 0.109364 0.109507 0.0223765 0.022392 
1.40987 0.112393 0.110911 0.121396 0.120881 0.122128 0.109431 0.109575 0.022441 0.0224566 
1.41797 0.112224 0.110693 0.121185 0.120819 0.12207 0.109498 0.109642 0.022506 0.0225217 
1.42611 0.112054 0.110474 0.120971 0.120755 0.122011 0.109565 0.10971 0.0225717 0.0225875 
1.43429 0.111882 0.110252 0.120754 0.12069 0.12195 0.109631 0.109777 0.0226379 0.0226538 
1.4425 0.111708 0.110029 0.120535 0.120623 0.121888 0.109698 0.109845 0.0227047 0.0227207 
1.45075 0.111533 0.109804 0.120312 0.120554 0.121824 0.109764 0.109912 0.0227721 0.0227883 
1.45904 0.111356 0.109577 0.120087 0.120484 0.121759 0.10983 0.109979 0.0228401 0.0228564 
1.46736 0.111178 0.109348 0.119859 0.120413 0.121691 0.109896 0.110045 0.0229087 0.0229251 
1.47573 0.110998 0.109118 0.119628 0.120339 0.121622 0.109962 0.110112 0.0229779 0.0229945 
1.48413 0.110816 0.108885 0.119395 0.120264 0.121552 0.110027 0.110178 0.0230478 0.0230644 
1.49257 0.110632 0.108651 0.119158 0.120188 0.12148 0.110092 0.110244 0.0231183 0.023135 
1.50105 0.110447 0.108414 0.118918 0.12011 0.121406 0.110157 0.11031 0.0231894 0.0232063 
1.50957 0.11026 0.108176 0.118676 0.120029 0.12133 0.110222 0.110376 0.0232612 0.0232781 
1.51812 0.110072 0.107936 0.11843 0.119948 0.121252 0.110287 0.110441 0.0233336 0.0233507 
1.52672 0.109881 0.107694 0.118181 0.119864 0.121173 0.110351 0.110506 0.0234066 0.0234239 
1.53536 0.109689 0.10745 0.117929 0.119779 0.121092 0.110415 0.110571 0.0234804 0.0234977 
1.54404 0.109495 0.107204 0.117675 0.119692 0.121009 0.110478 0.110635 0.0235548 0.0235722 
1.55277 0.109299 0.106956 0.117417 0.119602 0.120924 0.110542 0.1107 0.0236299 0.0236474 
1.56153 0.109102 0.106706 0.117155 0.119512 0.120837 0.110605 0.110764 0.0237056 0.0237233 
1.57034 0.108903 0.106454 0.116891 0.119419 0.120748 0.110668 0.110827 0.0237821 0.0237999 
1.57919 0.108702 0.106201 0.116623 0.119324 0.120657 0.11073 0.110891 0.0238592 0.0238772 
1.58809 0.108499 0.105945 0.116353 0.119227 0.120564 0.110792 0.110954 0.0239371 0.0239552 
1.59703 0.108294 0.105687 0.116078 0.119128 0.120469 0.110854 0.111016 0.0240157 0.0240339 
1.60601 0.108087 0.105427 0.115801 0.119028 0.120372 0.110915 0.111079 0.024095 0.0241133 
1.61504 0.107878 0.105165 0.11552 0.118925 0.120273 0.110976 0.11114 0.024175 0.0241935 
1.62411 0.107668 0.104901 0.115236 0.11882 0.120171 0.111037 0.111202 0.0242558 0.0242744 
1.63323 0.107455 0.104635 0.114949 0.118713 0.120068 0.111097 0.111263 0.0243374 0.0243561 
1.64239 0.107241 0.104367 0.114658 0.118604 0.119962 0.111157 0.111324 0.0244197 0.0244385 
1.65161 0.107024 0.104097 0.114363 0.118493 0.119855 0.111217 0.111384 0.0245027 0.0245217 
1.66087 0.106806 0.103825 0.114065 0.118379 0.119744 0.111275 0.111444 0.0245866 0.0246057 
1.67017 0.106586 0.103551 0.113764 0.118263 0.119632 0.111334 0.111503 0.0246712 0.0246904 
1.67953 0.106363 0.103274 0.113458 0.118145 0.119517 0.111392 0.111562 0.0247566 0.024776 
1.68894 0.106139 0.102996 0.11315 0.118025 0.1194 0.11145 0.111621 0.0248428 0.0248623 
1.69839 0.105912 0.102715 0.112838 0.117902 0.119281 0.111507 0.111679 0.0249299 0.0249495 
1.70789 0.105684 0.102433 0.112522 0.117778 0.119159 0.111563 0.111736 0.0250177 0.0250375 
1.71745 0.105453 0.102148 0.112202 0.11765 0.119034 0.111619 0.111793 0.0251064 0.0251263 
1.72706 0.105221 0.101861 0.111879 0.11752 0.118907 0.111675 0.11185 0.0251959 0.025216 
1.73671 0.104986 0.101572 0.111552 0.117388 0.118778 0.11173 0.111905 0.0252863 0.0253065 
1.74642 0.104749 0.101281 0.111221 0.117254 0.118646 0.111784 0.111961 0.0253776 0.0253979 
1.75619 0.10451 0.100987 0.110886 0.117116 0.118512 0.111838 0.112015 0.0254697 0.0254902 
1.766 0.104269 0.100692 0.110548 0.116977 0.118374 0.111891 0.11207 0.0255627 0.0255833 
1.77587 0.104026 0.100394 0.110205 0.116834 0.118234 0.111943 0.112123 0.0256566 0.0256774 
1.7858 0.10378 0.100095 0.109859 0.116689 0.118092 0.111995 0.112176 0.0257514 0.0257724 
1.79578 0.103532 0.0997928 0.109509 0.116542 0.117947 0.112047 0.112228 0.0258471 0.0258682 
1.80581 0.103282 0.0994888 0.109155 0.116391 0.117799 0.112097 0.11228 0.0259438 0.025965 
1.81591 0.10303 0.0991825 0.108796 0.116238 0.117648 0.112147 0.11233 0.0260414 0.0260628 
1.82606 0.102776 0.0988742 0.108434 0.116083 0.117494 0.112196 0.112381 0.0261399 0.0261615 
1.83626 0.102519 0.0985636 0.108068 0.115924 0.117337 0.112245 0.11243 0.0262394 0.0262611 
1.84653 0.10226 0.0982509 0.107698 0.115763 0.117177 0.112293 0.112479 0.0263399 0.0263618 
1.85685 0.101999 0.097936 0.107323 0.115598 0.117015 0.11234 0.112527 0.0264414 0.0264634 
1.86724 0.101735 0.0976189 0.106945 0.115431 0.116849 0.112386 0.112574 0.0265439 0.026566 
1.87768 0.10147 0.0972997 0.106562 0.115261 0.116681 0.112431 0.11262 0.0266474 0.0266697 
1.88819 0.101201 0.0969783 0.106175 0.115088 0.116509 0.112476 0.112666 0.0267519 0.0267743 
1.89876 0.100931 0.0966547 0.105784 0.114911 0.116334 0.11252 0.11271 0.0268574 0.0268801 
1.90939 0.100658 0.096329 0.105388 0.114732 0.116156 0.112562 0.112754 0.026964 0.0269868 
1.92008 0.100383 0.0960011 0.104989 0.11455 0.115974 0.112604 0.112797 0.0270717 0.0270947 
1.93084 0.100105 0.095671 0.104585 0.114364 0.11579 0.112646 0.112839 0.0271805 0.0272036 
1.94166 0.0998247 0.0953388 0.104176 0.114175 0.115602 0.112686 0.112881 0.0272903 0.0273136 
1.95255 0.0995422 0.0950044 0.103764 0.113983 0.115411 0.112725 0.112921 0.0274013 0.0274247 
1.9635 0.0992572 0.0946679 0.103347 0.113788 0.115216 0.112763 0.11296 0.0275133 0.027537 
1.97452 0.0989697 0.0943292 0.102925 0.113589 0.115018 0.112801 0.112998 0.0276266 0.0276503 
1.98561 0.0986798 0.0939884 0.102499 0.113388 0.114816 0.112837 0.113036 0.0277409 0.0277649 
1.99677 0.0983874 0.0936454 0.102069 0.113182 0.114611 0.112872 0.113072 0.0278565 0.0278806 
2.00799 0.0980925 0.0933003 0.101634 0.112973 0.114402 0.112906 0.113107 0.0279732 0.0279975 
2.01929 0.0977952 0.0929531 0.101194 0.112761 0.11419 0.11294 0.113141 0.0280911 0.0281156 
2.03066 0.0974952 0.0926038 0.10075 0.112545 0.113974 0.112972 0.113174 0.0282103 0.0282349 
2.0421 0.0971928 0.0922524 0.100302 0.112326 0.113754 0.113002 0.113206 0.0283306 0.0283555 
2.05361 0.0968878 0.0918989 0.0998485 0.112103 0.11353 0.113032 0.113237 0.0284523 0.0284773 
2.06519 0.0965802 0.0915433 0.0993907 0.111876 0.113303 0.113061 0.113266 0.0285752 0.0286003 
2.07685 0.0962701 0.0911857 0.0989283 0.111645 0.113071 0.113088 0.113294 0.0286993 0.0287247 
2.08859 0.0959573 0.090826 0.0984612 0.111411 0.112836 0.113114 0.113321 0.0288248 0.0288504 
2.1004 0.095642 0.0904643 0.0979895 0.111173 0.112597 0.113139 0.113347 0.0289516 0.0289773 
2.11229 0.095324 0.0901005 0.097513 0.110931 0.112353 0.113162 0.113372 0.0290797 0.0291057 
2.12426 0.0950035 0.0897347 0.0970319 0.110685 0.112106 0.113185 0.113395 0.0292092 0.0292354 
2.13631 0.0946803 0.089367 0.096546 0.110435 0.111854 0.113205 0.113417 0.0293401 0.0293664 
2.14844 0.0943544 0.0889972 0.0960553 0.110181 0.111599 0.113225 0.113437 0.0294724 0.0294989 
2.16064 0.0940259 0.0886255 0.0955599 0.109923 0.111339 0.113243 0.113456 0.029606 0.0296327 
2.17294 0.0936947 0.0882519 0.0950598 0.109661 0.111074 0.113259 0.113474 0.0297412 0.029768 
2.18531 0.0933609 0.0878764 0.0945548 0.109395 0.110806 0.113275 0.11349 0.0298777 0.0299048 
2.19777 0.0930243 0.0874989 0.094045 0.109124 0.110533 0.113288 0.113504 0.0300158 0.0300431 
2.21031 0.0926851 0.0871196 0.0935304 0.10885 0.110255 0.1133 0.113517 0.0301553 0.0301828 
2.22294 0.0923431 0.0867385 0.093011 0.108571 0.109973 0.113311 0.113529 0.0302964 0.0303241 
2.23566 0.0919985 0.0863555 0.0924867 0.108287 0.109686 0.11332 0.113539 0.030439 0.0304669 
2.24847 0.0916511 0.0859707 0.0919577 0.107999 0.109395 0.113327 0.113547 0.0305831 0.0306113 
2.26136 0.091301 0.0855842 0.0914237 0.107707 0.109099 0.113332 0.113553 0.0307289 0.0307572 
2.27435 0.0909481 0.0851959 0.0908849 0.10741 0.108798 0.113336 0.113558 0.0308763 0.0309048 
2.28743 0.0905925 0.0848059 0.0903413 0.107108 0.108493 0.113338 0.113561 0.0310253 0.031054 
2.3006 0.0902341 0.0844142 0.0897927 0.106802 0.108182 0.113338 0.113562 0.0311759 0.0312049 
2.31387 0.089873 0.0840209 0.0892394 0.106491 0.107867 0.113337 0.113562 0.0313283 0.0313574 
2.32723 0.0895091 0.083626 0.0886811 0.106176 0.107546 0.113333 0.113559 0.0314823 0.0315117 
2.34069 0.0891424 0.0832295 0.088118 0.105855 0.107221 0.113328 0.113555 0.0316381 0.0316677 
2.35425 0.0887729 0.0828314 0.0875501 0.10553 0.10689 0.113321 0.113548 0.0317956 0.0318255 
2.3679 0.0884007 0.0824319 0.0869773 0.105199 0.106554 0.113311 0.11354 0.0319549 0.031985 
2.38166 0.0880257 0.0820309 0.0863997 0.104864 0.106213 0.1133 0.113529 0.0321161 0.0321464 
2.39552 0.0876478 0.0816285 0.0858172 0.104523 0.105867 0.113286 0.113517 0.0322791 0.0323096 
2.40948 0.0872672 0.0812247 0.08523 0.104178 0.105515 0.113271 0.113502 0.0324439 0.0324747 
2.42355 0.0868838 0.0808196 0.0846379 0.103827 0.105158 0.113253 0.113485 0.0326106 0.0326416 
2.43773 0.0864976 0.0804132 0.084041 0.103471 0.104795 0.113233 0.113466 0.0327793 0.0328105 
2.45201 0.0861085 0.0800055 0.0834394 0.10311 0.104427 0.113211 0.113445 0.0329499 0.0329814 
2.4664 0.0857167 0.0795967 0.0828331 0.102743 0.104053 0.113186 0.113421 0.0331226 0.0331543 
2.4809 0.085322 0.0791868 0.082222 0.102371 0.103673 0.113159 0.113395 0.0332972 0.0333291 
2.49552 0.0849246 0.0787757 0.0816063 0.101994 0.103287 0.113129 0.113367 0.0334739 0.0335061 
2.51024 0.0845243 0.0783636 0.0809859 0.10161 0.102896 0.113098 0.113336 0.0336526 0.0336851 
2.52509 0.0841213 0.0779506 0.0803608 0.101222 0.102499 0.113063 0.113302 0.0338335 0.0338662 
2.54005 0.0837154 0.0775366 0.0797312 0.100827 0.102095 0.113026 0.113266 0.0340165 0.0340495 
2.55513 0.0833068 0.0771218 0.079097 0.100427 0.101686 0.112986 0.113227 0.0342018 0.034235 
2.57033 0.0828953 0.0767062 0.0784584 0.100021 0.10127 0.112944 0.113186 0.0343892 0.0344227 
2.58565 0.0824811 0.0762899 0.0778152 0.0996091 0.100849 0.112899 0.113141 0.0345789 0.0346126 
2.60109 0.0820641 0.0758729 0.0771676 0.0991913 0.100421 0.112851 0.113094 0.0347709 0.0348048 
2.61666 0.0816443 0.0754553 0.0765157 0.0987674 0.0999862 0.1128 0.113044 0.0349652 0.0349994 
2.63236 0.0812217 0.0750372 0.0758595 0.0983375 0.0995454 0.112746 0.112991 0.0351618 0.0351964 
2.64818 0.0807964 0.0746186 0.075199 0.0979014 0.099098 0.112689 0.112935 0.0353609 0.0353957 
2.66414 0.0803683 0.0741997 0.0745343 0.0974591 0.0986441 0.11263 0.112876 0.0355624 0.0355975 
2.68023 0.0799375 0.0737804 0.0738655 0.0970105 0.0981835 0.112567 0.112814 0.0357664 0.0358018 
2.69645 0.079504 0.0733609 0.0731927 0.0965556 0.0977162 0.1125 0.112749 0.035973 0.0360086 
2.71281 0.0790677 0.0729413 0.0725159 0.0960942 0.0972421 0.112431 0.11268 0.0361821 0.036218 
2.72931 0.0786287 0.0725216 0.0718352 0.0956264 0.0967611 0.112358 0.112608 0.0363938 0.03643 
2.74595 0.078187 0.072102 0.0711507 0.095152 0.0962731 0.112282 0.112533 0.0366082 0.0366447 
2.76273 0.0777427 0.0716824 0.0704625 0.094671 0.0957781 0.112202 0.112454 0.0368252 0.036862 
2.77965 0.0772956 0.0712631 0.0697707 0.0941833 0.095276 0.112118 0.112371 0.037045 0.0370821 
2.79672 0.0768459 0.070844 0.0690753 0.0936888 0.0947667 0.112031 0.112285 0.0372677 0.0373051 
2.81395 0.0763936 0.0704253 0.0683766 0.0931875 0.0942501 0.111941 0.112195 0.0374931 0.0375308 
2.83132 0.0759387 0.070007 0.0676745 0.0926793 0.0937262 0.111846 0.112101 0.0377215 0.0377595 
2.84884 0.0754812 0.0695894 0.0669693 0.0921641 0.0931949 0.111747 0.112003 0.0379527 0.0379911 
2.86653 0.0750211 0.0691724 0.0662609 0.0916419 0.0926561 0.111645 0.111901 0.038187 0.0382256 
2.88437 0.0745585 0.0687562 0.0655497 0.0911125 0.0921097 0.111538 0.111795 0.0384243 0.0384633 
2.90237 0.0740933 0.0683408 0.0648357 0.090576 0.0915556 0.111428 0.111685 0.0386647 0.038704 
2.92053 0.0736257 0.0679264 0.064119 0.0900322 0.0909938 0.111312 0.111571 0.0389083 0.0389479 
2.93886 0.0731556 0.0675132 0.0633998 0.0894811 0.0904243 0.111193 0.111452 0.0391551 0.039195 
2.95735 0.072683 0.0671011 0.0626782 0.0889226 0.0898468 0.111069 0.111329 0.0394051 0.0394454 
2.97602 0.0722081 0.0666903 0.0619545 0.0883567 0.0892613 0.110941 0.111201 0.0396585 0.0396991 
2.99486 0.0717307 0.0662809 0.0612287 0.0877832 0.0886678 0.110807 0.111069 0.0399153 0.0399562 
3.01388 0.071251 0.0658731 0.0605011 0.0872021 0.0880662 0.110669 0.110931 0.0401755 0.0402167 
3.03308 0.070769 0.0654669 0.0597718 0.0866134 0.0874564 0.110527 0.110789 0.0404392 0.0404808 
3.05245 0.0702847 0.0650626 0.0590411 0.0860169 0.0868383 0.110379 0.110642 0.0407064 0.0407484 
3.07202 0.0697982 0.0646601 0.0583091 0.0854127 0.0862119 0.110226 0.110489 0.0409773 0.0410197 
3.09177 0.0693094 0.0642596 0.057576 0.0848005 0.085577 0.110067 0.110332 0.0412519 0.0412946 
3.11171 0.0688185 0.0638612 0.0568422 0.0841804 0.0849337 0.109904 0.110169 0.0415303 0.0415734 
3.13184 0.0683255 0.0634652 0.0561077 0.0835524 0.0842817 0.109735 0.11 0.0418125 0.041856 
3.15217 0.0678305 0.0630715 0.0553728 0.0829162 0.0836211 0.10956 0.109826 0.0420987 0.0421425 
3.1727 0.0673334 0.0626804 0.0546378 0.082272 0.0829518 0.10938 0.109646 0.0423888 0.042433 
3.19343 0.0668343 0.0622919 0.053903 0.0816195 0.0822737 0.109193 0.10946 0.042683 0.0427276 
3.21437 0.0663333 0.0619062 0.0531685 0.0809588 0.0815867 0.109001 0.109268 0.0429813 0.0430263 
3.23553 0.0658304 0.0615235 0.0524348 0.0802898 0.0808908 0.108802 0.10907 0.0432839 0.0433292 
3.25689 0.0653257 0.0611438 0.051702 0.0796124 0.0801859 0.108597 0.108865 0.0435907 0.0436365 
3.27847 0.0648193 0.0607673 0.0509704 0.0789265 0.0794719 0.108386 0.108654 0.0439019 0.0439481 
3.30027 0.0643111 0.0603941 0.0502405 0.0782322 0.0787488 0.108168 0.108437 0.0442176 0.0442642 
3.3223 0.0638013 0.0600244 0.0495124 0.0775293 0.0780165 0.107943 0.108212 0.0445378 0.0445848 
3.34456 0.0632899 0.0596583 0.0487866 0.0768178 0.0772749 0.107712 0.107981 0.0448627 0.0449101 
3.36704 0.0627771 0.0592959 0.0480633 0.0760977 0.0765239 0.107473 0.107742 0.0451923 0.0452401 
3.38977 0.0622627 0.0589374 0.047343 0.0753689 0.0757636 0.107227 0.107496 0.0455267 0.045575 
3.41273 0.061747 0.0585829 0.046626 0.0746313 0.0749939 0.106973 0.107243 0.0458661 0.0459148 
3.43594 0.0612301 0.0582325 0.0459127 0.073885 0.0742146 0.106712 0.106982 0.0462104 0.0462596 
3.4594 0.0607119 0.0578864 0.0452035 0.0731297 0.0734258 0.106443 0.106713 0.0465599 0.0466095 
3.48311 0.0601925 0.0575448 0.0444988 0.0723657 0.0726274 0.106166 0.106436 0.0469146 0.0469647 
3.50708 0.0596721 0.0572076 0.043799 0.0715926 0.0718193 0.10588 0.10615 0.0472746 0.0473252 
3.53132 0.0591507 0.0568751 0.0431046 0.0708107 0.0710016 0.105587 0.105857 0.0476401 0.0476911 
3.55581 0.0586285 0.0565475 0.042416 0.0700197 0.0701741 0.105284 0.105554 0.0480111 0.0480626 
3.58059 0.0581054 0.0562247 0.0417337 0.0692198 0.0693369 0.104973 0.105243 0.0483878 0.0484397 
3.60564 0.0575817 0.0559069 0.0410582 0.0684108 0.0684899 0.104652 0.104922 0.0487702 0.0488226 
3.63097 0.0570574 0.0555944 0.04039 0.0675927 0.067633 0.104323 0.104592 0.0491586 0.0492115 
3.65658 0.0565325 0.055287 0.0397296 0.0667656 0.0667663 0.103983 0.104253 0.0495529 0.0496063 
3.68249 0.0560073 0.0549851 0.0390775 0.0659294 0.0658897 0.103634 0.103903 0.0499534 0.0500073 
3.7087 0.0554818 0.0546886 0.0384342 0.065084 0.0650032 0.103275 0.103543 0.0503602 0.0504146 
3.73522 0.0549561 0.0543976 0.0378004 0.0642296 0.0641069 0.102905 0.103174 0.0507733 0.0508283 
3.76204 0.0544303 0.0541123 0.0371767 0.063366 0.0632006 0.102525 0.102793 0.0511931 0.0512486 
3.78917 0.0539046 0.0538328 0.0365635 0.0624934 0.0622844 0.102134 0.102401 0.0516194 0.0516755 
3.81663 0.0533791 0.053559 0.0359616 0.0616117 0.0613584 0.101731 0.101998 0.0520527 0.0521093 
3.84442 0.0528539 0.0532911 0.0353716 0.0607209 0.0604224 0.101318 0.101584 0.0524929 0.05255 
3.87254 0.0523292 0.0530291 0.034794 0.059821 0.0594767 0.100892 0.101158 0.0529402 0.0529979 
3.901 0.051805 0.0527731 0.0342297 0.0589122 0.0585211 0.100454 0.10072 0.0533948 0.0534531 
3.9298 0.0512815 0.0525231 0.0336792 0.0579944 0.0575557 0.100004 0.100269 0.0538568 0.0539157 
3.95896 0.0507589 0.0522791 0.0331432 0.0570676 0.0565805 0.0995414 0.099805 0.0543265 0.0543859 
3.98849 0.0502374 0.0520411 0.0326225 0.056132 0.0555957 0.0990654 0.0993281 0.0548039 0.054864 
4.01837 0.0497169 0.0518091 0.0321179 0.0551875 0.0546013 0.098576 0.0988377 0.0552893 0.0553499 
4.04864 0.0491979 0.0515831 0.03163 0.0542344 0.0535973 0.0980727 0.0983334 0.0557828 0.0558441 
4.07929 0.0486803 0.0513631 0.0311596 0.0532725 0.0525838 0.0975552 0.0978148 0.0562846 0.0563465 
4.11032 0.0481643 0.0511489 0.0307075 0.0523021 0.051561 0.097023 0.0972814 0.0567949 0.0568575 
4.14176 0.0476502 0.0509405 0.0302746 0.0513232 0.0505289 0.0964759 0.096733 0.0573139 0.0573771 
4.17361 0.0471381 0.0507379 0.0298615 0.050336 0.0494876 0.0959132 0.096169 0.0578419 0.0579057 
4.20586 0.0466282 0.0505408 0.0294692 0.0493405 0.0484374 0.0953347 0.095589 0.0583789 0.0584434 
4.23855 0.0461207 0.0503491 0.0290984 0.0483369 0.0473783 0.0947398 0.0949926 0.0589252 0.0589904 
4.27167 0.0456158 0.0501627 0.0287501 0.0473254 0.0463105 0.0941281 0.0943793 0.0594811 0.0595469 
4.30522 0.0451137 0.0499814 0.0284251 0.0463061 0.0452342 0.093499 0.0937485 0.0600467 0.0601133 
4.33923 0.0446146 0.0498048 0.0281242 0.0452792 0.0441496 0.0928522 0.0930999 0.0606223 0.0606896 
4.37371 0.0441186 0.0496329 0.0278484 0.0442449 0.0430568 0.092187 0.0924328 0.0612082 0.0612762 
4.40865 0.0436262 0.0494652 0.0275985 0.0432034 0.0419562 0.091503 0.0917468 0.0618045 0.0618732 
4.44408 0.0431373 0.0493014 0.0273755 0.0421549 0.0408479 0.0907996 0.0910412 0.0624115 0.062481 
4.47999 0.0426524 0.0491412 0.0271802 0.0410997 0.0397323 0.0900761 0.0903156 0.0630296 0.0630998 
4.51642 0.0421716 0.0489842 0.0270135 0.040038 0.0386096 0.0893321 0.0895692 0.0636589 0.0637299 
4.55335 0.0416952 0.0488298 0.0268764 0.0389701 0.0374802 0.0885668 0.0888014 0.0642997 0.0643715 
4.59081 0.0412234 0.0486777 0.0267697 0.0378964 0.0363444 0.0877797 0.0880117 0.0649524 0.065025 
4.62881 0.0407564 0.0485273 0.0266943 0.0368171 0.0352025 0.08697 0.0871993 0.0656172 0.0656906 
4.66736 0.0402947 0.0483779 0.0266511 0.0357326 0.034055 0.0861372 0.0863636 0.0662944 0.0663687 
4.70647 0.0398383 0.048229 0.026641 0.0346433 0.0329023 0.0852804 0.0855038 0.0669844 0.0670595 
4.74616 0.0393877 0.0480799 0.0266649 0.0335496 0.0317448 0.0843989 0.0846192 0.0676874 0.0677634 
4.78644 0.038943 0.0479297 0.0267235 0.0324519 0.0305831 0.083492 0.0837091 0.0684038 0.0684807 
4.82732 0.0385046 0.0477778 0.0268176 0.0313507 0.0294176 0.0825588 0.0827725 0.069134 0.0692118 
4.86882 0.0380727 0.0476231 0.0269481 0.0302464 0.0282489 0.0815986 0.0818086 0.0698783 0.0699569 
4.91095 0.0376477 0.0474648 0.0271156 0.0291396 0.0270776 0.0806105 0.0808167 0.0706371 0.0707166 
4.95373 0.0372298 0.0473018 0.0273208 0.0280309 0.0259043 0.0795935 0.0797958 0.0714107 0.0714912 
4.99717 0.0368194 0.0471331 0.0275645 0.0269208 0.0247298 0.0785467 0.078745 0.0721996 0.072281 
5.0413 0.0364167 0.0469575 0.027847 0.02581 0.0235547 0.0774693 0.0776632 0.0730041 0.0730866 
5.08611 0.036022 0.0467737 0.0281691 0.0246992 0.0223798 0.0763601 0.0765496 0.0738247 0.0739082 
5.13165 0.0356357 0.0465805 0.028531 0.023589 0.0212059 0.0752182 0.0754029 0.0746619 0.0747464 
5.17791 0.0352581 0.0463765 0.0289331 0.0224802 0.020034 0.0740423 0.0742222 0.075516 0.0756015 
5.22492 0.0348893 0.0461601 0.0293757 0.0213737 0.0188649 0.0728316 0.0730064 0.0763876 0.0764742 
5.2727 0.0345298 0.0459297 0.0298589 0.0202703 0.0176997 0.0715846 0.0717541 0.0772771 0.0773648 
5.32127 0.0341797 0.0456838 0.0303826 0.0191709 0.0165394 0.0703003 0.0704643 0.078185 0.0782738 
5.37066 0.0338394 0.0454205 0.0309468 0.0180764 0.0153851 0.0689774 0.0691355 0.0791119 0.0792018 
5.42087 0.0335091 0.0451379 0.0315511 0.016988 0.014238 0.0676144 0.0677666 0.0800583 0.0801494 
5.47193 0.033189 0.0448342 0.032195 0.0159067 0.0130994 0.0662102 0.066356 0.0810248 0.081117 
5.52387 0.0328794 0.0445072 0.0328779 0.0148336 0.0119707 0.0647631 0.0649024 0.0820118 0.0821052 
5.57671 0.0325803 0.0441549 0.0335989 0.01377 0.0108532 0.0632718 0.0634043 0.0830201 0.0831148 
5.63047 0.0322919 0.0437748 0.0343568 0.0127173 0.00974851 0.0617346 0.06186 0.0840503 0.0841462 
5.68518 0.0320144 0.0433648 0.0351502 0.0116766 0.00865825 0.06015 0.060268 0.085103 0.0852001 
5.74086 0.0317477 0.0429223 0.0359775 0.0106496 0.00758414 0.0585162 0.0586265 0.0861788 0.0862773 
5.79755 0.0314917 0.0424447 0.0368365 0.00963784 0.00652798 0.0568314 0.0569337 0.0872785 0.0873783 
5.85526 0.0312465 0.0419296 0.037725 0.00864285 0.00549172 0.0550939 0.0551879 0.0884029 0.088504 
5.91404 0.0310118 0.041374 0.0386401 0.00766644 0.00447742 0.0533017 0.053387 0.0895525 0.0896551 
5.9739 0.0307873 0.0407752 0.0395786 0.00671044 0.00348726 0.0514528 0.051529 0.0907284 0.0908323 
6.03489 0.0305726 0.0401304 0.0405368 0.00577681 0.00252356 0.049545 0.0496118 0.0919311 0.0920365 
6.09703 0.0303671 0.0394365 0.0415106 0.00486763 0.00158877 0.0475762 0.0476332 0.0931617 0.0932686 
6.16036 0.0301703 0.0386907 0.0424951 0.00398509 0.000685509 0.0455441 0.0455909 0.094421 0.0945294 
6.22491 0.0299811 0.0378898 0.0434848 0.00313152 -0.000183449 0.0434463 0.0434824 0.0957099 0.0958198 
6.29072 0.0297984 0.0370307 0.0444738 0.00230938 -0.00101516 0.0412803 0.0413053 0.0970293 0.0971408 
6.35783 0.0296211 0.0361106 0.045455 0.0015213 -0.00180651 0.0390433 0.0390568 0.0983803 0.0984934 
6.42628 0.0294473 0.0351262 0.0464208 0.000770046 -0.00255416 0.0367328 0.0367343 0.0997639 0.0998787 
6.4961 0.0292752 0.0340747 0.0473625 5.8552e-05 -0.00325461 0.0343458 0.0343348 0.101181 0.101298 
6.56735 0.0291025 0.0329531 0.0482705 -0.000610065 -0.00390411 0.0318792 0.0318552 0.102633 0.102751 
6.64007 0.0289264 0.0317588 0.0491342 -0.0012325 -0.00449869 0.0293299 0.0292924 0.104121 0.104241 
6.71431 0.0287437 0.030489 0.0499415 -0.00180526 -0.00503412 0.0266947 0.026643 0.105647 0.105768 
6.79011 0.0285508 0.0291415 0.0506792 -0.00232462 -0.00550594 0.0239699 0.0239036 0.10721 0.107334 
6.86752 0.028343 0.0277142 0.0513327 -0.00278665 -0.00590936 0.021152 0.0210705 0.108814 0.10894 
6.94661 0.0281154 0.0262053 0.0518857 -0.00318716 -0.00623933 0.0182372 0.0181397 0.110459 0.110587 
7.02741 0.0278621 0.0246134 0.0523204 -0.00352172 -0.00649047 0.0152213 0.0151072 0.112147 0.112276 
7.11001 0.027576 0.022938 0.0526167 -0.00378562 -0.00665706 0.0121002 0.0119689 0.113879 0.11401 
7.19444 0.0272492 0.0211787 0.052753 -0.00397387 -0.00673301 0.00886944 0.00872012 0.115656 0.11579 
7.28079 0.0268725 0.0193361 0.052705 -0.00408115 -0.00671186 0.00552431 0.00535627 0.117482 0.117618 
7.36911 0.0264354 0.0174118 0.0524462 -0.00410183 -0.00658672 0.0020599 0.00187235 0.119357 0.119495 
7.45947 0.0259256 0.0154081 0.0519474 -0.00402992 -0.00635025 -0.00152895 -0.00173683 0.121282 0.121423 
7.55195 0.025329 0.0133288 0.0511762 -0.00385905 -0.00599467 -0.00524771 -0.00547678 0.123262 0.123405 
7.64663 0.0246296 0.011179 0.0500975 -0.00358245 -0.00551165 -0.00910211 -0.00935327 0.125296 0.125441 
7.74358 0.0238089 0.00896521 0.0486721 -0.00319292 -0.00489236 -0.0130982 -0.0133724 0.127387 0.127535 
7.84289 0.0228457 0.00669614 0.0468575 -0.0026828 -0.00412735 -0.0172424 -0.0175406 0.129539 0.129689 
7.94465 0.0217158 0.00438245 0.0446065 -0.00204393 -0.00320657 -0.0215415 -0.0218647 0.131752 0.131905 
8.04896 0.0203914 0.00203733 0.0418677 -0.00126764 -0.0021193 -0.0260025 -0.0263518 0.134029 0.134185 
8.1559 0.0188407 -0.000323192 0.0385845 -0.000344664 -0.000854097 -0.0306329 -0.0310095 0.136374 0.136533 
8.26559 0.0170274 -0.00267983 0.0346948 0.000734844 0.000601258 -0.0354408 -0.0358458 0.138789 0.138951 
8.37813 0.0149101 -0.00500958 0.0301303 0.0019814 0.00225981 -0.0404345 -0.0408692 0.141276 0.141441 
8.49364 0.0124414 -0.00728518 0.0248164 0.00340621 0.00413548 -0.0456229 -0.0460886 0.143839 0.144007 
8.61223 0.00956706 -0.0094745 0.018671 0.00502125 0.00624319 -0.0510155 -0.0515135 0.146482 0.146653 
8.73404 0.00622536 -0.0115399 0.0116041 0.00683929 0.00859885 -0.0566223 -0.057154 0.149207 0.149381 
8.8592 0.00234573 -0.0134375 0.00351702 0.00887398 0.0112195 -0.0624537 -0.0630207 0.152018 0.152195 
8.98785 -0.00215234 -0.0151162 -0.00569861 0.0111399 0.0141234 -0.0685211 -0.069125 0.154919 0.1551 
9.12015 -0.00736072 -0.0165168 -0.0161616 0.0136527 0.0173301 -0.0748365 -0.0754789 0.157914 0.158099 
9.25624 -0.0133843 -0.0175708 -0.0280022 0.0164291 0.0208606 -0.0814124 -0.0820951 0.161007 0.161196 
9.39631 -0.0203426 -0.0181994 -0.0413637 0.0194869 0.0247373 -0.0882624 -0.0889873 0.164204 0.164396 
9.54052 -0.0283722 -0.0183117 -0.056403 0.0228454 0.0289844 -0.0954009 -0.0961698 0.167508 0.167704 
9.68907 -0.0376289 -0.0178035 -0.0732926 0.0265251 0.0336278 -0.102843 -0.103658 0.170925 0.171126 
9.84216 -0.0482905 -0.0165553 -0.0922217 0.0305481 0.0386953 -0.110605 -0.111469 0.174461 0.174666 
10 -0.0605598 -0.0144303 -0.113398 0.0349382 0.0442169 -0.118705 -0.119619 0.178121 0.17833 
