-10 0.0925516 0.0515044 -0.0106036 0.0516319 0.0612307 0.0233386 0.0145414 0.133017 0.141199 
-9.84216 0.079483 0.0482141 -0.00266116 0.0512162 0.0598791 0.0246226 0.016257 0.130275 0.138287 
-9.68907 0.0682167 0.0454273 0.00461307 0.0508131 0.0586 0.0258442 0.0178916 0.127627 0.135474 
-9.54052 0.0585599 0.0430905 0.0112689 0.0504223 0.0573891 0.0270067 0.0194496 0.125068 0.132754 
-9.39631 0.0503389 0.0411549 0.0173524 0.0500433 0.0562424 0.0281132 0.020935 0.122593 0.130125 
-9.25624 0.0433972 0.0395767 0.022906 0.0496757 0.0551565 0.0291668 0.0223516 0.120198 0.127581 
-9.12015 0.0375939 0.0383162 0.0279688 0.0493193 0.0541277 0.0301702 0.023703 0.117881 0.12512 
-8.98785 0.0328017 0.0373374 0.0325774 0.0489735 0.053153 0.0311261 0.0249927 0.115637 0.122736 
-8.8592 0.0289062 0.036608 0.0367651 0.0486382 0.0522294 0.0320368 0.0262236 0.113463 0.120427 
-8.73404 0.0258044 0.0360984 0.0405631 0.0483129 0.0513541 0.0329047 0.0273989 0.111357 0.11819 
-8.61223 0.0234033 0.0357823 0.0440003 0.0479974 0.0505244 0.0337321 0.0285212 0.109315 0.116021 
-8.49364 0.0216194 0.0356358 0.0471032 0.0476913 0.0497379 0.0345208 0.0295933 0.107335 0.113917 
-8.37813 0.0203774 0.0356371 0.0498967 0.0473944 0.0489922 0.0352729 0.0306175 0.105415 0.111877 
-8.26559 0.0196097 0.0357668 0.0524036 0.0471064 0.0482854 0.0359901 0.0315963 0.10355 0.109897 
-8.1559 0.0192555 0.0360074 0.0546452 0.0468271 0.0476152 0.0366742 0.0325318 0.101741 0.107974 
-8.04896 0.0192602 0.036343 0.0566413 0.0465562 0.0469798 0.0373267 0.033426 0.0999833 0.106108 
-7.94465 0.0195746 0.0367593 0.0584103 0.0462933 0.0463773 0.0379493 0.0342811 0.098276 0.104294 
-7.84289 0.0201549 0.0372436 0.0599691 0.0460384 0.0458062 0.0385432 0.0350988 0.0966169 0.102532 
-7.74358 0.0209615 0.0377844 0.0613336 0.0457912 0.0452648 0.03911 0.0358808 0.0950041 0.100818 
-7.64663 0.0219593 0.0383713 0.0625185 0.0455514 0.0447516 0.0396509 0.0366288 0.0934358 0.0991525 
-7.55195 0.0231166 0.0389952 0.0635374 0.0453189 0.0442652 0.0401671 0.0373445 0.0919104 0.0975321 
-7.45947 0.0244052 0.0396477 0.064403 0.0450935 0.0438042 0.0406597 0.0380292 0.0904262 0.0959556 
-7.36911 0.0258001 0.0403214 0.0651273 0.0448748 0.0433675 0.0411299 0.0386844 0.0889818 0.0944212 
-7.28079 0.0272789 0.0410099 0.0657211 0.0446629 0.0429537 0.0415786 0.0393114 0.0875756 0.0929276 
-7.19444 0.0288218 0.0417073 0.0661946 0.0444574 0.0425619 0.0420069 0.0399116 0.0862063 0.091473 
-7.11001 0.030411 0.0424084 0.0665575 0.0442582 0.0421909 0.0424158 0.040486 0.0848725 0.0900563 
-7.02741 0.0320312 0.0431086 0.0668185 0.0440652 0.0418396 0.042806 0.0410358 0.083573 0.0886759 
-6.94661 0.0336684 0.0438039 0.0669859 0.0438782 0.0415073 0.0431784 0.0415622 0.0823066 0.0873307 
-6.86752 0.0353107 0.0444909 0.0670673 0.043697 0.041193 0.0435338 0.0420661 0.0810721 0.0860194 
-6.79011 0.0369476 0.0451664 0.0670699 0.0435214 0.0408958 0.0438731 0.0425485 0.0798684 0.0847409 
-6.71431 0.0385696 0.0458277 0.0670003 0.0433513 0.0406149 0.0441968 0.0430104 0.0786945 0.083494 
-6.64007 0.040169 0.0464726 0.0668647 0.0431867 0.0403496 0.0445057 0.0434527 0.0775494 0.0822776 
-6.56735 0.0417387 0.0470991 0.0666688 0.0430273 0.0400991 0.0448004 0.0438761 0.076432 0.0810908 
-6.4961 0.0432729 0.0477056 0.066418 0.0428729 0.0398628 0.0450817 0.0442815 0.0753416 0.0799325 
-6.42628 0.0447665 0.0482905 0.0661174 0.0427236 0.03964 0.0453499 0.0446697 0.0742771 0.0788018 
-6.35783 0.0462152 0.0488528 0.0657714 0.0425791 0.03943 0.0456058 0.0450414 0.0732378 0.0776979 
-6.29072 0.0476156 0.0493915 0.0653845 0.0424393 0.0392324 0.0458499 0.0453973 0.0722228 0.0766198 
-6.22491 0.0489648 0.049906 0.0649606 0.0423042 0.0390466 0.0460826 0.045738 0.0712314 0.0755668 
-6.16036 0.0502603 0.0503955 0.0645035 0.0421735 0.038872 0.0463044 0.0460642 0.0702628 0.074538 
-6.09703 0.0515005 0.0508598 0.0640167 0.0420473 0.0387081 0.0465159 0.0463765 0.0693163 0.0735326 
-6.03489 0.052684 0.0512986 0.0635034 0.0419253 0.0385545 0.0467175 0.0466754 0.0683913 0.0725501 
-5.9739 0.0538098 0.0517117 0.0629665 0.0418076 0.0384106 0.0469096 0.0469616 0.067487 0.0715895 
-5.91404 0.0548773 0.0520991 0.0624089 0.0416939 0.0382762 0.0470925 0.0472355 0.0666028 0.0706504 
-5.85526 0.0558863 0.0524609 0.0618332 0.0415842 0.0381506 0.0472668 0.0474977 0.0657381 0.069732 
-5.79755 0.0568368 0.0527973 0.0612418 0.0414784 0.0380337 0.0474327 0.0477486 0.0648924 0.0688336 
-5.74086 0.057729 0.0531085 0.0606368 0.0413764 0.037925 0.0475906 0.0479886 0.064065 0.0679548 
-5.68518 0.0585633 0.0533948 0.0600204 0.0412781 0.0378241 0.0477409 0.0482183 0.0632555 0.067095 
-5.63047 0.0593406 0.0536567 0.0593946 0.0411834 0.0377307 0.0478839 0.0484381 0.0624632 0.0662535 
-5.57671 0.0600614 0.0538944 0.0587609 0.0410923 0.0376445 0.0480198 0.0486483 0.0616878 0.0654299 
-5.52387 0.060727 0.0541086 0.0581213 0.0410047 0.0375652 0.0481491 0.0488493 0.0609287 0.0646236 
-5.47193 0.0613382 0.0542997 0.057477 0.0409204 0.0374925 0.0482719 0.0490416 0.0601855 0.0638341 
-5.42087 0.0618963 0.0544682 0.0568296 0.0408395 0.0374261 0.0483885 0.0492254 0.0594577 0.0630611 
-5.37066 0.0624026 0.0546148 0.0561804 0.0407618 0.0373657 0.0484993 0.0494011 0.0587448 0.0623039 
-5.32127 0.0628585 0.05474 0.0555305 0.0406872 0.0373112 0.0486044 0.0495691 0.0580465 0.0615622 
-5.2727 0.0632652 0.0548444 0.0548811 0.0406158 0.0372622 0.0487041 0.0497295 0.0573624 0.0608355 
-5.22492 0.0636243 0.0549287 0.0542332 0.0405474 0.0372185 0.0487986 0.0498829 0.056692 0.0601235 
-5.17791 0.0639372 0.0549935 0.0535877 0.0404819 0.03718 0.0488881 0.0500293 0.056035 0.0594257 
-5.13165 0.0642056 0.0550394 0.0529455 0.0404194 0.0371463 0.048973 0.0501691 0.0553911 0.0587417 
-5.08611 0.0644308 0.0550671 0.0523074 0.0403597 0.0371174 0.0490532 0.0503026 0.0547599 0.0580712 
-5.0413 0.0646144 0.0550772 0.0516741 0.0403027 0.0370929 0.0491291 0.0504301 0.054141 0.0574138 
-4.99717 0.064758 0.0550705 0.0510463 0.0402485 0.0370728 0.0492009 0.0505516 0.0535341 0.0567692 
-4.95373 0.0648631 0.0550475 0.0504246 0.040197 0.0370568 0.0492686 0.0506676 0.052939 0.0561371 
-4.91095 0.0649312 0.0550088 0.0498094 0.040148 0.0370449 0.0493325 0.0507782 0.0523552 0.055517 
-4.86882 0.0649639 0.0549552 0.0492015 0.0401016 0.0370367 0.0493928 0.0508836 0.0517826 0.0549088 
-4.82732 0.0649626 0.0548873 0.048601 0.0400577 0.0370322 0.0494496 0.0509841 0.0512208 0.054312 
-4.78644 0.0649289 0.0548056 0.0480086 0.0400162 0.0370313 0.049503 0.0510798 0.0506696 0.0537265 
-4.74616 0.0648642 0.0547109 0.0474246 0.0399772 0.0370337 0.0495533 0.0511709 0.0501286 0.0531519 
-4.70647 0.06477 0.0546036 0.0468492 0.0399405 0.0370394 0.0496005 0.0512577 0.0495977 0.0525879 
-4.66736 0.0646476 0.0544845 0.0462828 0.039906 0.0370483 0.0496447 0.0513402 0.0490766 0.0520343 
-4.62881 0.0644984 0.054354 0.0457256 0.0398739 0.0370601 0.0496862 0.0514187 0.048565 0.0514909 
-4.59081 0.0643239 0.0542128 0.0451779 0.0398439 0.0370748 0.049725 0.0514933 0.0480627 0.0509574 
-4.55335 0.0641252 0.0540614 0.0446399 0.0398161 0.0370923 0.0497612 0.0515642 0.0475695 0.0504335 
-4.51642 0.0639037 0.0539004 0.0441117 0.0397904 0.0371125 0.0497951 0.0516315 0.0470852 0.049919 
-4.47999 0.0636607 0.0537303 0.0435936 0.0397668 0.0371352 0.0498265 0.0516954 0.0466095 0.0494136 
-4.44408 0.0633974 0.0535517 0.0430855 0.0397452 0.0371604 0.0498558 0.051756 0.0461422 0.0489173 
-4.40865 0.0631148 0.0533649 0.0425876 0.0397256 0.037188 0.049883 0.0518134 0.0456832 0.0484297 
-4.37371 0.0628143 0.0531706 0.0421001 0.039708 0.0372178 0.0499081 0.0518678 0.0452323 0.0479506 
-4.33923 0.0624969 0.0529692 0.0416229 0.0396923 0.0372499 0.0499313 0.0519194 0.0447892 0.0474799 
-4.30522 0.0621637 0.0527611 0.0411561 0.0396785 0.0372841 0.0499526 0.0519681 0.0443538 0.0470174 
-4.27167 0.0618157 0.0525469 0.0406997 0.0396666 0.0373203 0.0499723 0.0520142 0.0439259 0.0465628 
-4.23855 0.061454 0.0523269 0.0402538 0.0396564 0.0373584 0.0499902 0.0520578 0.0435054 0.046116 
-4.20586 0.0610794 0.0521016 0.0398184 0.039648 0.0373985 0.0500066 0.0520989 0.043092 0.0456768 
-4.17361 0.0606931 0.0518714 0.0393935 0.0396414 0.0374404 0.0500214 0.0521377 0.0426856 0.0452451 
-4.14176 0.0602957 0.0516366 0.0389789 0.0396364 0.037484 0.0500349 0.0521742 0.042286 0.0448206 
-4.11032 0.0598884 0.0513978 0.0385748 0.0396332 0.0375293 0.050047 0.0522086 0.0418932 0.0444032 
-4.07929 0.0594718 0.0511552 0.038181 0.0396316 0.0375762 0.0500577 0.0522409 0.0415069 0.0439928 
-4.04864 0.0590468 0.0509092 0.0377975 0.0396316 0.0376247 0.0500673 0.0522713 0.041127 0.0435892 
-4.01837 0.0586141 0.0506601 0.0374242 0.0396332 0.0376747 0.0500757 0.0522998 0.0407533 0.0431922 
-3.98849 0.0581746 0.0504083 0.0370611 0.0396364 0.0377261 0.050083 0.0523265 0.0403858 0.0428017 
-3.95896 0.0577289 0.0501541 0.0367082 0.0396411 0.037779 0.0500893 0.0523515 0.0400243 0.0424176 
-3.9298 0.0572777 0.0498978 0.0363652 0.0396473 0.0378331 0.0500946 0.0523749 0.0396687 0.0420397 
-3.901 0.0568218 0.0496398 0.0360322 0.0396549 0.0378886 0.050099 0.0523967 0.0393187 0.0416679 
-3.87254 0.0563616 0.0493802 0.035709 0.039664 0.0379454 0.0501025 0.052417 0.0389745 0.041302 
-3.84442 0.0558979 0.0491193 0.0353955 0.0396746 0.0380033 0.0501052 0.0524358 0.0386357 0.040942 
-3.81663 0.0554311 0.0488576 0.0350917 0.0396865 0.0380625 0.0501071 0.0524534 0.0383023 0.0405877 
-3.78917 0.054962 0.048595 0.0347974 0.0396998 0.0381227 0.0501083 0.0524696 0.0379741 0.040239 
-3.76204 0.0544909 0.048332 0.0345126 0.0397145 0.038184 0.0501088 0.0524846 0.0376512 0.0398958 
-3.73522 0.0540184 0.0480688 0.034237 0.0397304 0.0382464 0.0501087 0.0524985 0.0373332 0.039558 
-3.7087 0.0535451 0.0478055 0.0339707 0.0397477 0.0383098 0.050108 0.0525112 0.0370203 0.0392254 
-3.68249 0.0530712 0.0475425 0.0337134 0.0397663 0.0383742 0.0501067 0.0525229 0.0367122 0.0388979 
-3.65658 0.0525974 0.0472798 0.0334652 0.0397861 0.0384395 0.050105 0.0525335 0.0364088 0.0385755 
-3.63097 0.0521239 0.0470177 0.0332257 0.0398071 0.0385057 0.0501027 0.0525432 0.0361101 0.0382581 
-3.60564 0.0516512 0.0467564 0.032995 0.0398294 0.0385728 0.0501001 0.0525521 0.035816 0.0379455 
-3.58059 0.0511797 0.046496 0.0327729 0.0398528 0.0386408 0.050097 0.05256 0.0355264 0.0376376 
-3.55581 0.0507098 0.0462368 0.0325592 0.0398775 0.0387095 0.0500936 0.0525672 0.0352411 0.0373344 
-3.53132 0.0502417 0.0459789 0.0323539 0.0399033 0.0387791 0.0500898 0.0525736 0.0349602 0.0370357 
-3.50708 0.0497758 0.0457223 0.0321568 0.0399302 0.0388494 0.0500858 0.0525793 0.0346834 0.0367416 
-3.48311 0.0493124 0.0454674 0.0319678 0.0399582 0.0389205 0.0500815 0.0525843 0.0344108 0.0364518 
-3.4594 0.0488518 0.0452142 0.0317868 0.0399873 0.0389923 0.0500769 0.0525886 0.0341423 0.0361663 
-3.43594 0.0483943 0.0449629 0.0316137 0.0400175 0.0390648 0.0500721 0.0525924 0.0338777 0.035885 
-3.41273 0.0479401 0.0447135 0.0314482 0.0400488 0.0391379 0.0500671 0.0525956 0.033617 0.0356079 
-3.38977 0.0474895 0.0444662 0.0312904 0.0400811 0.0392117 0.050062 0.0525983 0.0333602 0.0353348 
-3.36704 0.0470427 0.0442212 0.03114 0.0401144 0.0392862 0.0500567 0.0526005 0.0331071 0.0350657 
-3.34456 0.0465998 0.0439784 0.030997 0.0401488 0.0393612 0.0500514 0.0526022 0.0328577 0.0348005 
-3.3223 0.0461612 0.0437381 0.0308611 0.0401841 0.0394369 0.0500459 0.0526035 0.0326119 0.0345392 
-3.30027 0.045727 0.0435003 0.0307324 0.0402205 0.0395131 0.0500404 0.0526045 0.0323697 0.0342816 
-3.27847 0.0452974 0.0432651 0.0306106 0.0402577 0.0395898 0.0500348 0.052605 0.0321309 0.0340277 
-3.25689 0.0448726 0.0430325 0.0304957 0.040296 0.0396671 0.0500292 0.0526052 0.0318956 0.0337774 
-3.23553 0.0444526 0.0428028 0.0303875 0.0403351 0.0397449 0.0500237 0.0526052 0.0316636 0.0335307 
-3.21437 0.0440377 0.0425759 0.030286 0.0403752 0.0398232 0.0500181 0.0526048 0.0314349 0.0332874 
-3.19343 0.043628 0.0423519 0.0301909 0.0404162 0.039902 0.0500125 0.0526042 0.0312095 0.0330476 
-3.1727 0.0432236 0.0421308 0.0301022 0.0404581 0.0399813 0.0500071 0.0526034 0.0309872 0.0328112 
-3.15217 0.0428246 0.0419128 0.0300197 0.0405008 0.0400611 0.0500017 0.0526024 0.030768 0.0325781 
-3.13184 0.0424311 0.0416979 0.0299434 0.0405444 0.0401412 0.0499963 0.0526012 0.0305519 0.0323482 
-3.11171 0.0420433 0.0414862 0.0298731 0.0405889 0.0402218 0.0499911 0.0525998 0.0303389 0.0321215 
-3.09177 0.0416612 0.0412776 0.0298087 0.0406342 0.0403029 0.049986 0.0525983 0.0301287 0.031898 
-3.07202 0.0412849 0.0410723 0.0297501 0.0406803 0.0403843 0.049981 0.0525967 0.0299215 0.0316775 
-3.05245 0.0409145 0.0408702 0.0296972 0.0407272 0.0404661 0.0499762 0.052595 0.0297172 0.03146 
-3.03308 0.04055 0.0406715 0.0296499 0.040775 0.0405484 0.0499716 0.0525933 0.0295156 0.0312456 
-3.01388 0.0401915 0.0404761 0.0296081 0.0408235 0.040631 0.0499671 0.0525914 0.0293168 0.031034 
-2.99486 0.0398391 0.0402841 0.0295716 0.0408728 0.0407139 0.0499628 0.0525896 0.0291207 0.0308253 
-2.97602 0.0394928 0.0400955 0.0295404 0.0409229 0.0407972 0.0499587 0.0525877 0.0289273 0.0306194 
-2.95735 0.0391527 0.0399104 0.0295143 0.0409737 0.0408809 0.0499548 0.0525859 0.0287364 0.0304163 
-2.93886 0.0388187 0.0397287 0.0294933 0.0410252 0.0409649 0.0499511 0.052584 0.0285482 0.0302159 
-2.92053 0.0384909 0.0395505 0.0294773 0.0410775 0.0410492 0.0499477 0.0525822 0.0283625 0.0300182 
-2.90237 0.0381694 0.0393757 0.0294661 0.0411306 0.0411338 0.0499445 0.0525804 0.0281792 0.0298232 
-2.88437 0.0378541 0.0392045 0.0294597 0.0411843 0.0412187 0.0499416 0.0525787 0.0279984 0.0296307 
-2.86653 0.0375451 0.0390369 0.0294579 0.0412387 0.041304 0.0499389 0.0525771 0.0278201 0.0294408 
-2.84884 0.0372424 0.0388727 0.0294607 0.0412939 0.0413895 0.0499365 0.0525755 0.027644 0.0292533 
-2.83132 0.036946 0.0387121 0.029468 0.0413497 0.0414753 0.0499344 0.0525741 0.0274703 0.0290684 
-2.81395 0.0366559 0.0385551 0.0294797 0.0414061 0.0415614 0.0499325 0.0525728 0.0272989 0.0288858 
-2.79672 0.0363721 0.0384016 0.0294957 0.0414633 0.0416478 0.049931 0.0525716 0.0271298 0.0287056 
-2.77965 0.0360945 0.0382517 0.0295159 0.0415211 0.0417344 0.0499297 0.0525705 0.0269628 0.0285278 
-2.76273 0.0358233 0.0381053 0.0295402 0.0415795 0.0418213 0.0499288 0.0525696 0.026798 0.0283523 
-2.74595 0.0355583 0.0379625 0.0295686 0.0416386 0.0419085 0.0499282 0.0525689 0.0266354 0.028179 
-2.72931 0.0352996 0.0378232 0.0296009 0.0416983 0.0419959 0.0499279 0.0525683 0.0264749 0.028008 
-2.71281 0.0350472 0.0376875 0.0296371 0.0417587 0.0420835 0.049928 0.052568 0.0263164 0.0278392 
-2.69645 0.0348009 0.0375554 0.0296771 0.0418196 0.0421714 0.0499283 0.0525678 0.02616 0.0276725 
-2.68023 0.0345609 0.0374267 0.0297208 0.0418812 0.0422595 0.0499291 0.0525678 0.0260056 0.027508 
-2.66414 0.034327 0.0373016 0.0297681 0.0419433 0.0423478 0.0499301 0.052568 0.0258532 0.0273455 
-2.64818 0.0340993 0.0371801 0.029819 0.042006 0.0424364 0.0499316 0.0525684 0.0257027 0.0271851 
-2.63236 0.0338777 0.037062 0.0298734 0.0420694 0.0425252 0.0499333 0.0525691 0.0255542 0.0270267 
-2.61666 0.0336622 0.0369475 0.0299311 0.0421332 0.0426142 0.0499355 0.05257 0.0254075 0.0268704 
-2.60109 0.0334527 0.0368364 0.0299922 0.0421977 0.0427033 0.049938 0.0525712 0.0252627 0.0267159 
-2.58565 0.0332493 0.0367288 0.0300566 0.0422627 0.0427927 0.0499409 0.0525725 0.0251197 0.0265635 
-2.57033 0.0330518 0.0366247 0.0301242 0.0423283 0.0428823 0.0499441 0.0525742 0.0249785 0.0264129 
-2.55513 0.0328603 0.036524 0.0301949 0.0423944 0.0429721 0.0499478 0.0525761 0.0248391 0.0262642 
-2.54005 0.0326747 0.0364267 0.0302687 0.042461 0.0430621 0.0499518 0.0525783 0.0247014 0.0261173 
-2.52509 0.032495 0.0363329 0.0303454 0.0425282 0.0431523 0.0499562 0.0525808 0.0245654 0.0259723 
-2.51024 0.0323211 0.0362424 0.0304251 0.0425959 0.0432426 0.049961 0.0525835 0.0244312 0.025829 
-2.49552 0.032153 0.0361553 0.0305076 0.0426642 0.0433332 0.0499662 0.0525865 0.0242986 0.0256875 
-2.4809 0.0319906 0.0360716 0.030593 0.0427329 0.0434239 0.0499718 0.0525899 0.0241676 0.0255478 
-2.4664 0.0318339 0.0359912 0.0306811 0.0428021 0.0435148 0.0499778 0.0525935 0.0240383 0.0254098 
-2.45201 0.0316828 0.0359141 0.0307718 0.0428719 0.0436059 0.0499842 0.0525974 0.0239105 0.0252734 
-2.43773 0.0315374 0.0358404 0.0308652 0.0429421 0.0436971 0.049991 0.0526016 0.0237844 0.0251387 
-2.42355 0.0313974 0.0357698 0.0309612 0.0430128 0.0437885 0.0499982 0.0526062 0.0236597 0.0250056 
-2.40948 0.031263 0.0357026 0.0310596 0.0430841 0.0438801 0.0500058 0.052611 0.0235366 0.0248742 
-2.39552 0.0311341 0.0356386 0.0311605 0.0431557 0.0439718 0.0500138 0.0526162 0.023415 0.0247443 
-2.38166 0.0310105 0.0355777 0.0312638 0.0432279 0.0440637 0.0500222 0.0526217 0.0232949 0.024616 
-2.3679 0.0308923 0.0355201 0.0313695 0.0433005 0.0441558 0.050031 0.0526275 0.0231763 0.0244893 
-2.35425 0.0307794 0.0354656 0.0314774 0.0433736 0.044248 0.0500403 0.0526337 0.0230591 0.024364 
-2.34069 0.0306718 0.0354142 0.0315876 0.0434471 0.0443403 0.05005 0.0526402 0.0229433 0.0242403 
-2.32723 0.0305693 0.035366 0.0317 0.0435211 0.0444328 0.0500601 0.052647 0.0228288 0.024118 
-2.31387 0.030472 0.0353208 0.0318145 0.0435956 0.0445255 0.0500706 0.0526542 0.0227158 0.0239972 
-2.3006 0.0303798 0.0352788 0.0319311 0.0436704 0.0446183 0.0500815 0.0526617 0.0226042 0.0238779 
-2.28743 0.0302926 0.0352397 0.0320497 0.0437457 0.0447112 0.0500929 0.0526696 0.0224938 0.0237599 
-2.27435 0.0302104 0.0352037 0.0321704 0.0438215 0.0448043 0.0501046 0.0526778 0.0223848 0.0236433 
-2.26136 0.0301331 0.0351706 0.032293 0.0438976 0.0448975 0.0501168 0.0526864 0.0222771 0.0235281 
-2.24847 0.0300608 0.0351405 0.0324175 0.0439742 0.0449909 0.0501294 0.0526953 0.0221707 0.0234143 
-2.23566 0.0299932 0.0351134 0.0325438 0.0440512 0.0450844 0.0501425 0.0527045 0.0220655 0.0233018 
-2.22294 0.0299305 0.0350891 0.032672 0.0441286 0.0451781 0.0501559 0.0527142 0.0219616 0.0231906 
-2.21031 0.0298724 0.0350677 0.032802 0.0442064 0.0452718 0.0501698 0.0527241 0.021859 0.0230807 
-2.19777 0.029819 0.0350492 0.0329337 0.0442846 0.0453657 0.0501841 0.0527345 0.0217575 0.0229721 
-2.18531 0.0297703 0.0350336 0.0330671 0.0443632 0.0454598 0.0501989 0.0527452 0.0216572 0.0228648 
-2.17294 0.0297261 0.0350207 0.0332022 0.0444423 0.0455539 0.050214 0.0527562 0.0215581 0.0227587 
-2.16064 0.0296864 0.0350106 0.0333389 0.0445217 0.0456482 0.0502296 0.0527677 0.0214602 0.0226538 
-2.14844 0.0296512 0.0350033 0.0334771 0.0446014 0.0457426 0.0502456 0.0527795 0.0213635 0.0225501 
-2.13631 0.0296204 0.0349987 0.033617 0.0446816 0.0458372 0.0502621 0.0527916 0.0212678 0.0224477 
-2.12426 0.029594 0.0349968 0.0337583 0.0447621 0.0459319 0.0502789 0.0528042 0.0211733 0.0223464 
-2.11229 0.0295718 0.0349976 0.0339011 0.044843 0.0460266 0.0502962 0.0528171 0.0210799 0.0222463 
-2.1004 0.0295539 0.035001 0.0340453 0.0449243 0.0461216 0.0503139 0.0528303 0.0209876 0.0221473 
-2.08859 0.0295402 0.0350071 0.034191 0.045006 0.0462166 0.050332 0.0528439 0.0208963 0.0220495 
-2.07685 0.0295307 0.0350157 0.034338 0.045088 0.0463117 0.0503506 0.0528579 0.0208061 0.0219528 
-2.06519 0.0295252 0.035027 0.0344863 0.0451703 0.046407 0.0503695 0.0528723 0.020717 0.0218572 
-2.05361 0.0295238 0.0350408 0.034636 0.045253 0.0465024 0.0503889 0.0528871 0.0206289 0.0217626 
-2.0421 0.0295264 0.0350571 0.0347869 0.0453361 0.0465979 0.0504087 0.0529022 0.0205418 0.0216692 
-2.03066 0.029533 0.0350759 0.0349391 0.0454195 0.0466935 0.050429 0.0529177 0.0204557 0.0215768 
-2.01929 0.0295434 0.0350971 0.0350924 0.0455033 0.0467892 0.0504496 0.0529335 0.0203706 0.0214854 
-2.00799 0.0295577 0.0351209 0.035247 0.0455874 0.046885 0.0504707 0.0529497 0.0202865 0.0213951 
-1.99677 0.0295758 0.035147 0.0354027 0.0456718 0.046981 0.0504922 0.0529663 0.0202034 0.0213058 
-1.98561 0.0295977 0.0351756 0.0355596 0.0457565 0.047077 0.050514 0.0529833 0.0201212 0.0212175 
-1.97452 0.0296232 0.0352065 0.0357175 0.0458416 0.0471732 0.0505364 0.0530006 0.0200399 0.0211302 
-1.9635 0.0296524 0.0352397 0.0358765 0.045927 0.0472695 0.0505591 0.0530183 0.0199596 0.0210439 
-1.95255 0.0296852 0.0352753 0.0360366 0.0460128 0.0473658 0.0505822 0.0530364 0.0198802 0.0209586 
-1.94166 0.0297216 0.0353132 0.0361976 0.0460988 0.0474623 0.0506057 0.0530548 0.0198018 0.0208742 
-1.93084 0.0297615 0.0353533 0.0363597 0.0461852 0.0475589 0.0506297 0.0530736 0.0197242 0.0207907 
-1.92008 0.0298049 0.0353957 0.0365227 0.0462719 0.0476556 0.0506541 0.0530928 0.0196475 0.0207082 
-1.90939 0.0298516 0.0354404 0.0366867 0.0463588 0.0477524 0.0506788 0.0531124 0.0195716 0.0206266 
-1.89876 0.0299018 0.0354872 0.0368516 0.0464461 0.0478493 0.050704 0.0531323 0.0194967 0.0205459 
-1.88819 0.0299553 0.0355362 0.0370174 0.0465337 0.0479462 0.0507296 0.0531525 0.0194226 0.0204661 
-1.87768 0.030012 0.0355874 0.037184 0.0466216 0.0480433 0.0507555 0.0531732 0.0193493 0.0203872 
-1.86724 0.030072 0.0356406 0.0373515 0.0467098 0.0481405 0.0507819 0.0531942 0.0192768 0.0203092 
-1.85685 0.0301353 0.035696 0.0375199 0.0467983 0.0482378 0.0508087 0.0532156 0.0192052 0.020232 
-1.84653 0.0302016 0.0357535 0.037689 0.046887 0.0483352 0.0508359 0.0532373 0.0191344 0.0201557 
-1.83626 0.0302711 0.035813 0.0378589 0.0469761 0.0484326 0.0508634 0.0532594 0.0190644 0.0200802 
-1.82606 0.0303436 0.0358746 0.0380296 0.0470654 0.0485302 0.0508914 0.0532818 0.0189952 0.0200056 
-1.81591 0.0304192 0.0359382 0.038201 0.047155 0.0486278 0.0509197 0.0533046 0.0189268 0.0199318 
-1.80581 0.0304977 0.0360038 0.0383731 0.0472449 0.0487256 0.0509485 0.0533278 0.0188591 0.0198588 
-1.79578 0.0305792 0.0360713 0.0385459 0.0473351 0.0488234 0.0509776 0.0533513 0.0187922 0.0197866 
-1.7858 0.0306636 0.0361408 0.0387195 0.0474255 0.0489214 0.0510071 0.0533752 0.0187261 0.0197151 
-1.77587 0.0307509 0.0362122 0.0388936 0.0475162 0.0490194 0.051037 0.0533994 0.0186607 0.0196445 
-1.766 0.030841 0.0362855 0.0390684 0.0476071 0.0491175 0.0510673 0.053424 0.018596 0.0195746 
-1.75619 0.0309338 0.0363607 0.0392439 0.0476984 0.0492157 0.051098 0.0534489 0.0185321 0.0195055 
-1.74642 0.0310294 0.0364378 0.0394199 0.0477898 0.0493139 0.051129 0.0534742 0.0184689 0.0194372 
-1.73671 0.0311277 0.0365167 0.0395966 0.0478816 0.0494123 0.0511605 0.0534998 0.0184064 0.0193696 
-1.72706 0.0312287 0.0365974 0.0397738 0.0479736 0.0495107 0.0511923 0.0535258 0.0183446 0.0193028 
-1.71745 0.0313323 0.0366799 0.0399515 0.0480658 0.0496093 0.0512244 0.0535521 0.0182835 0.0192366 
-1.70789 0.0314385 0.0367642 0.0401298 0.0481583 0.0497079 0.051257 0.0535787 0.0182231 0.0191712 
-1.69839 0.0315472 0.0368502 0.0403086 0.048251 0.0498065 0.0512899 0.0536057 0.0181633 0.0191065 
-1.68894 0.0316585 0.036938 0.040488 0.048344 0.0499053 0.0513232 0.0536331 0.0181043 0.0190425 
-1.67953 0.0317722 0.0370275 0.0406678 0.0484372 0.0500041 0.0513568 0.0536607 0.0180458 0.0189792 
-1.67017 0.0318884 0.0371187 0.0408481 0.0485307 0.050103 0.0513908 0.0536888 0.0179881 0.0189166 
-1.66087 0.032007 0.0372116 0.0410288 0.0486244 0.050202 0.0514252 0.0537171 0.017931 0.0188547 
-1.65161 0.032128 0.0373061 0.04121 0.0487183 0.0503011 0.0514599 0.0537458 0.0178745 0.0187934 
-1.64239 0.0322513 0.0374022 0.0413916 0.0488124 0.0504002 0.051495 0.0537748 0.0178187 0.0187328 
-1.63323 0.0323769 0.0375 0.0415737 0.0489068 0.0504994 0.0515304 0.0538041 0.0177635 0.0186728 
-1.62411 0.0325048 0.0375993 0.0417561 0.0490014 0.0505987 0.0515662 0.0538338 0.0177089 0.0186135 
-1.61504 0.0326349 0.0377003 0.0419389 0.0490962 0.050698 0.0516023 0.0538637 0.0176549 0.0185549 
-1.60601 0.0327672 0.0378028 0.0421221 0.0491912 0.0507975 0.0516388 0.053894 0.0176015 0.0184968 
-1.59703 0.0329016 0.0379068 0.0423057 0.0492864 0.0508969 0.0516756 0.0539247 0.0175488 0.0184394 
-1.58809 0.0330383 0.0380123 0.0424896 0.0493819 0.0509965 0.0517128 0.0539556 0.0174966 0.0183826 
-1.57919 0.033177 0.0381194 0.0426738 0.0494775 0.0510961 0.0517503 0.0539868 0.017445 0.0183265 
-1.57034 0.0333178 0.0382279 0.0428584 0.0495734 0.0511957 0.0517882 0.0540184 0.0173939 0.0182709 
-1.56153 0.0334606 0.0383379 0.0430432 0.0496694 0.0512955 0.0518263 0.0540503 0.0173435 0.0182159 
-1.55277 0.0336055 0.0384494 0.0432284 0.0497657 0.0513952 0.0518648 0.0540825 0.0172936 0.0181615 
-1.54404 0.0337523 0.0385623 0.0434138 0.0498621 0.0514951 0.0519037 0.054115 0.0172443 0.0181078 
-1.53536 0.0339011 0.0386766 0.0435995 0.0499588 0.051595 0.0519429 0.0541478 0.0171955 0.0180545 
-1.52672 0.0340518 0.0387923 0.0437855 0.0500556 0.0516949 0.0519823 0.0541809 0.0171473 0.0180019 
-1.51812 0.0342044 0.0389093 0.0439717 0.0501526 0.0517949 0.0520222 0.0542143 0.0170996 0.0179498 
-1.50957 0.0343588 0.0390277 0.0441582 0.0502499 0.051895 0.0520623 0.054248 0.0170524 0.0178983 
-1.50105 0.0345151 0.0391475 0.0443448 0.0503473 0.0519951 0.0521027 0.0542819 0.0170058 0.0178473 
-1.49257 0.0346732 0.0392686 0.0445317 0.0504448 0.0520953 0.0521435 0.0543162 0.0169597 0.0177969 
-1.48413 0.034833 0.039391 0.0447188 0.0505426 0.0521955 0.0521846 0.0543508 0.0169141 0.017747 
-1.47573 0.0349946 0.0395147 0.0449061 0.0506405 0.0522957 0.052226 0.0543857 0.0168691 0.0176977 
-1.46736 0.0351579 0.0396397 0.0450936 0.0507386 0.052396 0.0522677 0.0544208 0.0168245 0.0176488 
-1.45904 0.0353229 0.0397659 0.0452813 0.0508369 0.0524963 0.0523097 0.0544562 0.0167804 0.0176005 
-1.45075 0.0354896 0.0398934 0.0454691 0.0509353 0.0525967 0.052352 0.0544919 0.0167369 0.0175528 
-1.4425 0.0356579 0.0400221 0.045657 0.0510339 0.0526971 0.0523946 0.0545279 0.0166938 0.0175055 
-1.43429 0.0358279 0.040152 0.0458451 0.0511326 0.0527976 0.0524374 0.0545642 0.0166512 0.0174587 
-1.42611 0.0359994 0.0402831 0.0460334 0.0512315 0.0528981 0.0524806 0.0546007 0.0166091 0.0174125 
-1.41797 0.0361724 0.0404154 0.0462217 0.0513306 0.0529986 0.0525241 0.0546375 0.0165675 0.0173667 
-1.40987 0.036347 0.0405489 0.0464102 0.0514298 0.0530992 0.0525679 0.0546746 0.0165263 0.0173214 
-1.4018 0.0365231 0.0406835 0.0465988 0.0515292 0.0531997 0.0526119 0.0547119 0.0164856 0.0172766 
-1.39376 0.0367007 0.0408192 0.0467874 0.0516287 0.0533003 0.0526562 0.0547495 0.0164454 0.0172323 
-1.38576 0.0368798 0.0409561 0.0469762 0.0517283 0.053401 0.0527009 0.0547874 0.0164056 0.0171885 
-1.3778 0.0370602 0.041094 0.047165 0.0518281 0.0535016 0.0527457 0.0548255 0.0163662 0.0171451 
-1.36987 0.0372421 0.0412331 0.0473539 0.051928 0.0536023 0.0527909 0.0548638 0.0163274 0.0171022 
-1.36197 0.0374254 0.0413732 0.0475429 0.0520281 0.053703 0.0528363 0.0549024 0.0162889 0.0170598 
-1.35411 0.03761 0.0415144 0.0477319 0.0521283 0.0538038 0.052882 0.0549413 0.0162509 0.0170178 
-1.34628 0.037796 0.0416566 0.0479209 0.0522286 0.0539045 0.052928 0.0549804 0.0162133 0.0169763 
-1.33848 0.0379833 0.0417999 0.04811 0.052329 0.0540053 0.0529742 0.0550198 0.0161762 0.0169352 
-1.33071 0.0381718 0.0419442 0.0482991 0.0524296 0.054106 0.0530207 0.0550593 0.0161395 0.0168945 
-1.32298 0.0383617 0.0420895 0.0484882 0.0525303 0.0542068 0.0530674 0.0550992 0.0161032 0.0168543 
-1.31528 0.0385528 0.0422357 0.0486773 0.0526311 0.0543076 0.0531144 0.0551392 0.0160673 0.0168145 
-1.30761 0.0387451 0.042383 0.0488664 0.052732 0.0544084 0.0531617 0.0551795 0.0160318 0.0167752 
-1.29997 0.0389386 0.0425312 0.0490555 0.052833 0.0545092 0.0532092 0.05522 0.0159967 0.0167362 
-1.29236 0.0391332 0.0426803 0.0492446 0.0529341 0.05461 0.0532569 0.0552608 0.015962 0.0166977 
-1.28478 0.0393291 0.0428304 0.0494337 0.0530354 0.0547108 0.0533049 0.0553017 0.0159278 0.0166596 
-1.27723 0.0395261 0.0429814 0.0496227 0.0531367 0.0548116 0.0533531 0.0553429 0.0158939 0.0166219 
-1.26971 0.0397242 0.0431333 0.0498117 0.0532381 0.0549124 0.0534015 0.0553843 0.0158604 0.0165846 
-1.26222 0.0399233 0.0432861 0.0500007 0.0533396 0.0550132 0.0534502 0.0554259 0.0158273 0.0165477 
-1.25476 0.0401236 0.0434398 0.0501896 0.0534413 0.0551139 0.0534991 0.0554677 0.0157946 0.0165113 
-1.24733 0.0403249 0.0435944 0.0503784 0.053543 0.0552147 0.0535482 0.0555098 0.0157623 0.0164752 
-1.23993 0.0405272 0.0437498 0.0505671 0.0536447 0.0553154 0.0535976 0.055552 0.0157303 0.0164395 
-1.23256 0.0407306 0.043906 0.0507558 0.0537466 0.0554162 0.0536472 0.0555944 0.0156987 0.0164041 
-1.22521 0.0409349 0.0440631 0.0509444 0.0538485 0.0555169 0.053697 0.055637 0.0156675 0.0163692 
-1.2179 0.0411402 0.0442209 0.0511329 0.0539506 0.0556176 0.053747 0.0556799 0.0156366 0.0163346 
-1.21061 0.0413465 0.0443796 0.0513213 0.0540527 0.0557183 0.0537972 0.0557229 0.0156061 0.0163004 
-1.20334 0.0415537 0.0445391 0.0515096 0.0541548 0.0558189 0.0538476 0.0557661 0.015576 0.0162666 
-1.19611 0.0417618 0.0446993 0.0516977 0.054257 0.0559195 0.0538982 0.0558094 0.0155462 0.0162331 
-1.1889 0.0419708 0.0448603 0.0518858 0.0543593 0.0560201 0.053949 0.055853 0.0155168 0.0162001 
-1.18172 0.0421806 0.0450221 0.0520737 0.0544617 0.0561206 0.0540001 0.0558968 0.0154877 0.0161673 
-1.17456 0.0423913 0.0451845 0.0522615 0.0545641 0.0562212 0.0540513 0.0559407 0.0154589 0.0161349 
-1.16743 0.0426029 0.0453478 0.0524491 0.0546665 0.0563216 0.0541027 0.0559848 0.0154305 0.0161029 
-1.16033 0.0428153 0.0455117 0.0526366 0.054769 0.0564221 0.0541543 0.056029 0.0154024 0.0160712 
-1.15325 0.0430284 0.0456763 0.0528239 0.0548715 0.0565225 0.054206 0.0560734 0.0153747 0.0160399 
-1.1462 0.0432424 0.0458416 0.0530111 0.0549741 0.0566228 0.054258 0.056118 0.0153473 0.0160089 
-1.13917 0.0434571 0.0460076 0.0531981 0.0550767 0.0567231 0.0543101 0.0561628 0.0153202 0.0159782 
-1.13217 0.0436726 0.0461743 0.0533849 0.0551794 0.0568233 0.0543624 0.0562077 0.0152934 0.0159479 
-1.12519 0.0438887 0.0463416 0.0535715 0.0552821 0.0569235 0.0544149 0.0562527 0.015267 0.0159179 
-1.11824 0.0441056 0.0465095 0.0537579 0.0553848 0.0570236 0.0544676 0.0562979 0.0152409 0.0158882 
-1.11131 0.0443232 0.0466781 0.0539442 0.0554875 0.0571237 0.0545204 0.0563433 0.015215 0.0158589 
-1.1044 0.0445415 0.0468473 0.0541302 0.0555903 0.0572237 0.0545733 0.0563888 0.0151896 0.0158299 
-1.09752 0.0447604 0.0470171 0.054316 0.0556931 0.0573236 0.0546265 0.0564344 0.0151644 0.0158012 
-1.09066 0.0449799 0.0471875 0.0545016 0.0557959 0.0574235 0.0546797 0.0564801 0.0151395 0.0157728 
-1.08382 0.0452001 0.0473584 0.054687 0.0558987 0.0575233 0.0547332 0.056526 0.0151149 0.0157447 
-1.07701 0.0454209 0.04753 0.0548722 0.0560015 0.057623 0.0547867 0.056572 0.0150906 0.0157169 
-1.07022 0.0456423 0.0477021 0.0550571 0.0561043 0.0577226 0.0548405 0.0566182 0.0150666 0.0156895 
-1.06345 0.0458642 0.0478747 0.0552417 0.0562071 0.0578221 0.0548943 0.0566645 0.0150429 0.0156623 
-1.05671 0.0460867 0.0480479 0.0554261 0.0563099 0.0579216 0.0549483 0.0567108 0.0150195 0.0156354 
-1.04999 0.0463097 0.0482216 0.0556103 0.0564127 0.058021 0.0550024 0.0567573 0.0149964 0.0156089 
-1.04328 0.0465333 0.0483958 0.0557942 0.0565155 0.0581203 0.0550567 0.0568039 0.0149736 0.0155826 
-1.0366 0.0467573 0.0485705 0.0559778 0.0566183 0.0582195 0.0551111 0.0568506 0.014951 0.0155566 
-1.02995 0.0469819 0.0487457 0.0561611 0.056721 0.0583185 0.0551656 0.0568975 0.0149288 0.0155309 
-1.02331 0.0472069 0.0489214 0.0563442 0.0568237 0.0584175 0.0552202 0.0569444 0.0149068 0.0155055 
-1.01669 0.0474324 0.0490975 0.0565269 0.0569264 0.0585164 0.0552749 0.0569914 0.0148851 0.0154804 
-1.0101 0.0476583 0.0492742 0.0567094 0.0570291 0.0586152 0.0553298 0.0570385 0.0148636 0.0154556 
-1.00353 0.0478846 0.0494512 0.0568916 0.0571317 0.0587139 0.0553847 0.0570857 0.0148425 0.015431 
-0.996972 0.0481114 0.0496287 0.0570734 0.0572343 0.0588124 0.0554398 0.057133 0.0148216 0.0154067 
-0.990438 0.0483385 0.0498066 0.057255 0.0573369 0.0589108 0.0554949 0.0571803 0.0148009 0.0153827 
-0.983925 0.048566 0.0499849 0.0574362 0.0574394 0.0590092 0.0555502 0.0572278 0.0147806 0.0153589 
-0.977431 0.0487939 0.0501636 0.0576171 0.0575418 0.0591073 0.0556055 0.0572753 0.0147604 0.0153354 
-0.970958 0.0490222 0.0503427 0.0577976 0.0576442 0.0592054 0.055661 0.0573229 0.0147406 0.0153122 
-0.964503 0.0492507 0.0505222 0.0579778 0.0577466 0.0593033 0.0557165 0.0573705 0.014721 0.0152893 
-0.958068 0.0494796 0.0507021 0.0581577 0.0578488 0.0594011 0.0557721 0.0574182 0.0147016 0.0152666 
-0.951652 0.0497088 0.0508823 0.0583372 0.0579511 0.0594988 0.0558278 0.057466 0.0146825 0.0152441 
-0.945256 0.0499383 0.0510629 0.0585163 0.0580532 0.0595963 0.0558835 0.0575138 0.0146637 0.0152219 
-0.938877 0.050168 0.0512438 0.0586951 0.0581553 0.0596937 0.0559394 0.0575617 0.0146451 0.0152 
-0.932518 0.0503981 0.051425 0.0588735 0.0582573 0.0597909 0.0559953 0.0576096 0.0146267 0.0151783 
-0.926177 0.0506283 0.0516065 0.0590515 0.0583592 0.0598879 0.0560512 0.0576576 0.0146086 0.0151568 
-0.919853 0.0508588 0.0517883 0.0592291 0.058461 0.0599848 0.0561072 0.0577056 0.0145907 0.0151356 
-0.913549 0.0510895 0.0519705 0.0594064 0.0585627 0.0600816 0.0561633 0.0577537 0.014573 0.0151147 
-0.907261 0.0513204 0.0521529 0.0595832 0.0586643 0.0601782 0.0562194 0.0578017 0.0145556 0.015094 
-0.900992 0.0515514 0.0523356 0.0597596 0.0587659 0.0602746 0.0562756 0.0578498 0.0145384 0.0150735 
-0.89474 0.0517827 0.0525185 0.0599356 0.0588673 0.0603708 0.0563318 0.057898 0.0145215 0.0150532 
-0.888506 0.0520141 0.0527017 0.0601112 0.0589686 0.0604669 0.0563881 0.0579461 0.0145048 0.0150332 
-0.882288 0.0522456 0.0528851 0.0602864 0.0590699 0.0605628 0.0564444 0.0579943 0.0144883 0.0150134 
-0.876088 0.0524773 0.0530688 0.0604612 0.059171 0.0606585 0.0565007 0.0580425 0.014472 0.0149939 
-0.869904 0.052709 0.0532526 0.0606355 0.0592719 0.060754 0.0565571 0.0580907 0.0144559 0.0149745 
-0.863738 0.0529409 0.0534367 0.0608093 0.0593728 0.0608494 0.0566134 0.0581389 0.0144401 0.0149554 
-0.857587 0.0531729 0.053621 0.0609827 0.0594735 0.0609445 0.0566698 0.0581871 0.0144245 0.0149365 
-0.851453 0.0534049 0.0538055 0.0611557 0.0595741 0.0610394 0.0567263 0.0582353 0.0144091 0.0149179 
-0.845336 0.053637 0.0539901 0.0613282 0.0596746 0.0611342 0.0567827 0.0582835 0.0143939 0.0148994 
-0.839234 0.0538691 0.0541749 0.0615002 0.0597749 0.0612287 0.0568391 0.0583317 0.0143789 0.0148812 
-0.833148 0.0541012 0.0543598 0.0616717 0.059875 0.061323 0.0568956 0.0583799 0.0143642 0.0148632 
-0.827078 0.0543334 0.0545449 0.0618428 0.0599751 0.0614171 0.056952 0.0584281 0.0143496 0.0148454 
-0.821023 0.0545656 0.0547302 0.0620134 0.0600749 0.061511 0.0570085 0.0584762 0.0143353 0.0148278 
-0.814984 0.0547977 0.0549155 0.0621834 0.0601746 0.0616047 0.0570649 0.0585244 0.0143211 0.0148104 
-0.808961 0.0550298 0.055101 0.062353 0.0602742 0.0616981 0.0571214 0.0585724 0.0143072 0.0147932 
-0.802952 0.0552619 0.0552866 0.0625221 0.0603736 0.0617914 0.0571778 0.0586205 0.0142934 0.0147762 
-0.796958 0.0554939 0.0554722 0.0626906 0.0604728 0.0618843 0.0572342 0.0586685 0.0142799 0.0147595 
-0.790979 0.0557259 0.055658 0.0628586 0.0605718 0.0619771 0.0572906 0.0587165 0.0142665 0.0147429 
-0.785015 0.0559577 0.0558438 0.0630261 0.0606706 0.0620696 0.0573469 0.0587644 0.0142534 0.0147265 
-0.779065 0.0561895 0.0560296 0.0631931 0.0607693 0.0621618 0.0574033 0.0588123 0.0142404 0.0147103 
-0.77313 0.0564212 0.0562156 0.0633595 0.0608678 0.0622538 0.0574595 0.0588602 0.0142276 0.0146943 
-0.767209 0.0566527 0.0564015 0.0635254 0.060966 0.0623456 0.0575158 0.0589079 0.0142151 0.0146785 
-0.761302 0.0568841 0.0565875 0.0636907 0.0610641 0.0624371 0.057572 0.0589557 0.0142027 0.0146629 
-0.755409 0.0571154 0.0567735 0.0638555 0.061162 0.0625283 0.0576282 0.0590033 0.0141905 0.0146475 
-0.749529 0.0573465 0.0569595 0.0640196 0.0612596 0.0626193 0.0576843 0.0590509 0.0141785 0.0146323 
-0.743664 0.0575774 0.0571455 0.0641833 0.0613571 0.06271 0.0577404 0.0590984 0.0141666 0.0146172 
-0.737812 0.0578081 0.0573315 0.0643463 0.0614543 0.0628004 0.0577964 0.0591458 0.014155 0.0146024 
-0.731973 0.0580386 0.0575175 0.0645087 0.0615513 0.0628905 0.0578523 0.0591932 0.0141435 0.0145877 
-0.726148 0.0582689 0.0577035 0.0646706 0.0616481 0.0629804 0.0579082 0.0592405 0.0141322 0.0145732 
-0.720335 0.058499 0.0578894 0.0648319 0.0617447 0.06307 0.057964 0.0592877 0.0141211 0.0145589 
-0.714536 0.0587288 0.0580752 0.0649925 0.061841 0.0631592 0.0580197 0.0593348 0.0141101 0.0145447 
-0.70875 0.0589584 0.058261 0.0651526 0.0619371 0.0632482 0.0580754 0.0593817 0.0140993 0.0145308 
-0.702976 0.0591877 0.0584467 0.065312 0.0620329 0.0633369 0.058131 0.0594286 0.0140887 0.014517 
-0.697215 0.0594167 0.0586323 0.0654708 0.0621285 0.0634253 0.0581865 0.0594754 0.0140783 0.0145033 
-0.691466 0.0596454 0.0588178 0.0656289 0.0622238 0.0635133 0.0582419 0.0595221 0.014068 0.0144899 
-0.68573 0.0598738 0.0590032 0.0657865 0.0623189 0.0636011 0.0582972 0.0595687 0.0140579 0.0144766 
-0.680006 0.0601019 0.0591885 0.0659433 0.0624137 0.0636885 0.0583524 0.0596151 0.014048 0.0144635 
-0.674294 0.0603296 0.0593737 0.0660996 0.0625082 0.0637756 0.0584075 0.0596615 0.0140382 0.0144505 
-0.668593 0.060557 0.0595587 0.0662551 0.0626025 0.0638624 0.0584625 0.0597077 0.0140286 0.0144377 
-0.662905 0.0607841 0.0597436 0.06641 0.0626964 0.0639489 0.0585174 0.0597538 0.0140192 0.0144251 
-0.657229 0.0610107 0.0599284 0.0665643 0.0627901 0.064035 0.0585722 0.0597997 0.0140099 0.0144126 
-0.651564 0.061237 0.0601129 0.0667178 0.0628836 0.0641208 0.0586269 0.0598455 0.0140008 0.0144003 
-0.64591 0.0614629 0.0602973 0.0668707 0.0629767 0.0642062 0.0586814 0.0598912 0.0139918 0.0143882 
-0.640268 0.0616883 0.0604815 0.0670229 0.0630695 0.0642913 0.0587358 0.0599368 0.013983 0.0143762 
-0.634637 0.0619134 0.0606655 0.0671744 0.063162 0.064376 0.0587901 0.0599821 0.0139743 0.0143643 
-0.629017 0.062138 0.0608493 0.0673252 0.0632542 0.0644604 0.0588442 0.0600274 0.0139658 0.0143526 
-0.623408 0.0623621 0.0610329 0.0674752 0.0633462 0.0645444 0.0588983 0.0600724 0.0139575 0.0143411 
-0.61781 0.0625858 0.0612162 0.0676246 0.0634377 0.0646281 0.0589521 0.0601174 0.0139492 0.0143297 
-0.612222 0.062809 0.0613993 0.0677732 0.063529 0.0647114 0.0590059 0.0601621 0.0139412 0.0143185 
-0.606646 0.0630317 0.0615822 0.0679211 0.06362 0.0647943 0.0590594 0.0602067 0.0139333 0.0143074 
-0.601079 0.063254 0.0617647 0.0680683 0.0637106 0.0648768 0.0591129 0.0602511 0.0139255 0.0142964 
-0.595524 0.0634757 0.0619471 0.0682147 0.0638009 0.0649589 0.0591661 0.0602954 0.0139179 0.0142857 
-0.589978 0.0636968 0.0621291 0.0683604 0.0638908 0.0650407 0.0592192 0.0603394 0.0139104 0.014275 
-0.584442 0.0639175 0.0623109 0.0685053 0.0639804 0.0651221 0.0592722 0.0603833 0.0139031 0.0142645 
-0.578917 0.0641375 0.0624923 0.0686495 0.0640697 0.065203 0.059325 0.060427 0.0138959 0.0142541 
-0.573402 0.0643571 0.0626734 0.0687928 0.0641586 0.0652836 0.0593776 0.0604705 0.0138888 0.0142439 
-0.567896 0.064576 0.0628543 0.0689355 0.0642471 0.0653638 0.05943 0.0605138 0.0138819 0.0142338 
-0.5624 0.0647943 0.0630347 0.0690773 0.0643353 0.0654435 0.0594822 0.0605569 0.0138751 0.0142238 
-0.556913 0.0650121 0.0632149 0.0692183 0.0644231 0.0655229 0.0595343 0.0605998 0.0138684 0.014214 
-0.551437 0.0652292 0.0633947 0.0693586 0.0645105 0.0656018 0.0595861 0.0606425 0.0138619 0.0142043 
-0.545969 0.0654457 0.0635741 0.069498 0.0645976 0.0656803 0.0596378 0.060685 0.0138556 0.0141948 
-0.540511 0.0656616 0.0637532 0.0696367 0.0646842 0.0657584 0.0596893 0.0607272 0.0138493 0.0141854 
-0.535062 0.0658768 0.0639318 0.0697745 0.0647705 0.065836 0.0597406 0.0607693 0.0138432 0.0141761 
-0.529622 0.0660913 0.0641101 0.0699115 0.0648564 0.0659133 0.0597916 0.0608111 0.0138372 0.0141669 
-0.52419 0.0663052 0.064288 0.0700477 0.0649419 0.06599 0.0598425 0.0608527 0.0138313 0.0141579 
-0.518768 0.0665184 0.0644655 0.0701831 0.065027 0.0660664 0.0598931 0.0608941 0.0138256 0.014149 
-0.513355 0.0667309 0.0646425 0.0703176 0.0651117 0.0661422 0.0599436 0.0609352 0.01382 0.0141402 
-0.50795 0.0669426 0.0648191 0.0704512 0.065196 0.0662177 0.0599938 0.0609761 0.0138145 0.0141315 
-0.502553 0.0671537 0.0649953 0.0705841 0.0652799 0.0662926 0.0600438 0.0610168 0.0138092 0.014123 
-0.497165 0.067364 0.065171 0.070716 0.0653634 0.0663672 0.0600935 0.0610572 0.0138039 0.0141146 
-0.491786 0.0675735 0.0653462 0.0708471 0.0654464 0.0664412 0.0601431 0.0610974 0.0137988 0.0141063 
-0.486414 0.0677823 0.065521 0.0709774 0.065529 0.0665148 0.0601923 0.0611373 0.0137938 0.0140982 
-0.481051 0.0679903 0.0656953 0.0711067 0.0656112 0.0665879 0.0602414 0.061177 0.0137889 0.0140901 
-0.475695 0.0681976 0.0658691 0.0712352 0.0656929 0.0666605 0.0602902 0.0612164 0.0137842 0.0140822 
-0.470348 0.068404 0.0660424 0.0713628 0.0657742 0.0667326 0.0603388 0.0612556 0.0137796 0.0140744 
-0.465008 0.0686096 0.0662152 0.0714894 0.065855 0.0668043 0.0603871 0.0612944 0.013775 0.0140667 
-0.459676 0.0688144 0.0663875 0.0716152 0.0659354 0.0668755 0.0604352 0.061333 0.0137706 0.0140591 
-0.454352 0.0690184 0.0665592 0.0717401 0.0660153 0.0669461 0.060483 0.0613714 0.0137663 0.0140516 
-0.449035 0.0692215 0.0667304 0.0718641 0.0660948 0.0670163 0.0605305 0.0614094 0.0137622 0.0140443 
-0.443726 0.0694238 0.066901 0.0719871 0.0661738 0.067086 0.0605778 0.0614472 0.0137581 0.0140371 
-0.438424 0.0696252 0.0670711 0.0721093 0.0662524 0.0671551 0.0606248 0.0614847 0.0137541 0.0140299 
-0.433129 0.0698257 0.0672406 0.0722304 0.0663304 0.0672238 0.0606715 0.0615219 0.0137503 0.0140229 
-0.427841 0.0700254 0.0674095 0.0723507 0.066408 0.0672919 0.060718 0.0615588 0.0137466 0.014016 
-0.42256 0.0702241 0.0675778 0.07247 0.0664851 0.0673595 0.0607642 0.0615955 0.013743 0.0140092 
-0.417286 0.0704219 0.0677455 0.0725884 0.0665618 0.0674266 0.0608101 0.0616318 0.0137394 0.0140025 
-0.412019 0.0706188 0.0679127 0.0727058 0.0666379 0.0674932 0.0608557 0.0616678 0.013736 0.0139959 
-0.406759 0.0708147 0.0680792 0.0728222 0.0667135 0.0675592 0.060901 0.0617035 0.0137327 0.0139894 
-0.401506 0.0710097 0.068245 0.0729377 0.0667887 0.0676247 0.0609461 0.0617389 0.0137295 0.0139831 
-0.396258 0.0712038 0.0684102 0.0730522 0.0668633 0.0676897 0.0609908 0.061774 0.0137264 0.0139768 
-0.391018 0.0713968 0.0685748 0.0731658 0.0669374 0.0677541 0.0610352 0.0618088 0.0137234 0.0139706 
-0.385784 0.0715889 0.0687387 0.0732783 0.067011 0.067818 0.0610794 0.0618433 0.0137206 0.0139645 
-0.380556 0.07178 0.068902 0.0733899 0.0670841 0.0678813 0.0611232 0.0618774 0.0137178 0.0139586 
-0.375334 0.0719701 0.0690645 0.0735005 0.0671567 0.0679441 0.0611667 0.0619113 0.0137151 0.0139527 
-0.370118 0.0721591 0.0692264 0.0736101 0.0672287 0.0680063 0.0612099 0.0619448 0.0137125 0.0139469 
-0.364908 0.0723472 0.0693876 0.0737186 0.0673002 0.0680679 0.0612528 0.0619779 0.01371 0.0139413 
-0.359704 0.0725342 0.0695481 0.0738262 0.0673712 0.068129 0.0612954 0.0620108 0.0137076 0.0139357 
-0.354506 0.0727201 0.0697078 0.0739327 0.0674416 0.0681895 0.0613376 0.0620433 0.0137053 0.0139302 
-0.349314 0.072905 0.0698669 0.0740382 0.0675115 0.0682495 0.0613795 0.0620754 0.0137032 0.0139248 
-0.344127 0.0730888 0.0700251 0.0741427 0.0675809 0.0683088 0.0614211 0.0621072 0.0137011 0.0139195 
-0.338946 0.0732716 0.0701827 0.0742462 0.0676497 0.0683676 0.0614624 0.0621387 0.0136991 0.0139144 
-0.333771 0.0734532 0.0703395 0.0743486 0.067718 0.0684258 0.0615033 0.0621698 0.0136971 0.0139093 
-0.3286 0.0736338 0.0704955 0.07445 0.0677856 0.0684834 0.0615439 0.0622006 0.0136953 0.0139043 
-0.323435 0.0738132 0.0706508 0.0745503 0.0678528 0.0685404 0.0615841 0.062231 0.0136936 0.0138993 
-0.318275 0.0739915 0.0708053 0.0746496 0.0679193 0.0685968 0.061624 0.062261 0.013692 0.0138945 
-0.313121 0.0741686 0.070959 0.0747478 0.0679853 0.0686527 0.0616635 0.0622907 0.0136904 0.0138898 
-0.307971 0.0743447 0.0711118 0.074845 0.0680507 0.0687079 0.0617027 0.0623201 0.013689 0.0138852 
-0.302826 0.0745195 0.0712639 0.0749411 0.0681156 0.0687625 0.0617416 0.062349 0.0136876 0.0138806 
-0.297686 0.0746932 0.0714152 0.0750361 0.0681798 0.0688165 0.06178 0.0623776 0.0136864 0.0138761 
-0.292551 0.0748657 0.0715656 0.07513 0.0682435 0.0688699 0.0618182 0.0624059 0.0136852 0.0138718 
-0.28742 0.0750371 0.0717152 0.0752229 0.0683066 0.0689227 0.0618559 0.0624337 0.0136841 0.0138675 
-0.282294 0.0752072 0.071864 0.0753146 0.0683691 0.0689749 0.0618933 0.0624612 0.0136831 0.0138633 
-0.277173 0.0753761 0.0720119 0.0754053 0.068431 0.0690264 0.0619303 0.0624883 0.0136822 0.0138592 
-0.272056 0.0755438 0.0721589 0.0754949 0.0684923 0.0690773 0.061967 0.062515 0.0136814 0.0138551 
-0.266943 0.0757103 0.0723051 0.0755833 0.068553 0.0691276 0.0620033 0.0625413 0.0136806 0.0138512 
-0.261834 0.0758755 0.0724504 0.0756707 0.0686131 0.0691773 0.0620392 0.0625673 0.01368 0.0138473 
-0.25673 0.0760395 0.0725948 0.075757 0.0686726 0.0692263 0.0620747 0.0625928 0.0136794 0.0138436 
-0.25163 0.0762023 0.0727383 0.0758421 0.0687314 0.0692747 0.0621099 0.062618 0.0136789 0.0138399 
-0.246533 0.0763637 0.0728809 0.0759261 0.0687897 0.0693225 0.0621446 0.0626428 0.0136785 0.0138362 
-0.241441 0.0765239 0.0730226 0.076009 0.0688473 0.0693696 0.062179 0.0626671 0.0136782 0.0138327 
-0.236352 0.0766828 0.0731634 0.0760908 0.0689043 0.0694161 0.062213 0.0626911 0.0136779 0.0138293 
-0.231267 0.0768404 0.0733032 0.0761714 0.0689607 0.0694619 0.0622466 0.0627147 0.0136778 0.0138259 
-0.226186 0.0769968 0.0734421 0.0762509 0.0690164 0.069507 0.0622798 0.0627378 0.0136777 0.0138226 
-0.221108 0.0771517 0.0735801 0.0763293 0.0690716 0.0695516 0.0623126 0.0627606 0.0136777 0.0138194 
-0.216034 0.0773054 0.0737171 0.0764065 0.069126 0.0695954 0.062345 0.062783 0.0136778 0.0138163 
-0.210964 0.0774578 0.0738531 0.0764826 0.0691799 0.0696386 0.062377 0.0628049 0.0136779 0.0138132 
-0.205896 0.0776087 0.0739881 0.0765575 0.0692331 0.0696812 0.0624086 0.0628264 0.0136782 0.0138103 
-0.200832 0.0777584 0.0741222 0.0766313 0.0692856 0.069723 0.0624398 0.0628476 0.0136785 0.0138074 
-0.195771 0.0779067 0.0742553 0.0767039 0.0693375 0.0697642 0.0624706 0.0628683 0.0136789 0.0138046 
-0.190713 0.0780536 0.0743874 0.0767753 0.0693888 0.0698048 0.062501 0.0628886 0.0136794 0.0138018 
-0.185658 0.0781991 0.0745185 0.0768456 0.0694394 0.0698446 0.062531 0.0629084 0.0136799 0.0137992 
-0.180606 0.0783433 0.0746486 0.0769146 0.0694893 0.0698838 0.0625605 0.0629279 0.0136805 0.0137966 
-0.175557 0.078486 0.0747777 0.0769826 0.0695386 0.0699224 0.0625897 0.0629469 0.0136812 0.0137941 
-0.17051 0.0786274 0.0749057 0.0770493 0.0695872 0.0699602 0.0626184 0.0629655 0.013682 0.0137916 
-0.165466 0.0787673 0.0750327 0.0771149 0.0696352 0.0699974 0.0626467 0.0629837 0.0136829 0.0137893 
-0.160425 0.0789059 0.0751587 0.0771792 0.0696825 0.0700338 0.0626746 0.0630014 0.0136838 0.013787 
-0.155386 0.079043 0.0752836 0.0772424 0.0697291 0.0700696 0.062702 0.0630187 0.0136848 0.0137848 
-0.15035 0.0791786 0.0754074 0.0773044 0.0697751 0.0701047 0.0627291 0.0630356 0.0136859 0.0137826 
-0.145316 0.0793128 0.0755302 0.0773652 0.0698203 0.0701392 0.0627557 0.0630521 0.0136871 0.0137806 
-0.140284 0.0794456 0.0756519 0.0774248 0.0698649 0.0701729 0.0627819 0.0630681 0.0136883 0.0137786 
-0.135255 0.0795769 0.0757726 0.0774832 0.0699089 0.0702059 0.0628076 0.0630837 0.0136896 0.0137767 
-0.130228 0.0797068 0.0758921 0.0775404 0.0699521 0.0702383 0.0628329 0.0630988 0.013691 0.0137748 
-0.125202 0.0798351 0.0760106 0.0775964 0.0699947 0.0702699 0.0628578 0.0631135 0.0136924 0.013773 
-0.120179 0.079962 0.076128 0.0776512 0.0700365 0.0703009 0.0628823 0.0631278 0.0136939 0.0137713 
-0.115157 0.0800874 0.0762442 0.0777048 0.0700777 0.0703311 0.0629063 0.0631416 0.0136955 0.0137697 
-0.110138 0.0802113 0.0763594 0.0777571 0.0701182 0.0703607 0.0629299 0.063155 0.0136972 0.0137681 
-0.10512 0.0803337 0.0764734 0.0778083 0.070158 0.0703895 0.062953 0.0631679 0.0136989 0.0137667 
-0.100103 0.0804545 0.0765863 0.0778582 0.0701971 0.0704176 0.0629757 0.0631804 0.0137007 0.0137652 
-0.0950886 0.0805739 0.0766981 0.0779069 0.0702355 0.0704451 0.062998 0.0631925 0.0137026 0.0137639 
-0.0900753 0.0806917 0.0768087 0.0779544 0.0702732 0.0704718 0.0630198 0.0632041 0.0137045 0.0137626 
-0.0850634 0.080808 0.0769181 0.0780007 0.0703102 0.0704978 0.0630412 0.0632152 0.0137066 0.0137614 
-0.0800528 0.0809227 0.0770265 0.0780457 0.0703465 0.0705231 0.0630621 0.0632259 0.0137086 0.0137603 
-0.0750435 0.0810359 0.0771336 0.0780895 0.0703821 0.0705477 0.0630826 0.0632362 0.0137108 0.0137592 
-0.0700354 0.0811476 0.0772396 0.078132 0.070417 0.0705716 0.0631026 0.063246 0.013713 0.0137582 
-0.0650283 0.0812577 0.0773444 0.0781734 0.0704512 0.0705948 0.0631222 0.0632554 0.0137153 0.0137573 
-0.0600222 0.0813662 0.0774481 0.0782135 0.0704847 0.0706173 0.0631413 0.0632643 0.0137177 0.0137564 
-0.0550171 0.0814731 0.0775505 0.0782523 0.0705175 0.070639 0.06316 0.0632727 0.0137201 0.0137556 
-0.0500128 0.0815785 0.0776518 0.07829 0.0705495 0.0706601 0.0631783 0.0632807 0.0137226 0.0137549 
-0.0450093 0.0816823 0.0777519 0.0783263 0.0705809 0.0706804 0.0631961 0.0632883 0.0137252 0.0137543 
-0.0400065 0.0817845 0.0778508 0.0783615 0.0706115 0.0707 0.0632134 0.0632954 0.0137279 0.0137537 
-0.0350043 0.0818851 0.0779484 0.0783954 0.0706415 0.0707189 0.0632303 0.063302 0.0137306 0.0137532 
-0.0300027 0.081984 0.0780449 0.078428 0.0706707 0.070737 0.0632467 0.0633082 0.0137334 0.0137527 
-0.0250016 0.0820814 0.0781401 0.0784594 0.0706992 0.0707545 0.0632627 0.063314 0.0137362 0.0137523 
-0.0200008 0.0821772 0.0782341 0.0784896 0.070727 0.0707712 0.0632782 0.0633192 0.0137391 0.013752 
-0.0150003 0.0822713 0.0783269 0.0785185 0.070754 0.0707872 0.0632933 0.0633241 0.0137421 0.0137518 
-0.0100001 0.0823638 0.0784184 0.0785462 0.0707803 0.0708025 0.0633079 0.0633284 0.0137452 0.0137516 
-0.005 0.0824547 0.0785087 0.0785726 0.070806 0.070817 0.0633221 0.0633323 0.0137483 0.0137515 
-1.49411e-16 0.082544 0.0785977 0.0785977 0.0708309 0.0708309 0.0633358 0.0633358 0.0137515 0.0137515 
0.005 0.0826316 0.0786855 0.0786217 0.070855 0.070844 0.063349 0.0633388 0.0137548 0.0137515 
0.0100001 0.0827175 0.0787721 0.0786443 0.0708785 0.0708564 0.0633618 0.0633413 0.0137581 0.0137516 
0.0150003 0.0828018 0.0788574 0.0786657 0.0709012 0.0708681 0.0633742 0.0633434 0.0137615 0.0137518 
0.0200008 0.0828845 0.0789414 0.0786859 0.0709232 0.070879 0.063386 0.063345 0.0137649 0.013752 
0.0250016 0.0829654 0.0790241 0.0787048 0.0709445 0.0708892 0.0633975 0.0633462 0.0137685 0.0137523 
0.0300027 0.0830448 0.0791056 0.0787224 0.0709651 0.0708987 0.0634084 0.0633469 0.0137721 0.0137527 
0.0350043 0.0831224 0.0791858 0.0787388 0.0709849 0.0709075 0.063419 0.0633472 0.0137758 0.0137532 
0.0400065 0.0831984 0.0792647 0.0787539 0.071004 0.0709156 0.063429 0.063347 0.0137795 0.0137537 
0.0450093 0.0832727 0.0793423 0.0787678 0.0710224 0.0709229 0.0634386 0.0633464 0.0137833 0.0137543 
0.0500128 0.0833453 0.0794186 0.0787805 0.07104 0.0709295 0.0634478 0.0633453 0.0137872 0.0137549 
0.0550171 0.0834162 0.0794936 0.0787918 0.071057 0.0709354 0.0634564 0.0633437 0.0137911 0.0137556 
0.0600222 0.0834854 0.0795673 0.078802 0.0710732 0.0709406 0.0634647 0.0633417 0.0137951 0.0137564 
0.0650283 0.083553 0.0796398 0.0788108 0.0710887 0.0709451 0.0634725 0.0633393 0.0137992 0.0137573 
0.0700354 0.0836188 0.0797109 0.0788184 0.0711034 0.0709488 0.0634798 0.0633364 0.0138034 0.0137582 
0.0750435 0.0836829 0.0797806 0.0788248 0.0711174 0.0709518 0.0634866 0.063333 0.0138076 0.0137592 
0.0800528 0.0837454 0.0798491 0.0788299 0.0711307 0.0709541 0.0634931 0.0633292 0.0138119 0.0137603 
0.0850634 0.0838061 0.0799163 0.0788338 0.0711433 0.0709557 0.063499 0.0633249 0.0138163 0.0137614 
0.0900753 0.0838651 0.0799821 0.0788364 0.0711552 0.0709566 0.0635045 0.0633202 0.0138207 0.0137626 
0.0950886 0.0839224 0.0800466 0.0788377 0.0711663 0.0709567 0.0635096 0.0633151 0.0138252 0.0137639 
0.100103 0.083978 0.0801097 0.0788378 0.0711767 0.0709561 0.0635142 0.0633095 0.0138298 0.0137652 
0.10512 0.0840318 0.0801716 0.0788367 0.0711864 0.0709548 0.0635183 0.0633034 0.0138344 0.0137667 
0.110138 0.0840839 0.080232 0.0788343 0.0711953 0.0709528 0.0635221 0.0632969 0.0138391 0.0137681 
0.115157 0.0841343 0.0802912 0.0788306 0.0712035 0.0709501 0.0635253 0.06329 0.0138439 0.0137697 
0.120179 0.084183 0.080349 0.0788257 0.0712111 0.0709467 0.0635281 0.0632826 0.0138487 0.0137713 
0.125202 0.0842299 0.0804054 0.0788196 0.0712178 0.0709426 0.0635305 0.0632748 0.0138537 0.013773 
0.130228 0.0842751 0.0804605 0.0788122 0.0712239 0.0709377 0.0635324 0.0632665 0.0138587 0.0137748 
0.135255 0.0843186 0.0805143 0.0788036 0.0712292 0.0709322 0.0635339 0.0632578 0.0138637 0.0137767 
0.140284 0.0843603 0.0805666 0.0787938 0.0712339 0.0709259 0.0635349 0.0632487 0.0138689 0.0137786 
0.145316 0.0844003 0.0806177 0.0787827 0.0712378 0.070919 0.0635355 0.0632391 0.0138741 0.0137806 
0.15035 0.0844385 0.0806673 0.0787703 0.071241 0.0709113 0.0635356 0.0632291 0.0138794 0.0137826 
0.155386 0.084475 0.0807156 0.0787568 0.0712434 0.0709029 0.0635353 0.0632186 0.0138847 0.0137848 
0.160425 0.0845097 0.0807625 0.0787419 0.0712452 0.0708939 0.0635346 0.0632077 0.0138901 0.013787 
0.165466 0.0845427 0.0808081 0.0787259 0.0712463 0.0708841 0.0635334 0.0631964 0.0138956 0.0137893 
0.17051 0.0845739 0.0808522 0.0787086 0.0712466 0.0708736 0.0635318 0.0631847 0.0139012 0.0137916 
0.175557 0.0846034 0.080895 0.0786901 0.0712462 0.0708625 0.0635298 0.0631725 0.0139069 0.0137941 
0.180606 0.0846312 0.0809365 0.0786704 0.0712451 0.0708506 0.0635273 0.0631599 0.0139126 0.0137966 
0.185658 0.0846571 0.0809765 0.0786495 0.0712433 0.0708381 0.0635244 0.0631469 0.0139184 0.0137992 
0.190713 0.0846814 0.0810152 0.0786273 0.0712408 0.0708248 0.063521 0.0631335 0.0139243 0.0138018 
0.195771 0.0847038 0.0810525 0.0786039 0.0712376 0.0708109 0.0635173 0.0631196 0.0139302 0.0138046 
0.200832 0.0847245 0.0810883 0.0785793 0.0712337 0.0707963 0.0635131 0.0631053 0.0139362 0.0138074 
0.205896 0.0847434 0.0811228 0.0785535 0.0712291 0.070781 0.0635084 0.0630906 0.0139424 0.0138103 
0.210964 0.0847606 0.081156 0.0785265 0.0712238 0.070765 0.0635034 0.0630755 0.0139485 0.0138132 
0.216034 0.084776 0.0811877 0.0784982 0.0712177 0.0707484 0.0634979 0.06306 0.0139548 0.0138163 
0.221108 0.0847897 0.081218 0.0784688 0.071211 0.070731 0.063492 0.063044 0.0139611 0.0138194 
0.226186 0.0848016 0.081247 0.0784381 0.0712036 0.070713 0.0634857 0.0630277 0.0139675 0.0138226 
0.231267 0.0848117 0.0812745 0.0784063 0.0711955 0.0706943 0.063479 0.0630109 0.013974 0.0138259 
0.236352 0.0848201 0.0813006 0.0783732 0.0711867 0.070675 0.0634719 0.0629938 0.0139806 0.0138293 
0.241441 0.0848267 0.0813254 0.078339 0.0711772 0.0706549 0.0634643 0.0629762 0.0139873 0.0138327 
0.246533 0.0848315 0.0813487 0.0783035 0.071167 0.0706342 0.0634564 0.0629583 0.013994 0.0138362 
0.25163 0.0848346 0.0813707 0.0782669 0.0711562 0.0706129 0.063448 0.0629399 0.0140008 0.0138399 
0.25673 0.0848359 0.0813912 0.078229 0.0711446 0.0705909 0.0634392 0.0629211 0.0140077 0.0138436 
0.261834 0.0848355 0.0814104 0.07819 0.0711324 0.0705682 0.0634301 0.062902 0.0140147 0.0138473 
0.266943 0.0848333 0.0814281 0.0781499 0.0711195 0.0705449 0.0634205 0.0628825 0.0140218 0.0138512 
0.272056 0.0848293 0.0814444 0.0781085 0.0711059 0.0705209 0.0634105 0.0628625 0.0140289 0.0138551 
0.277173 0.0848236 0.0814594 0.078066 0.0710917 0.0704962 0.0634001 0.0628422 0.0140361 0.0138592 
0.282294 0.0848161 0.0814729 0.0780222 0.0710767 0.0704709 0.0633894 0.0628215 0.0140434 0.0138633 
0.28742 0.0848068 0.081485 0.0779774 0.0710611 0.070445 0.0633782 0.0628004 0.0140508 0.0138675 
0.292551 0.0847958 0.0814957 0.0779313 0.0710449 0.0704184 0.0633667 0.062779 0.0140583 0.0138718 
0.297686 0.084783 0.081505 0.0778841 0.0710279 0.0703912 0.0633547 0.0627571 0.0140659 0.0138761 
0.302826 0.0847685 0.0815129 0.0778358 0.0710103 0.0703634 0.0633424 0.0627349 0.0140736 0.0138806 
0.307971 0.0847522 0.0815194 0.0777863 0.0709921 0.0703349 0.0633297 0.0627124 0.0140813 0.0138852 
0.313121 0.0847342 0.0815245 0.0777356 0.0709731 0.0703058 0.0633166 0.0626894 0.0140891 0.0138898 
0.318275 0.0847144 0.0815281 0.0776838 0.0709536 0.070276 0.0633032 0.0626661 0.0140971 0.0138945 
0.323435 0.0846928 0.0815304 0.0776309 0.0709333 0.0702457 0.0632893 0.0626424 0.0141051 0.0138993 
0.3286 0.0846695 0.0815313 0.0775768 0.0709125 0.0702147 0.0632751 0.0626184 0.0141132 0.0139043 
0.333771 0.0846444 0.0815307 0.0775216 0.0708909 0.0701831 0.0632606 0.062594 0.0141214 0.0139093 
0.338946 0.0846176 0.0815287 0.0774653 0.0708688 0.0701509 0.0632456 0.0625693 0.0141297 0.0139144 
0.344127 0.0845891 0.0815254 0.0774078 0.070846 0.070118 0.0632303 0.0625442 0.014138 0.0139195 
0.349314 0.0845588 0.0815206 0.0773492 0.0708225 0.0700846 0.0632147 0.0625188 0.0141465 0.0139248 
0.354506 0.0845267 0.0815144 0.0772895 0.0707984 0.0700506 0.0631986 0.062493 0.0141551 0.0139302 
0.359704 0.0844929 0.0815068 0.0772287 0.0707737 0.0700159 0.0631823 0.0624669 0.0141637 0.0139357 
0.364908 0.0844574 0.0814978 0.0771668 0.0707484 0.0699807 0.0631655 0.0624404 0.0141725 0.0139413 
0.370118 0.0844201 0.0814874 0.0771038 0.0707224 0.0699449 0.0631485 0.0624136 0.0141814 0.0139469 
0.375334 0.0843811 0.0814756 0.0770396 0.0706958 0.0699084 0.063131 0.0623865 0.0141903 0.0139527 
0.380556 0.0843404 0.0814624 0.0769744 0.0706686 0.0698714 0.0631133 0.062359 0.0141994 0.0139586 
0.385784 0.0842979 0.0814477 0.0769081 0.0706408 0.0698338 0.0630952 0.0623313 0.0142085 0.0139645 
0.391018 0.0842537 0.0814317 0.0768407 0.0706123 0.0697956 0.0630767 0.0623031 0.0142178 0.0139706 
0.396258 0.0842078 0.0814143 0.0767723 0.0705833 0.0697569 0.063058 0.0622747 0.0142271 0.0139768 
0.401506 0.0841601 0.0813954 0.0767027 0.0705536 0.0697175 0.0630389 0.062246 0.0142366 0.0139831 
0.406759 0.0841107 0.0813752 0.0766321 0.0705234 0.0696777 0.0630194 0.0622169 0.0142461 0.0139894 
0.412019 0.0840596 0.0813535 0.0765604 0.0704925 0.0696372 0.0629997 0.0621876 0.0142558 0.0139959 
0.417286 0.0840068 0.0813305 0.0764877 0.070461 0.0695962 0.0629796 0.0621579 0.0142656 0.0140025 
0.42256 0.0839523 0.081306 0.0764139 0.070429 0.0695546 0.0629592 0.0621279 0.0142754 0.0140092 
0.427841 0.0838961 0.0812802 0.076339 0.0703963 0.0695124 0.0629385 0.0620977 0.0142854 0.014016 
0.433129 0.0838381 0.081253 0.0762631 0.0703631 0.0694697 0.0629175 0.0620671 0.0142955 0.0140229 
0.438424 0.0837784 0.0812243 0.0761861 0.0703293 0.0694265 0.0628962 0.0620363 0.0143057 0.0140299 
0.443726 0.0837171 0.0811943 0.0761082 0.0702949 0.0693827 0.0628745 0.0620051 0.014316 0.0140371 
0.449035 0.083654 0.0811629 0.0760292 0.0702599 0.0693384 0.0628526 0.0619737 0.0143264 0.0140443 
0.454352 0.0835893 0.08113 0.0759491 0.0702243 0.0692936 0.0628304 0.061942 0.0143369 0.0140516 
0.459676 0.0835228 0.0810958 0.075868 0.0701882 0.0692482 0.0628079 0.06191 0.0143476 0.0140591 
0.465008 0.0834547 0.0810602 0.075786 0.0701515 0.0692023 0.0627851 0.0618777 0.0143583 0.0140667 
0.470348 0.0833848 0.0810232 0.0757029 0.0701143 0.0691558 0.062762 0.0618452 0.0143692 0.0140744 
0.475695 0.0833133 0.0809848 0.0756188 0.0700765 0.0691089 0.0627386 0.0618124 0.0143802 0.0140822 
0.481051 0.0832401 0.0809451 0.0755337 0.0700381 0.0690614 0.0627149 0.0617793 0.0143913 0.0140901 
0.486414 0.0831652 0.0809039 0.0754476 0.0699992 0.0690134 0.062691 0.061746 0.0144025 0.0140982 
0.491786 0.0830887 0.0808614 0.0753605 0.0699598 0.0689649 0.0626668 0.0617124 0.0144138 0.0141063 
0.497165 0.0830105 0.0808175 0.0752724 0.0699198 0.068916 0.0626423 0.0616786 0.0144253 0.0141146 
0.502553 0.0829306 0.0807722 0.0751834 0.0698792 0.0688665 0.0626176 0.0616445 0.0144369 0.014123 
0.50795 0.082849 0.0807255 0.0750933 0.0698381 0.0688165 0.0625926 0.0616102 0.0144486 0.0141315 
0.513355 0.0827658 0.0806774 0.0750024 0.0697965 0.068766 0.0625673 0.0615757 0.0144604 0.0141402 
0.518768 0.0826809 0.080628 0.0749104 0.0697544 0.0687151 0.0625418 0.0615409 0.0144724 0.014149 
0.52419 0.0825944 0.0805772 0.0748175 0.0697117 0.0686636 0.0625161 0.0615058 0.0144844 0.0141579 
0.529622 0.0825062 0.080525 0.0747236 0.0696685 0.0686117 0.0624901 0.0614706 0.0144966 0.0141669 
0.535062 0.0824164 0.0804715 0.0746288 0.0696248 0.0685593 0.0624638 0.0614351 0.014509 0.0141761 
0.540511 0.082325 0.0804166 0.074533 0.0695806 0.0685064 0.0624373 0.0613994 0.0145214 0.0141854 
0.545969 0.0822319 0.0803603 0.0744363 0.0695359 0.0684531 0.0624106 0.0613634 0.014534 0.0141948 
0.551437 0.0821372 0.0803026 0.0743387 0.0694906 0.0683993 0.0623836 0.0613273 0.0145467 0.0142043 
0.556913 0.0820408 0.0802436 0.0742402 0.0694449 0.0683451 0.0623564 0.0612909 0.0145596 0.014214 
0.5624 0.0819428 0.0801832 0.0741407 0.0693987 0.0682904 0.062329 0.0612544 0.0145726 0.0142238 
0.567896 0.0818432 0.0801215 0.0740403 0.0693519 0.0682352 0.0623014 0.0612176 0.0145857 0.0142338 
0.573402 0.081742 0.0800584 0.073939 0.0693047 0.0681796 0.0622736 0.0611806 0.014599 0.0142439 
0.578917 0.0816392 0.079994 0.0738368 0.069257 0.0681236 0.0622455 0.0611435 0.0146124 0.0142541 
0.584442 0.0815348 0.0799282 0.0737337 0.0692088 0.0680671 0.0622173 0.0611062 0.0146259 0.0142645 
0.589978 0.0814287 0.079861 0.0736297 0.0691602 0.0680103 0.0621888 0.0610686 0.0146396 0.014275 
0.595524 0.0813211 0.0797925 0.0735249 0.069111 0.0679529 0.0621601 0.0610309 0.0146534 0.0142857 
0.601079 0.0812119 0.0797226 0.0734191 0.0690614 0.0678952 0.0621313 0.060993 0.0146674 0.0142964 
0.606646 0.081101 0.0796515 0.0733125 0.0690113 0.067837 0.0621022 0.0609549 0.0146815 0.0143074 
0.612222 0.0809886 0.0795789 0.073205 0.0689608 0.0677785 0.062073 0.0609167 0.0146958 0.0143185 
0.61781 0.0808746 0.079505 0.0730966 0.0689098 0.0677195 0.0620435 0.0608783 0.0147102 0.0143297 
0.623408 0.0807591 0.0794298 0.0729874 0.0688584 0.0676601 0.0620139 0.0608397 0.0147247 0.0143411 
0.629017 0.0806419 0.0793532 0.0728774 0.0688065 0.0676003 0.0619841 0.060801 0.0147395 0.0143526 
0.634637 0.0805232 0.0792753 0.0727665 0.0687541 0.0675401 0.0619542 0.0607621 0.0147543 0.0143643 
0.640268 0.0804029 0.0791961 0.0726547 0.0687013 0.0674795 0.0619241 0.0607231 0.0147693 0.0143762 
0.64591 0.0802811 0.0791155 0.0725421 0.0686481 0.0674186 0.0618938 0.0606839 0.0147845 0.0143882 
0.651564 0.0801577 0.0790336 0.0724287 0.0685944 0.0673572 0.0618633 0.0606446 0.0147999 0.0144003 
0.657229 0.0800328 0.0789504 0.0723145 0.0685404 0.0672955 0.0618327 0.0606052 0.0148153 0.0144126 
0.662905 0.0799063 0.0788659 0.0721994 0.0684858 0.0672334 0.061802 0.0605656 0.014831 0.0144251 
0.668593 0.0797783 0.07878 0.0720836 0.0684309 0.067171 0.0617711 0.0605259 0.0148468 0.0144377 
0.674294 0.0796487 0.0786928 0.0719669 0.0683755 0.0671081 0.06174 0.060486 0.0148628 0.0144505 
0.680006 0.0795176 0.0786043 0.0718495 0.0683198 0.0670449 0.0617088 0.0604461 0.0148789 0.0144635 
0.68573 0.079385 0.0785144 0.0717312 0.0682636 0.0669814 0.0616775 0.060406 0.0148952 0.0144766 
0.691466 0.0792509 0.0784233 0.0716122 0.068207 0.0669175 0.061646 0.0603658 0.0149117 0.0144899 
0.697215 0.0791152 0.0783308 0.0714923 0.06815 0.0668532 0.0616145 0.0603255 0.0149284 0.0145033 
0.702976 0.078978 0.0782371 0.0713718 0.0680927 0.0667887 0.0615828 0.0602851 0.0149452 0.014517 
0.70875 0.0788394 0.078142 0.0712504 0.0680349 0.0667237 0.0615509 0.0602446 0.0149622 0.0145308 
0.714536 0.0786992 0.0780456 0.0711283 0.0679767 0.0666585 0.061519 0.060204 0.0149793 0.0145447 
0.720335 0.0785575 0.0779479 0.0710054 0.0679182 0.0665929 0.0614869 0.0601633 0.0149967 0.0145589 
0.726148 0.0784143 0.0778489 0.0708817 0.0678592 0.066527 0.0614548 0.0601225 0.0150142 0.0145732 
0.731973 0.0782697 0.0777486 0.0707573 0.0677999 0.0664607 0.0614225 0.0600816 0.0150319 0.0145877 
0.737812 0.0781235 0.077647 0.0706322 0.0677402 0.0663942 0.0613901 0.0600407 0.0150498 0.0146024 
0.743664 0.0779759 0.0775441 0.0705064 0.0676802 0.0663273 0.0613577 0.0599996 0.0150679 0.0146172 
0.749529 0.0778268 0.0774399 0.0703798 0.0676198 0.0662601 0.0613251 0.0599586 0.0150861 0.0146323 
0.755409 0.0776763 0.0773344 0.0702525 0.067559 0.0661926 0.0612925 0.0599174 0.0151046 0.0146475 
0.761302 0.0775242 0.0772276 0.0701244 0.0674979 0.0661249 0.0612598 0.0598762 0.0151232 0.0146629 
0.767209 0.0773708 0.0771196 0.0699957 0.0674364 0.0660568 0.061227 0.0598349 0.015142 0.0146785 
0.77313 0.0772158 0.0770102 0.0698663 0.0673745 0.0659884 0.0611941 0.0597935 0.015161 0.0146943 
0.779065 0.0770594 0.0768996 0.0697361 0.0673123 0.0659198 0.0611612 0.0597521 0.0151802 0.0147103 
0.785015 0.0769016 0.0767876 0.0696053 0.0672498 0.0658508 0.0611282 0.0597107 0.0151996 0.0147265 
0.790979 0.0767424 0.0766744 0.0694738 0.0671869 0.0657816 0.0610951 0.0596692 0.0152192 0.0147429 
0.796958 0.0765817 0.07656 0.0693416 0.0671237 0.0657122 0.061062 0.0596277 0.015239 0.0147595 
0.802952 0.0764195 0.0764442 0.0692087 0.0670602 0.0656424 0.0610288 0.0595861 0.0152591 0.0147762 
0.808961 0.076256 0.0763272 0.0690752 0.0669963 0.0655724 0.0609956 0.0595445 0.0152793 0.0147932 
0.814984 0.076091 0.0762088 0.0689409 0.0669322 0.0655021 0.0609623 0.0595029 0.0152997 0.0148104 
0.821023 0.0759246 0.0760893 0.0688061 0.0668677 0.0654316 0.060929 0.0594613 0.0153203 0.0148278 
0.827078 0.0757569 0.0759684 0.0686706 0.0668028 0.0653608 0.0608957 0.0594196 0.0153412 0.0148454 
0.833148 0.0755877 0.0758463 0.0685344 0.0667377 0.0652897 0.0608623 0.059378 0.0153622 0.0148632 
0.839234 0.0754171 0.0757229 0.0683976 0.0666723 0.0652185 0.0608289 0.0593363 0.0153835 0.0148812 
0.845336 0.0752451 0.0755982 0.0682601 0.0666065 0.0651469 0.0607955 0.0592946 0.015405 0.0148994 
0.851453 0.0750717 0.0754723 0.0681221 0.0665405 0.0650752 0.060762 0.0592529 0.0154267 0.0149179 
0.857587 0.074897 0.0753451 0.0679834 0.0664742 0.0650032 0.0607285 0.0592113 0.0154486 0.0149365 
0.863738 0.0747209 0.0752167 0.0678441 0.0664075 0.064931 0.0606951 0.0591696 0.0154708 0.0149554 
0.869904 0.0745434 0.075087 0.0677042 0.0663406 0.0648585 0.0606616 0.0591279 0.0154931 0.0149745 
0.876088 0.0743645 0.074956 0.0675636 0.0662734 0.0647859 0.0606281 0.0590863 0.0155157 0.0149939 
0.882288 0.0741843 0.0748238 0.0674225 0.0662059 0.064713 0.0605946 0.0590446 0.0155386 0.0150134 
0.888506 0.0740027 0.0746903 0.0672808 0.0661382 0.0646399 0.0605611 0.059003 0.0155617 0.0150332 
0.89474 0.0738198 0.0745556 0.0671385 0.0660701 0.0645666 0.0605276 0.0589615 0.015585 0.0150532 
0.900992 0.0736355 0.0744197 0.0669956 0.0660018 0.0644931 0.0604942 0.0589199 0.0156085 0.0150735 
0.907261 0.0734499 0.0742824 0.0668521 0.0659333 0.0644194 0.0604607 0.0588784 0.0156323 0.015094 
0.913549 0.073263 0.074144 0.0667081 0.0658644 0.0643456 0.0604273 0.0588369 0.0156563 0.0151147 
0.919853 0.0730747 0.0740043 0.0665635 0.0657953 0.0642715 0.0603939 0.0587955 0.0156806 0.0151356 
0.926177 0.0728851 0.0738633 0.0664183 0.065726 0.0641972 0.0603605 0.0587541 0.0157051 0.0151568 
0.932518 0.0726942 0.0737211 0.0662726 0.0656564 0.0641228 0.0603272 0.0587128 0.0157299 0.0151783 
0.938877 0.0725019 0.0735777 0.0661263 0.0655865 0.0640481 0.0602938 0.0586715 0.0157549 0.0152 
0.945256 0.0723084 0.073433 0.0659795 0.0655164 0.0639733 0.0602606 0.0586303 0.0157802 0.0152219 
0.951652 0.0721136 0.073287 0.0658322 0.0654461 0.0638984 0.0602274 0.0585892 0.0158057 0.0152441 
0.958068 0.0719174 0.0731399 0.0656843 0.0653755 0.0638232 0.0601942 0.0585481 0.0158315 0.0152666 
0.964503 0.07172 0.0729915 0.0655359 0.0653047 0.0637479 0.0601611 0.0585071 0.0158575 0.0152893 
0.970958 0.0715213 0.0728419 0.065387 0.0652336 0.0636724 0.060128 0.0584661 0.0158839 0.0153122 
0.977431 0.0713213 0.072691 0.0652376 0.0651623 0.0635968 0.060095 0.0584253 0.0159104 0.0153354 
0.983925 0.07112 0.0725389 0.0650876 0.0650908 0.063521 0.0600621 0.0583845 0.0159373 0.0153589 
0.990438 0.0709175 0.0723856 0.0649372 0.0650191 0.0634451 0.0600292 0.0583438 0.0159644 0.0153827 
0.996972 0.0707137 0.072231 0.0647863 0.0649471 0.063369 0.0599964 0.0583032 0.0159918 0.0154067 
1.00353 0.0705086 0.0720752 0.0646348 0.064875 0.0632928 0.0599637 0.0582627 0.0160195 0.015431 
1.0101 0.0703023 0.0719182 0.0644829 0.0648026 0.0632165 0.0599311 0.0582223 0.0160475 0.0154556 
1.01669 0.0700947 0.0717599 0.0643305 0.06473 0.06314 0.0598985 0.058182 0.0160757 0.0154804 
1.02331 0.0698859 0.0716004 0.0641777 0.0646572 0.0630634 0.059866 0.0581419 0.0161043 0.0155055 
1.02995 0.0696759 0.0714397 0.0640243 0.0645842 0.0629867 0.0598337 0.0581018 0.0161331 0.0155309 
1.0366 0.0694646 0.0712778 0.0638705 0.064511 0.0629098 0.0598014 0.0580618 0.0161622 0.0155566 
1.04328 0.0692521 0.0711147 0.0637163 0.0644376 0.0628328 0.0597692 0.058022 0.0161916 0.0155826 
1.04999 0.0690384 0.0709503 0.0635616 0.064364 0.0627557 0.0597372 0.0579823 0.0162213 0.0156089 
1.05671 0.0688235 0.0707847 0.0634064 0.0642902 0.0626785 0.0597052 0.0579427 0.0162514 0.0156354 
1.06345 0.0686074 0.0706179 0.0632509 0.0642162 0.0626012 0.0596734 0.0579032 0.0162817 0.0156623 
1.07022 0.0683901 0.0704499 0.0630949 0.0641421 0.0625238 0.0596416 0.0578639 0.0163123 0.0156895 
1.07701 0.0681715 0.0702806 0.0629384 0.0640677 0.0624462 0.05961 0.0578247 0.0163433 0.0157169 
1.08382 0.0679518 0.0701101 0.0627815 0.0639932 0.0623686 0.0595785 0.0577856 0.0163745 0.0157447 
1.09066 0.0677309 0.0699384 0.0626243 0.0639185 0.0622909 0.0595472 0.0577467 0.0164061 0.0157728 
1.09752 0.0675089 0.0697655 0.0624666 0.0638436 0.0622131 0.0595159 0.057708 0.016438 0.0158012 
1.1044 0.0672856 0.0695914 0.0623085 0.0637686 0.0621352 0.0594848 0.0576694 0.0164702 0.0158299 
1.11131 0.0670612 0.0694161 0.06215 0.0636933 0.0620572 0.0594539 0.057631 0.0165027 0.0158589 
1.11824 0.0668357 0.0692395 0.0619911 0.0636179 0.0619791 0.0594231 0.0575927 0.0165356 0.0158882 
1.12519 0.066609 0.0690618 0.0618318 0.0635424 0.061901 0.0593924 0.0575546 0.0165688 0.0159179 
1.13217 0.0663811 0.0688828 0.0616722 0.0634667 0.0618228 0.0593619 0.0575166 0.0166024 0.0159479 
1.13917 0.0661521 0.0687026 0.0615121 0.0633908 0.0617445 0.0593315 0.0574789 0.0166363 0.0159782 
1.1462 0.065922 0.0685212 0.0613517 0.0633148 0.0616661 0.0593013 0.0574413 0.0166705 0.0160089 
1.15325 0.0656907 0.0683386 0.061191 0.0632386 0.0615877 0.0592713 0.0574039 0.0167051 0.0160399 
1.16033 0.0654584 0.0681548 0.0610298 0.0631623 0.0615092 0.0592414 0.0573666 0.01674 0.0160712 
1.16743 0.0652249 0.0679697 0.0608684 0.0630858 0.0614306 0.0592117 0.0573296 0.0167753 0.0161029 
1.17456 0.0649903 0.0677835 0.0607066 0.0630091 0.061352 0.0591821 0.0572927 0.016811 0.0161349 
1.18172 0.0647546 0.067596 0.0605444 0.0629324 0.0612734 0.0591528 0.0572561 0.016847 0.0161673 
1.1889 0.0645178 0.0674074 0.0603819 0.0628554 0.0611947 0.0591236 0.0572196 0.0168834 0.0162001 
1.19611 0.06428 0.0672175 0.0602191 0.0627784 0.0611159 0.0590946 0.0571834 0.0169201 0.0162331 
1.20334 0.064041 0.0670264 0.0600559 0.0627012 0.0610371 0.0590658 0.0571473 0.0169572 0.0162666 
1.21061 0.063801 0.0668342 0.0598925 0.0626239 0.0609583 0.0590372 0.0571115 0.0169947 0.0163004 
1.2179 0.06356 0.0666407 0.0597287 0.0625464 0.0608794 0.0590087 0.0570758 0.0170326 0.0163346 
1.22521 0.0633178 0.066446 0.0595647 0.0624688 0.0608005 0.0589805 0.0570404 0.0170709 0.0163692 
1.23256 0.0630747 0.0662501 0.0594003 0.0623911 0.0607215 0.0589525 0.0570053 0.0171095 0.0164041 
1.23993 0.0628305 0.066053 0.0592356 0.0623132 0.0606425 0.0589247 0.0569703 0.0171486 0.0164395 
1.24733 0.0625852 0.0658547 0.0590707 0.0622353 0.0605635 0.0588971 0.0569355 0.0171881 0.0164752 
1.25476 0.062339 0.0656552 0.0589055 0.0621572 0.0604845 0.0588697 0.056901 0.0172279 0.0165113 
1.26222 0.0620917 0.0654545 0.05874 0.0620789 0.0604054 0.0588425 0.0568668 0.0172682 0.0165477 
1.26971 0.0618434 0.0652526 0.0585742 0.0620006 0.0603264 0.0588155 0.0568327 0.0173089 0.0165846 
1.27723 0.0615941 0.0650495 0.0584082 0.0619222 0.0602473 0.0587888 0.0567989 0.0173499 0.0166219 
1.28478 0.0613438 0.0648452 0.0582419 0.0618436 0.0601682 0.0587623 0.0567654 0.0173915 0.0166596 
1.29236 0.0610926 0.0646397 0.0580754 0.0617649 0.0600891 0.058736 0.0567321 0.0174334 0.0166977 
1.29997 0.0608403 0.064433 0.0579086 0.0616861 0.0600099 0.0587099 0.0566991 0.0174758 0.0167362 
1.30761 0.0605871 0.0642251 0.0577416 0.0616072 0.0599308 0.0586841 0.0566663 0.0175186 0.0167752 
1.31528 0.060333 0.064016 0.0575744 0.0615282 0.0598517 0.0586585 0.0566337 0.0175618 0.0168145 
1.32298 0.0600779 0.0638057 0.057407 0.0614491 0.0597726 0.0586332 0.0566015 0.0176055 0.0168543 
1.33071 0.0598218 0.0635942 0.0572393 0.0613699 0.0596934 0.0586081 0.0565695 0.0176496 0.0168945 
1.33848 0.0595649 0.0633815 0.0570715 0.0612905 0.0596143 0.0585833 0.0565377 0.0176942 0.0169352 
1.34628 0.059307 0.0631677 0.0569034 0.0612111 0.0595352 0.0585587 0.0565063 0.0177392 0.0169763 
1.35411 0.0590482 0.0629526 0.0567351 0.0611316 0.0594561 0.0585344 0.0564751 0.0177847 0.0170178 
1.36197 0.0587885 0.0627363 0.0565667 0.0610519 0.059377 0.0585103 0.0564442 0.0178307 0.0170598 
1.36987 0.0585279 0.0625189 0.0563981 0.0609722 0.0592979 0.0584865 0.0564136 0.0178771 0.0171022 
1.3778 0.0582665 0.0623003 0.0562293 0.0608924 0.0592189 0.058463 0.0563832 0.017924 0.0171451 
1.38576 0.0580041 0.0620804 0.0560603 0.0608125 0.0591398 0.0584397 0.0563532 0.0179714 0.0171885 
1.39376 0.0577409 0.0618594 0.0558912 0.0607325 0.0590608 0.0584167 0.0563235 0.0180193 0.0172323 
1.4018 0.0574769 0.0616373 0.055722 0.0606524 0.0589818 0.058394 0.056294 0.0180677 0.0172766 
1.40987 0.057212 0.0614139 0.0555526 0.0605722 0.0589028 0.0583716 0.0562649 0.0181166 0.0173214 
1.41797 0.0569464 0.0611893 0.055383 0.0604919 0.0588239 0.0583494 0.056236 0.018166 0.0173667 
1.42611 0.0566798 0.0609636 0.0552134 0.0604115 0.058745 0.0583275 0.0562075 0.0182159 0.0174125 
1.43429 0.0564125 0.0607367 0.0550436 0.0603311 0.0586661 0.058306 0.0561792 0.0182663 0.0174587 
1.4425 0.0561445 0.0605086 0.0548737 0.0602505 0.0585873 0.0582847 0.0561513 0.0183172 0.0175055 
1.45075 0.0558756 0.0602794 0.0547037 0.0601699 0.0585085 0.0582637 0.0561237 0.0183687 0.0175528 
1.45904 0.055606 0.0600489 0.0545336 0.0600892 0.0584297 0.058243 0.0560964 0.0184206 0.0176005 
1.46736 0.0553356 0.0598173 0.0543634 0.0600084 0.058351 0.0582226 0.0560695 0.0184732 0.0176488 
1.47573 0.0550645 0.0595846 0.0541931 0.0599275 0.0582723 0.0582025 0.0560428 0.0185263 0.0176977 
1.48413 0.0547926 0.0593506 0.0540228 0.0598465 0.0581936 0.0581828 0.0560165 0.0185799 0.017747 
1.49257 0.0545201 0.0591155 0.0538524 0.0597655 0.058115 0.0581633 0.0559906 0.0186341 0.0177969 
1.50105 0.0542469 0.0588793 0.053682 0.0596844 0.0580365 0.0581441 0.0559649 0.0186888 0.0178473 
1.50957 0.0539729 0.0586419 0.0535115 0.0596032 0.057958 0.0581253 0.0559396 0.0187441 0.0178983 
1.51812 0.0536984 0.0584033 0.0533409 0.0595219 0.0578796 0.0581068 0.0559147 0.0188 0.0179498 
1.52672 0.0534231 0.0581636 0.0531704 0.0594405 0.0578012 0.0580886 0.0558901 0.0188565 0.0180019 
1.53536 0.0531473 0.0579227 0.0529998 0.0593591 0.0577229 0.0580707 0.0558658 0.0189136 0.0180545 
1.54404 0.0528708 0.0576807 0.0528292 0.0592775 0.0576446 0.0580532 0.0558419 0.0189712 0.0181078 
1.55277 0.0525937 0.0574376 0.0526586 0.0591959 0.0575664 0.058036 0.0558184 0.0190295 0.0181615 
1.56153 0.052316 0.0571933 0.0524881 0.0591143 0.0574882 0.0580191 0.0557952 0.0190884 0.0182159 
1.57034 0.0520378 0.0569479 0.0523175 0.0590325 0.0574101 0.0580026 0.0557723 0.0191479 0.0182709 
1.57919 0.051759 0.0567014 0.052147 0.0589507 0.0573321 0.0579864 0.0557498 0.019208 0.0183265 
1.58809 0.0514796 0.0564537 0.0519765 0.0588688 0.0572542 0.0579705 0.0557277 0.0192687 0.0183826 
1.59703 0.0511998 0.0562049 0.0518061 0.0587868 0.0571763 0.057955 0.055706 0.0193301 0.0184394 
1.60601 0.0509194 0.055955 0.0516357 0.0587048 0.0570985 0.0579399 0.0556846 0.0193921 0.0184968 
1.61504 0.0506386 0.055704 0.0514654 0.0586226 0.0570207 0.057925 0.0556636 0.0194548 0.0185549 
1.62411 0.0503573 0.0554519 0.0512952 0.0585404 0.0569431 0.0579106 0.055643 0.0195182 0.0186135 
1.63323 0.0500756 0.0551987 0.051125 0.0584581 0.0568655 0.0578965 0.0556228 0.0195822 0.0186728 
1.64239 0.0497935 0.0549444 0.050955 0.0583758 0.056788 0.0578827 0.055603 0.0196469 0.0187328 
1.65161 0.049511 0.054689 0.0507851 0.0582934 0.0567105 0.0578694 0.0555835 0.0197122 0.0187934 
1.66087 0.049228 0.0544326 0.0506153 0.0582109 0.0566332 0.0578563 0.0555644 0.0197783 0.0188547 
1.67017 0.0489448 0.0541751 0.0504457 0.0581283 0.0565559 0.0578437 0.0555458 0.0198451 0.0189166 
1.67953 0.0486612 0.0539165 0.0502762 0.0580456 0.0564787 0.0578314 0.0555275 0.0199126 0.0189792 
1.68894 0.0483773 0.0536568 0.0501069 0.0579629 0.0564016 0.0578195 0.0555096 0.0199808 0.0190425 
1.69839 0.0480931 0.0533961 0.0499377 0.0578801 0.0563246 0.057808 0.0554921 0.0200497 0.0191065 
1.70789 0.0478087 0.0531344 0.0497687 0.0577972 0.0562477 0.0577968 0.055475 0.0201194 0.0191712 
1.71745 0.047524 0.0528716 0.0496 0.0577143 0.0561708 0.057786 0.0554584 0.0201898 0.0192366 
1.72706 0.0472391 0.0526078 0.0494314 0.0576312 0.0560941 0.0577756 0.0554421 0.0202609 0.0193028 
1.73671 0.046954 0.052343 0.0492631 0.0575481 0.0560174 0.0577656 0.0554263 0.0203328 0.0193696 
1.74642 0.0466688 0.0520772 0.049095 0.0574649 0.0559409 0.057756 0.0554108 0.0204055 0.0194372 
1.75619 0.0463834 0.0518103 0.0489272 0.0573817 0.0558644 0.0577467 0.0553958 0.020479 0.0195055 
1.766 0.046098 0.0515425 0.0487596 0.0572983 0.055788 0.0577379 0.0553812 0.0205533 0.0195746 
1.77587 0.0458124 0.0512738 0.0485924 0.0572149 0.0557117 0.0577294 0.055367 0.0206283 0.0196445 
1.7858 0.0455269 0.051004 0.0484254 0.0571314 0.0556355 0.0577213 0.0553533 0.0207042 0.0197151 
1.79578 0.0452413 0.0507334 0.0482587 0.0570478 0.0555595 0.0577136 0.05534 0.0207809 0.0197866 
1.80581 0.0449557 0.0504617 0.0480924 0.0569642 0.0554835 0.0577064 0.0553271 0.0208584 0.0198588 
1.81591 0.0446702 0.0501892 0.0479264 0.0568804 0.0554076 0.0576995 0.0553146 0.0209368 0.0199318 
1.82606 0.0443848 0.0499157 0.0477608 0.0567966 0.0553318 0.057693 0.0553026 0.021016 0.0200056 
1.83626 0.0440994 0.0496414 0.0475955 0.0567127 0.0552561 0.0576869 0.055291 0.0210961 0.0200802 
1.84653 0.0438143 0.0493662 0.0474307 0.0566287 0.0551806 0.0576813 0.0552799 0.021177 0.0201557 
1.85685 0.0435293 0.0490901 0.0472662 0.0565446 0.0551051 0.057676 0.0552692 0.0212588 0.020232 
1.86724 0.0432445 0.0488131 0.0471022 0.0564605 0.0550298 0.0576712 0.0552589 0.0213416 0.0203092 
1.87768 0.04296 0.0485353 0.0469387 0.0563762 0.0549545 0.0576667 0.0552491 0.0214252 0.0203872 
1.88819 0.0426758 0.0482567 0.0467756 0.0562919 0.0548794 0.0576627 0.0552397 0.0215097 0.0204661 
1.89876 0.0423919 0.0479773 0.0466129 0.0562075 0.0548043 0.0576591 0.0552308 0.0215952 0.0205459 
1.90939 0.0421084 0.0476972 0.0464508 0.0561229 0.0547294 0.0576559 0.0552223 0.0216816 0.0206266 
1.92008 0.0418253 0.0474162 0.0462892 0.0560383 0.0546546 0.0576531 0.0552143 0.021769 0.0207082 
1.93084 0.0415427 0.0471345 0.0461282 0.0559536 0.0545799 0.0576507 0.0552068 0.0218573 0.0207907 
1.94166 0.0412605 0.0468521 0.0459677 0.0558688 0.0545054 0.0576488 0.0551997 0.0219466 0.0208742 
1.95255 0.040979 0.046569 0.0458078 0.055784 0.0544309 0.0576473 0.0551931 0.0220369 0.0209586 
1.9635 0.0406979 0.0462852 0.0456484 0.055699 0.0543566 0.0576462 0.0551869 0.0221282 0.0210439 
1.97452 0.0404176 0.0460008 0.0454898 0.0556139 0.0542823 0.0576455 0.0551812 0.0222206 0.0211302 
1.98561 0.0401379 0.0457157 0.0453317 0.0555287 0.0542082 0.0576452 0.055176 0.0223139 0.0212175 
1.99677 0.0398589 0.0454301 0.0451744 0.0554434 0.0541342 0.0576454 0.0551712 0.0224083 0.0213058 
2.00799 0.0395807 0.0451438 0.0450177 0.055358 0.0540604 0.057646 0.055167 0.0225037 0.0213951 
2.01929 0.0393033 0.044857 0.0448617 0.0552726 0.0539866 0.057647 0.0551631 0.0226003 0.0214854 
2.03066 0.0390268 0.0445697 0.0447065 0.055187 0.053913 0.0576485 0.0551598 0.0226979 0.0215768 
2.0421 0.0387512 0.0442819 0.044552 0.0551013 0.0538395 0.0576504 0.0551569 0.0227966 0.0216692 
2.05361 0.0384767 0.0439936 0.0443984 0.0550155 0.0537661 0.0576527 0.0551546 0.0228964 0.0217626 
2.06519 0.0382031 0.0437049 0.0442455 0.0549295 0.0536929 0.0576554 0.0551527 0.0229973 0.0218572 
2.07685 0.0379307 0.0434157 0.0440935 0.0548435 0.0536198 0.0576586 0.0551512 0.0230994 0.0219528 
2.08859 0.0376594 0.0431262 0.0439424 0.0547574 0.0535468 0.0576622 0.0551503 0.0232027 0.0220495 
2.1004 0.0373893 0.0428364 0.0437921 0.0546711 0.0534739 0.0576662 0.0551498 0.0233071 0.0221473 
2.11229 0.0371205 0.0425463 0.0436428 0.0545848 0.0534012 0.0576707 0.0551499 0.0234127 0.0222463 
2.12426 0.0368531 0.0422559 0.0434944 0.0544983 0.0533285 0.0576756 0.0551504 0.0235195 0.0223464 
2.13631 0.036587 0.0419653 0.043347 0.0544117 0.0532561 0.0576809 0.0551514 0.0236276 0.0224477 
2.14844 0.0363224 0.0416745 0.0432006 0.0543249 0.0531837 0.0576867 0.0551529 0.0237368 0.0225501 
2.16064 0.0360594 0.0413836 0.0430553 0.0542381 0.0531115 0.0576929 0.0551548 0.0238474 0.0226538 
2.17294 0.0357979 0.0410925 0.042911 0.0541511 0.0530394 0.0576995 0.0551573 0.0239592 0.0227587 
2.18531 0.0355381 0.0408014 0.0427679 0.054064 0.0529675 0.0577066 0.0551603 0.0240723 0.0228648 
2.19777 0.0352801 0.0405103 0.0426258 0.0539767 0.0528956 0.0577141 0.0551637 0.0241867 0.0229721 
2.21031 0.0350239 0.0402192 0.042485 0.0538894 0.052824 0.057722 0.0551677 0.0243025 0.0230807 
2.22294 0.0347696 0.0399282 0.0423453 0.0538019 0.0527524 0.0577303 0.0551721 0.0244196 0.0231906 
2.23566 0.0345172 0.0396374 0.0422069 0.0537142 0.052681 0.0577391 0.055177 0.024538 0.0233018 
2.24847 0.034267 0.0393467 0.0420697 0.0536265 0.0526098 0.0577483 0.0551825 0.0246579 0.0234143 
2.26136 0.0340188 0.0390563 0.0419339 0.0535386 0.0525386 0.0577579 0.0551884 0.0247791 0.0235281 
2.27435 0.0337728 0.0387661 0.0417994 0.0534505 0.0524676 0.057768 0.0551948 0.0249018 0.0236433 
2.28743 0.0335292 0.0384763 0.0416663 0.0533623 0.0523968 0.0577784 0.0552017 0.025026 0.0237599 
2.3006 0.0332879 0.0381869 0.0415346 0.053274 0.0523261 0.0577893 0.0552091 0.0251515 0.0238779 
2.31387 0.0330492 0.037898 0.0414044 0.0531855 0.0522555 0.0578006 0.055217 0.0252786 0.0239972 
2.32723 0.0328129 0.0376096 0.0412757 0.0530968 0.0521851 0.0578124 0.0552254 0.0254072 0.024118 
2.34069 0.0325794 0.0373219 0.0411485 0.053008 0.0521149 0.0578245 0.0552343 0.0255373 0.0242403 
2.35425 0.0323486 0.0370347 0.0410229 0.0529191 0.0520447 0.0578371 0.0552437 0.025669 0.024364 
2.3679 0.0321206 0.0367484 0.040899 0.05283 0.0519748 0.0578501 0.0552536 0.0258023 0.0244893 
2.38166 0.0318956 0.0364628 0.0407767 0.0527408 0.0519049 0.0578634 0.0552639 0.0259371 0.024616 
2.39552 0.0316736 0.0361781 0.0406561 0.0526513 0.0518353 0.0578772 0.0552748 0.0260736 0.0247443 
2.40948 0.0314548 0.0358944 0.0405373 0.0525618 0.0517657 0.0578914 0.0552861 0.0262117 0.0248742 
2.42355 0.0312393 0.0356117 0.0404203 0.052472 0.0516964 0.057906 0.055298 0.0263515 0.0250056 
2.43773 0.0310271 0.0353301 0.0403052 0.0523821 0.0516271 0.057921 0.0553103 0.026493 0.0251387 
2.45201 0.0308184 0.0350497 0.040192 0.0522921 0.0515581 0.0579364 0.0553231 0.0266363 0.0252734 
2.4664 0.0306132 0.0347706 0.0400808 0.0522018 0.0514892 0.0579521 0.0553364 0.0267812 0.0254098 
2.4809 0.0304118 0.0344929 0.0399715 0.0521114 0.0514204 0.0579683 0.0553502 0.026928 0.0255478 
2.49552 0.0302142 0.0342166 0.0398643 0.0520209 0.0513518 0.0579848 0.0553645 0.0270765 0.0256875 
2.51024 0.0300206 0.0339419 0.0397593 0.0519301 0.0512834 0.0580017 0.0553792 0.0272269 0.025829 
2.52509 0.029831 0.0336689 0.0396564 0.0518392 0.0512151 0.058019 0.0553945 0.0273791 0.0259723 
2.54005 0.0296456 0.0333976 0.0395557 0.0517481 0.051147 0.0580367 0.0554102 0.0275333 0.0261173 
2.55513 0.0294645 0.0331282 0.0394573 0.0516568 0.051079 0.0580547 0.0554264 0.0276893 0.0262642 
2.57033 0.0292879 0.0328608 0.0393612 0.0515653 0.0510113 0.0580731 0.055443 0.0278473 0.0264129 
2.58565 0.0291159 0.0325954 0.0392676 0.0514737 0.0509437 0.0580918 0.0554601 0.0280072 0.0265635 
2.60109 0.0289486 0.0323322 0.0391764 0.0513819 0.0508762 0.0581109 0.0554777 0.0281692 0.0267159 
2.61666 0.0287861 0.0320714 0.0390877 0.0512898 0.0508089 0.0581303 0.0554957 0.0283332 0.0268704 
2.63236 0.0286286 0.031813 0.0390016 0.0511976 0.0507418 0.05815 0.0555142 0.0284993 0.0270267 
2.64818 0.0284763 0.0315571 0.0389182 0.0511053 0.0506749 0.0581701 0.0555332 0.0286675 0.0271851 
2.66414 0.0283293 0.0313039 0.0388375 0.0510127 0.0506082 0.0581904 0.0555526 0.0288378 0.0273455 
2.68023 0.0281877 0.0310536 0.0387595 0.0509199 0.0505416 0.0582111 0.0555724 0.0290103 0.027508 
2.69645 0.0280517 0.0308062 0.0386845 0.050827 0.0504752 0.0582321 0.0555927 0.029185 0.0276725 
2.71281 0.0279215 0.0305619 0.0386123 0.0507338 0.050409 0.0582534 0.0556134 0.0293619 0.0278392 
2.72931 0.0277972 0.0303208 0.0385431 0.0506405 0.050343 0.058275 0.0556346 0.0295411 0.028008 
2.74595 0.0276789 0.0300831 0.038477 0.050547 0.0502771 0.0582968 0.0556561 0.0297226 0.028179 
2.76273 0.0275669 0.0298489 0.038414 0.0504533 0.0502115 0.058319 0.0556781 0.0299065 0.0283523 
2.77965 0.0274613 0.0296184 0.0383542 0.0503594 0.050146 0.0583413 0.0557005 0.0300928 0.0285278 
2.79672 0.0273623 0.0293918 0.0382977 0.0502653 0.0500808 0.0583639 0.0557233 0.0302815 0.0287056 
2.81395 0.02727 0.0291692 0.0382446 0.050171 0.0500157 0.0583868 0.0557465 0.0304727 0.0288858 
2.83132 0.0271847 0.0289508 0.0381949 0.0500765 0.0499508 0.0584099 0.0557701 0.0306664 0.0290684 
2.84884 0.0271064 0.0287368 0.0381487 0.0499819 0.0498862 0.0584332 0.0557941 0.0308626 0.0292533 
2.86653 0.0270355 0.0285272 0.0381062 0.049887 0.0498217 0.0584567 0.0558185 0.0310615 0.0294408 
2.88437 0.026972 0.0283225 0.0380673 0.049792 0.0497575 0.0584803 0.0558432 0.0312629 0.0296307 
2.90237 0.0269162 0.0281226 0.0380323 0.0496967 0.0496935 0.0585042 0.0558683 0.0314671 0.0298232 
2.92053 0.0268683 0.0279279 0.038001 0.0496013 0.0496297 0.0585282 0.0558937 0.031674 0.0300182 
2.93886 0.0268284 0.0277384 0.0379738 0.0495057 0.0495661 0.0585524 0.0559195 0.0318837 0.0302159 
2.95735 0.0267968 0.0275545 0.0379506 0.0494099 0.0495028 0.0585767 0.0559456 0.0320962 0.0304163 
2.97602 0.0267736 0.0273763 0.0379315 0.049314 0.0494396 0.0586011 0.0559721 0.0323116 0.0306194 
2.99486 0.0267591 0.0272041 0.0379166 0.0492178 0.0493767 0.0586256 0.0559988 0.0325299 0.0308253 
3.01388 0.0267535 0.0270381 0.0379061 0.0491215 0.0493141 0.0586502 0.0560259 0.0327512 0.031034 
3.03308 0.0267569 0.0268784 0.0379 0.0490251 0.0492517 0.0586749 0.0560532 0.0329755 0.0312456 
3.05245 0.0267697 0.0267254 0.0378984 0.0489284 0.0491895 0.0586996 0.0560808 0.0332029 0.03146 
3.07202 0.0267919 0.0265793 0.0379014 0.0488316 0.0491276 0.0587243 0.0561087 0.0334335 0.0316775 
3.09177 0.0268239 0.0264403 0.0379092 0.0487346 0.0490659 0.0587491 0.0561368 0.0336672 0.031898 
3.11171 0.0268658 0.0263087 0.0379217 0.0486375 0.0490046 0.0587738 0.0561651 0.0339042 0.0321215 
3.13184 0.0269179 0.0261847 0.0379392 0.0485402 0.0489434 0.0587985 0.0561937 0.0341445 0.0323482 
3.15217 0.0269804 0.0260686 0.0379617 0.0484428 0.0488826 0.0588232 0.0562225 0.0343881 0.0325781 
3.1727 0.0270535 0.0259608 0.0379894 0.0483453 0.048822 0.0588478 0.0562514 0.0346352 0.0328112 
3.19343 0.0271375 0.0258613 0.0380223 0.0482476 0.0487618 0.0588723 0.0562806 0.0348858 0.0330476 
3.21437 0.0272325 0.0257707 0.0380606 0.0481498 0.0487018 0.0588966 0.0563099 0.03514 0.0332874 
3.23553 0.0273389 0.0256891 0.0381043 0.0480519 0.0486421 0.0589208 0.0563393 0.0353977 0.0335307 
3.25689 0.0274569 0.0256168 0.0381537 0.0479539 0.0485827 0.0589449 0.0563689 0.0356592 0.0337774 
3.27847 0.0275866 0.0255543 0.0382087 0.0478558 0.0485237 0.0589687 0.0563985 0.0359244 0.0340277 
3.30027 0.0277284 0.0255017 0.0382695 0.0477576 0.048465 0.0589923 0.0564282 0.0361935 0.0342816 
3.3223 0.0278825 0.0254593 0.0383363 0.0476593 0.0484066 0.0590156 0.056458 0.0364664 0.0345392 
3.34456 0.0280491 0.0254277 0.0384091 0.047561 0.0483485 0.0590387 0.0564878 0.0367433 0.0348005 
3.36704 0.0282285 0.025407 0.0384881 0.0474626 0.0482908 0.0590614 0.0565177 0.0370243 0.0350657 
3.38977 0.0284209 0.0253976 0.0385734 0.0473641 0.0482335 0.0590838 0.0565475 0.0373094 0.0353348 
3.41273 0.0286265 0.0253999 0.0386651 0.0472657 0.0481765 0.0591057 0.0565773 0.0375987 0.0356079 
3.43594 0.0288456 0.0254142 0.0387634 0.0471672 0.04812 0.0591273 0.056607 0.0378923 0.035885 
3.4594 0.0290785 0.0254409 0.0388683 0.0470688 0.0480638 0.0591484 0.0566366 0.0381903 0.0361663 
3.48311 0.0293254 0.0254804 0.03898 0.0469703 0.048008 0.0591689 0.0566661 0.0384927 0.0364518 
3.50708 0.0295865 0.025533 0.0390986 0.0468719 0.0479526 0.059189 0.0566955 0.0387997 0.0367416 
3.53132 0.0298621 0.0255992 0.0392242 0.0467735 0.0478977 0.0592085 0.0567247 0.0391113 0.0370357 
3.55581 0.0301524 0.0256794 0.039357 0.0466753 0.0478432 0.0592273 0.0567537 0.0394276 0.0373344 
3.58059 0.0304576 0.0257739 0.0394971 0.0465771 0.0477892 0.0592455 0.0567825 0.0397488 0.0376376 
3.60564 0.030778 0.0258832 0.0396446 0.046479 0.0477356 0.0592629 0.0568109 0.0400749 0.0379455 
3.63097 0.0311139 0.0260077 0.0397997 0.0463811 0.0476825 0.0592796 0.0568391 0.040406 0.0382581 
3.65658 0.0314653 0.0261478 0.0399624 0.0462834 0.04763 0.0592955 0.0568669 0.0407422 0.0385755 
3.68249 0.0318327 0.026304 0.040133 0.0461858 0.0475779 0.0593105 0.0568944 0.0410837 0.0388979 
3.7087 0.0322161 0.0264766 0.0403115 0.0460885 0.0475264 0.0593246 0.0569214 0.0414305 0.0392254 
3.73522 0.0326159 0.0266662 0.040498 0.0459914 0.0474754 0.0593377 0.0569479 0.0417827 0.039558 
3.76204 0.0330321 0.0268732 0.0406927 0.0458946 0.047425 0.0593498 0.056974 0.0421405 0.0398958 
3.78917 0.033465 0.0270981 0.0408957 0.0457981 0.0473752 0.0593608 0.0569994 0.042504 0.040239 
3.81663 0.0339149 0.0273413 0.0411071 0.0457019 0.047326 0.0593706 0.0570243 0.0428732 0.0405877 
3.84442 0.0343818 0.0276033 0.0413271 0.0456062 0.0472774 0.0593793 0.0570486 0.0432484 0.040942 
3.87254 0.034866 0.0278846 0.0415558 0.0455108 0.0472295 0.0593866 0.0570721 0.0436296 0.041302 
3.901 0.0353676 0.0281856 0.0417932 0.045416 0.0471823 0.0593926 0.0570949 0.044017 0.0416679 
3.9298 0.0358868 0.0285069 0.0420395 0.0453216 0.0471357 0.0593972 0.0571169 0.0444107 0.0420397 
3.95896 0.0364237 0.0288489 0.0422949 0.0452278 0.0470899 0.0594002 0.0571381 0.0448109 0.0424176 
3.98849 0.0369784 0.0292122 0.0425593 0.0451346 0.0470448 0.0594017 0.0571583 0.0452176 0.0428017 
4.01837 0.0375511 0.0295971 0.042833 0.045042 0.0470005 0.0594016 0.0571775 0.045631 0.0431922 
4.04864 0.0381419 0.0300043 0.043116 0.0449501 0.0469571 0.0593997 0.0571957 0.0460514 0.0435892 
4.07929 0.0387508 0.0304342 0.0434084 0.044859 0.0469144 0.059396 0.0572128 0.0464787 0.0439928 
4.11032 0.0393778 0.0308872 0.0437103 0.0447687 0.0468727 0.0593903 0.0572287 0.0469133 0.0444032 
4.14176 0.0400231 0.031364 0.0440218 0.0446793 0.0468318 0.0593827 0.0572434 0.0473552 0.0448206 
4.17361 0.0406867 0.031865 0.0443429 0.0445908 0.0467919 0.0593729 0.0572567 0.0478046 0.0452451 
4.20586 0.0413685 0.0323906 0.0446738 0.0445034 0.0467529 0.059361 0.0572687 0.0482617 0.0456768 
4.23855 0.0420685 0.0329414 0.0450144 0.044417 0.046715 0.0593467 0.0572791 0.0487267 0.046116 
4.27167 0.0427867 0.0335178 0.0453649 0.0443318 0.0466781 0.05933 0.0572881 0.0491997 0.0465628 
4.30522 0.0435229 0.0341203 0.0457253 0.0442478 0.0466422 0.0593108 0.0572953 0.049681 0.0470174 
4.33923 0.0442771 0.0347493 0.0460956 0.0441651 0.0466076 0.059289 0.0573008 0.0501707 0.0474799 
4.37371 0.0450491 0.0354054 0.0464759 0.0440839 0.0465741 0.0592643 0.0573045 0.050669 0.0479506 
4.40865 0.0458387 0.0360888 0.0468661 0.0440041 0.0465418 0.0592368 0.0573063 0.0511761 0.0484297 
4.44408 0.0466457 0.0368 0.0472662 0.043926 0.0465108 0.0592062 0.0573061 0.0516923 0.0489173 
4.47999 0.0474699 0.0375395 0.0476763 0.0438495 0.0464811 0.0591725 0.0573037 0.0522178 0.0494136 
4.51642 0.0483108 0.0383076 0.0480963 0.0437749 0.0464528 0.0591354 0.057299 0.0527527 0.049919 
4.55335 0.0491683 0.0391045 0.048526 0.0437022 0.046426 0.0590949 0.057292 0.0532974 0.0504335 
4.59081 0.0500418 0.0399307 0.0489656 0.0436316 0.0464006 0.0590508 0.0572826 0.053852 0.0509574 
4.62881 0.0509309 0.0407865 0.0494149 0.0435631 0.0463768 0.059003 0.0572705 0.0544168 0.0514909 
4.66736 0.0518351 0.041672 0.0498737 0.0434969 0.0463547 0.0589512 0.0572557 0.0549921 0.0520343 
4.70647 0.0527539 0.0425875 0.0503419 0.0434332 0.0463342 0.0588952 0.0572381 0.0555781 0.0525879 
4.74616 0.0536865 0.0435331 0.0508194 0.043372 0.0463155 0.058835 0.0572174 0.0561751 0.0531519 
4.78644 0.0546323 0.044509 0.051306 0.0433136 0.0462986 0.0587703 0.0571936 0.0567834 0.0537265 
4.82732 0.0555906 0.0455153 0.0518015 0.0432582 0.0462836 0.058701 0.0571665 0.0574032 0.054312 
4.86882 0.0565605 0.0465518 0.0523056 0.0432057 0.0462706 0.0586267 0.0571359 0.0580349 0.0549088 
4.91095 0.057541 0.0476187 0.052818 0.0431566 0.0462598 0.0585474 0.0571018 0.0586788 0.055517 
4.95373 0.0585312 0.0487156 0.0533385 0.0431109 0.046251 0.0584628 0.0570638 0.0593351 0.0561371 
4.99717 0.05953 0.0498425 0.0538666 0.0430689 0.0462446 0.0583726 0.0570218 0.0600043 0.0567692 
5.0413 0.0605361 0.050999 0.0544021 0.0430307 0.0462405 0.0582767 0.0569757 0.0606867 0.0574138 
5.08611 0.0615483 0.0521847 0.0549443 0.0429966 0.0462389 0.0581747 0.0569253 0.0613825 0.0580712 
5.13165 0.0625653 0.0533991 0.0554929 0.0429668 0.0462399 0.0580665 0.0568703 0.0620923 0.0587417 
5.17791 0.0635854 0.0546416 0.0560473 0.0429416 0.0462435 0.0579517 0.0568105 0.0628163 0.0594257 
5.22492 0.0646071 0.0559115 0.056607 0.0429211 0.04625 0.0578301 0.0567458 0.0635549 0.0601235 
5.2727 0.0656287 0.0572078 0.0571711 0.0429058 0.0462594 0.0577013 0.0566758 0.0643087 0.0608355 
5.32127 0.0666482 0.0585297 0.0577391 0.0428958 0.0462719 0.0575651 0.0566004 0.0650779 0.0615622 
5.37066 0.0676636 0.0598758 0.0583102 0.0428915 0.0462876 0.0574212 0.0565193 0.065863 0.0623039 
5.42087 0.0686729 0.0612448 0.0588834 0.0428932 0.0463066 0.0572691 0.0564322 0.0666645 0.0630611 
5.47193 0.0696737 0.0626352 0.0594579 0.0429013 0.0463292 0.0571086 0.0563389 0.0674828 0.0638341 
5.52387 0.0706636 0.0640452 0.0600326 0.042916 0.0463554 0.0569393 0.0562391 0.0683185 0.0646236 
5.57671 0.0716399 0.0654729 0.0606063 0.0429377 0.0463855 0.0567609 0.0561324 0.0691719 0.0654299 
5.63047 0.0725998 0.0669159 0.061178 0.0429669 0.0464196 0.0565728 0.0560186 0.0700438 0.0662535 
5.68518 0.0735404 0.0683719 0.0617463 0.0430039 0.0464579 0.0563748 0.0558974 0.0709345 0.067095 
5.74086 0.0744585 0.069838 0.0623097 0.0430492 0.0465006 0.0561663 0.0557683 0.0718447 0.0679548 
5.79755 0.0753507 0.0713112 0.0628667 0.0431033 0.046548 0.055947 0.0556311 0.0727749 0.0688336 
5.85526 0.0762133 0.0727879 0.0634156 0.0431666 0.0466001 0.0557163 0.0554854 0.0737258 0.069732 
5.91404 0.0770427 0.0742645 0.0639546 0.0432396 0.0466573 0.0554737 0.0553307 0.074698 0.0706504 
5.9739 0.0778348 0.0757367 0.0644818 0.0433229 0.0467198 0.0552188 0.0551667 0.0756921 0.0715895 
6.03489 0.0785853 0.0771998 0.064995 0.043417 0.0467879 0.0549509 0.054993 0.0767088 0.0725501 
6.09703 0.0792896 0.0786489 0.065492 0.0435226 0.0468618 0.0546696 0.0548091 0.0777489 0.0735326 
6.16036 0.0799431 0.0800782 0.0659702 0.0436402 0.0469418 0.0543742 0.0546145 0.0788131 0.074538 
6.22491 0.0805405 0.0814817 0.066427 0.0437706 0.0470282 0.0540642 0.0544087 0.0799021 0.0755668 
6.29072 0.0810766 0.0828526 0.0668596 0.0439144 0.0471213 0.0537387 0.0541913 0.0810168 0.0766198 
6.35783 0.0815458 0.0841834 0.0672648 0.0440725 0.0472215 0.0533973 0.0539617 0.082158 0.0776979 
6.42628 0.0819421 0.0854661 0.0676392 0.0442455 0.0473291 0.053039 0.0537192 0.0833266 0.0788018 
6.4961 0.0822592 0.0866919 0.0679794 0.0444343 0.0474444 0.0526633 0.0534634 0.0845235 0.0799325 
6.56735 0.0824906 0.087851 0.0682813 0.0446398 0.0475679 0.0522693 0.0531936 0.0857495 0.0810908 
6.64007 0.0826293 0.0889329 0.0685409 0.0448629 0.0477 0.0518562 0.0529092 0.0870059 0.0822776 
6.71431 0.082668 0.0899261 0.0687536 0.0451047 0.0478411 0.051423 0.0526094 0.0882935 0.083494 
6.79011 0.0825992 0.090818 0.0689146 0.0453661 0.0479917 0.050969 0.0522935 0.0896134 0.0847409 
6.86752 0.0824148 0.091595 0.0690186 0.0456483 0.0481522 0.0504931 0.0519608 0.0909668 0.0860194 
6.94661 0.0821065 0.092242 0.0690601 0.0459524 0.0483232 0.0499943 0.0516105 0.0923549 0.0873307 
7.02741 0.0816654 0.0927429 0.0690329 0.0462797 0.0485052 0.0494715 0.0512417 0.0937789 0.0886759 
7.11001 0.0810825 0.0930799 0.0689307 0.0466314 0.0486988 0.0489237 0.0508535 0.0952401 0.0900563 
7.19444 0.0803482 0.0932337 0.0687464 0.0470091 0.0489047 0.0483497 0.0504451 0.0967398 0.091473 
7.28079 0.0794526 0.0931835 0.0684724 0.0474142 0.0491233 0.0477482 0.0500154 0.0982795 0.0929276 
7.36911 0.0783852 0.0929065 0.0681006 0.0478482 0.0493555 0.0471179 0.0495633 0.0998607 0.0944212 
7.45947 0.0771353 0.0923777 0.0676224 0.0483128 0.049602 0.0464574 0.0490879 0.101485 0.0959556 
7.55195 0.0756918 0.0915704 0.0670282 0.0488097 0.0498635 0.0457653 0.0485879 0.103154 0.0975321 
7.64663 0.074043 0.0904551 0.066308 0.049341 0.0501408 0.0450401 0.0480621 0.104869 0.0991525 
7.74358 0.0721771 0.089 0.0654508 0.0499085 0.0504349 0.0442801 0.0475093 0.106633 0.100818 
7.84289 0.0700817 0.0871705 0.064445 0.0505144 0.0507466 0.0434836 0.046928 0.108446 0.102532 
7.94465 0.0677441 0.0849288 0.0632778 0.0511609 0.0510769 0.0426488 0.046317 0.110312 0.104294 
8.04896 0.0651512 0.082234 0.0619357 0.0518505 0.0514269 0.0417738 0.0456745 0.112232 0.106108 
8.1559 0.0622897 0.0790416 0.0604038 0.0525857 0.0517977 0.0408566 0.044999 0.114208 0.107974 
8.26559 0.059146 0.0753031 0.0586664 0.0533693 0.0521904 0.0398951 0.0442889 0.116243 0.109897 
8.37813 0.0557062 0.0709659 0.0567064 0.0542041 0.0526063 0.0388869 0.0435423 0.118339 0.111877 
8.49364 0.0519563 0.0659727 0.0545053 0.0550934 0.0530468 0.0378298 0.0427573 0.120499 0.113917 
8.61223 0.0478821 0.0602612 0.0520432 0.0560403 0.0535133 0.036721 0.0419319 0.122726 0.116021 
8.73404 0.0434694 0.0537634 0.0492987 0.0570485 0.0540073 0.035558 0.0410639 0.125022 0.11819 
8.8592 0.038704 0.0464058 0.0462486 0.0581217 0.0545304 0.0343378 0.040151 0.127391 0.120427 
8.98785 0.033572 0.0381077 0.0428678 0.059264 0.0550844 0.0330575 0.0391909 0.129835 0.122736 
9.12015 0.0280595 0.0287819 0.0391292 0.0604796 0.0556712 0.0317137 0.0381809 0.132358 0.12512 
9.25624 0.0221534 0.0183328 0.0350036 0.0617734 0.0562926 0.030303 0.0371182 0.134965 0.127581 
9.39631 0.0158407 0.00665672 0.0304592 0.0631501 0.056951 0.0288218 0.036 0.137658 0.130125 
9.54052 0.00910968 -0.00635972 0.0254618 0.0646152 0.0576484 0.027266 0.0348231 0.140441 0.132754 
9.68907 0.0019493 -0.02084 0.0199742 0.0661743 0.0583874 0.0256316 0.0335842 0.14332 0.135474 
9.84216 -0.00565009 -0.036919 0.0139563 0.0678336 0.0591706 0.0239141 0.0322797 0.146298 0.138287 
10 -0.0136966 -0.0547438 0.00736421 0.0695997 0.0600009 0.0221088 0.0309059 0.149381 0.141199 
