2.167698930977 0.0001913338792982 -0.2523799529826   0.0003668781044331 -0.2521445422994   
6.503096792931 -0.0003741057692295 -0.1303019541879   -0.0001272689049265 -0.130376377324   
10.83849465488 0.0002602499896369 -0.08521531139075   0.0002157383746716 -0.08589440392482   
15.17389251684 -0.0004664594240921 -0.06327176047505   0.0001172029857433 -0.06308513815146   
19.50929037879 -0.0002025403043066 -0.04991690248827   -0.0007698834078234 -0.05035208325092   
23.84468824075 -0.0001980446862924 -0.04114442515715   0.0001755389809994 -0.04117437135422   
28.1800861027 0.000715068789976 -0.0351525818591   0.0004376937408194 -0.03466956438436   
32.51548396465 0.0004376580574327 -0.03055693365638   0.0002932019163826 -0.02986208353445   
36.85088182661 2.728261668706e-05 -0.02698036658963   0.0001285748051146 -0.02643051215646   
41.18627968856 -0.0001995774895886 -0.02414793239426   2.732521380851e-05 -0.02384696158741   
45.52167755052 -0.0002659727638493 -0.02185640588056   -2.117692529216e-05 -0.02177161101954   
49.85707541247 -0.0002443925578968 -0.01996476818716   -3.862845967551e-05 -0.02002822998734   
54.19247327442 -0.0001865676177277 -0.01837596246463   -4.039695619646e-05 -0.01852601993827   
58.52787113638 -0.0001205549335987 -0.01702199390676   -3.523616200572e-05 -0.0172135468533   
62.86326899833 -5.926279501964e-05 -0.01585397807716   -2.774643442487e-05 -0.0160573655086   
67.19866686029 -7.462714155449e-06 -0.01483586046835   -2.005121564323e-05 -0.01503298321539   
71.53406472224 3.400968392882e-05 -0.01394043450758   -1.306557857266e-05 -0.01412114481863   
75.86946258419 6.598932082932e-05 -0.01314675197082   -7.132279587245e-06 -0.01330599997976   
80.20486044615 8.989411208579e-05 -0.0124383953345   -2.282702822849e-06 -0.01257431559902   
84.5402583081 0.0001072240246186 -0.01180231338273   1.588848341924e-06 -0.01191491014513   
88.87565617006 0.0001193313480145 -0.01122799430277   4.619988337855e-06 -0.01131834107269   
93.21105403201 0.0001273636566554 -0.01070686988589   6.941705587844e-06 -0.0107765996348   
97.54645189396 0.0001322410246526 -0.01023189021157   8.699362894321e-06 -0.01028288293192   
101.8818497559 0.0001347680732329 -0.009797185610269   1.001457414574e-05 -0.009831345529237   
106.2172476179 0.0001353222876947 -0.009397887649039   1.095853230215e-05 -0.009417124661212   
110.5526454798 0.0001349376636354 -0.009029746286835   1.161746371337e-05 -0.009035677542814   
114.8880433418 0.0001326833452187 -0.008689471797345   1.205183236282e-05 -0.008683880588705   
119.2234412037 0.0001310895380747 -0.008373659517826   1.220363045531e-05 -0.008357761071417   
123.5588390657 0.000127412744104 -0.008080210328996   1.250020938551e-05 -0.008055449852539   
127.8942369276 0.0001243837917294 -0.007806490907385   1.220024471753e-05 -0.00777396357318   
132.2296347896 0.0001212281289642 -0.007550629807213   1.234235639034e-05 -0.007511395301121   
136.5650326515 0.0001171931831223 -0.007311143899324   1.221657842564e-05 -0.007265912900441   
140.9004305135 0.0001133713520799 -0.007086335471381   1.182006335484e-05 -0.007036092360333   
145.2358283755 0.0001099992940374 -0.006874820914302   1.169057283076e-05 -0.006820309060602   
149.5712262374 0.0001064192504431 -0.006675638689384   1.154276419337e-05 -0.006617292853774   
153.9066240994 0.0001024606207429 -0.006487718680821   1.123753146153e-05 -0.006425981581812   
158.2420219613 9.890319576909e-05 -0.006310035204937   1.07548868475e-05 -0.00624565820701   
162.5774198233 9.550959332536e-05 -0.006141769071388   1.061447448405e-05 -0.006075140292511   
166.9128176852 9.254146906892e-05 -0.005982312770957   1.037459656177e-05 -0.005913685754191   
171.2482155472 8.906944087479e-05 -0.005830872686345   1.005217487062e-05 -0.005760473410391   
175.5836134091 8.582584356974e-05 -0.005686961066601   9.755861429732e-06 -0.005615121059297   
179.9190112711 8.286164173486e-05 -0.005549983842434   9.397707521655e-06 -0.005477046517524   
184.254409133 7.997884728824e-05 -0.005419389473691   9.104511790032e-06 -0.005345653452687   
188.589806995 7.73578093423e-05 -0.005294803684303   8.936964296782e-06 -0.005220382861092   
192.9252048569 7.485117326809e-05 -0.005175849204531   8.726117088455e-06 -0.00510075576511   
197.2606027189 7.220537481492e-05 -0.00506212191578   8.397209066786e-06 -0.004986497437747   
201.5960005809 6.957433257288e-05 -0.004953276748114   8.069125225056e-06 -0.004877374830648   
205.9313984428 6.722391681665e-05 -0.004849017102397   7.833551278766e-06 -0.004773020905543   
210.2667963048 6.51279471906e-05 -0.004749052571514   7.648714872405e-06 -0.004673031247655   
214.6021941667 6.309442250901e-05 -0.004653111231475   7.445133000803e-06 -0.004577107830008   
218.9375920287 6.105062016228e-05 -0.004560962816418   7.217218859408e-06 -0.004485040823285   
223.2729898906 5.906039741232e-05 -0.004472405318694   6.995591751766e-06 -0.004396620974656   
227.6083877526 5.717367527944e-05 -0.004387237961706   6.790348587972e-06 -0.004311627854156   
231.9437856145 5.537004234709e-05 -0.004305256637043   6.587003147605e-06 -0.004229869511933   
236.2791834765 5.361621386983e-05 -0.004226271760979   6.37772798816e-06 -0.004151193532571   
240.6145813384 5.193705912461e-05 -0.004150118190358   6.175407422878e-06 -0.004075443693252   
244.9499792004 5.03555062788e-05 -0.004076658296911   5.998638032848e-06 -0.004002448850861   
249.2853770624 4.891778401655e-05 -0.004005755098464   5.848515280438e-06 -0.003932004910951   
253.6207749243 4.752263819007e-05 -0.003937290415326   5.713530923646e-06 -0.003863971499338   
257.9561727863 4.620414450002e-05 -0.003871122229435   5.561660939931e-06 -0.00379820272619   
262.2915706482 4.482453503816e-05 -0.003807148220539   5.406675322723e-06 -0.003734652192783   
266.6269685102 4.349541040421e-05 -0.003745245071766   5.223296547325e-06 -0.003673217610519   
270.9623663721 4.220595131467e-05 -0.003685319933828   5.067014663524e-06 -0.003613822983109   
275.2977642341 4.097763019517e-05 -0.003627287034496   4.918804671931e-06 -0.003556354625103   
279.633162096 3.987334292053e-05 -0.003571049580456   4.78978213328e-06 -0.003500696198748   
283.968559958 3.883126497248e-05 -0.003516530281081   4.691376805322e-06 -0.003446738944572   
288.3039578199 3.78194971342e-05 -0.00346365588999   4.581238725721e-06 -0.003394409274445   
292.6393556819 3.68409449253e-05 -0.00341234157276   4.473240496348e-06 -0.003343630380784   
296.9747535438 3.589446277808e-05 -0.003362524276158   4.36034864298e-06 -0.003294352030962   
301.3101514058 3.492401875599e-05 -0.00331414301493   4.250496911397e-06 -0.003246505838066   
305.6455492678 3.401216302544e-05 -0.003267137385949   4.126368730549e-06 -0.003200052085862   
309.9809471297 3.31286610454e-05 -0.003221439838854   4.020021111959e-06 -0.003154912864523   
314.3163449917 3.229578020148e-05 -0.003177010784531   3.929776698405e-06 -0.003111034436394   
318.6517428536 3.148398024763e-05 -0.003133792205028   3.830370236312e-06 -0.003068363173222   
322.9871407156 3.069788093436e-05 -0.003091728625766   3.739698950556e-06 -0.003026854287054   
327.3225385775 2.996660990276e-05 -0.003050780222229   3.661803838631e-06 -0.002986461585706   
331.6579364395 2.92494535452e-05 -0.00301090145142   3.579802577166e-06 -0.002947135264341   
335.9933343014 2.85360717192e-05 -0.002972049649219   3.496038336644e-06 -0.002908839151147   
340.3287321634 2.786319809068e-05 -0.002934188742725   3.416865347023e-06 -0.002871536101628   
344.6641300253 2.722871857303e-05 -0.002897279940424   3.340059238141e-06 -0.002835179566691   
348.9995278873 2.661124180879e-05 -0.002861286904382   3.267213206251e-06 -0.002799726658797   
353.3349257492 2.601265610534e-05 -0.002826179513891   3.199181920381e-06 -0.002765141846096   
357.6703236112 2.543482827586e-05 -0.002791926022233   3.130077878999e-06 -0.002731395239861   
362.0057214732 2.486968459273e-05 -0.002758492021212   3.058997946342e-06 -0.002698461917929   
366.3411193351 2.431759356715e-05 -0.002725847505965   2.992661596473e-06 -0.002666316147504   
370.6765171971 2.378262318244e-05 -0.002693967030038   2.931693175288e-06 -0.002634928353967   
375.011915059 2.325601786658e-05 -0.002662824881161   2.868431262401e-06 -0.002604274305728   
379.347312921 2.273518731428e-05 -0.002632393512801   2.800197990398e-06 -0.002574336010697   
383.6827107829 2.222775140489e-05 -0.002602648817879   2.734544685761e-06 -0.002545095443946   
388.0181086449 2.175604227351e-05 -0.002573567481862   2.676827952832e-06 -0.002516519651486   
392.3535065068 2.130532423202e-05 -0.002545130300108   2.625575664019e-06 -0.002488580105929   
396.6889043688 2.087698873534e-05 -0.002517313565855   2.572047194461e-06 -0.002461247390967   
401.0243022307 2.044889074327e-05 -0.002490099712635   2.519938668969e-06 -0.002434510232639   
405.3597000927 2.004343108706e-05 -0.002463467538031   2.467662185788e-06 -0.00240834590264   
409.6950979546 1.965748407465e-05 -0.002437399433823   2.42352723305e-06 -0.002382735142812   
414.0304958166 1.928346725468e-05 -0.002411877676503   2.380185099806e-06 -0.002357655662295   
418.3658936786 1.89188874183e-05 -0.002386883417199   2.335316111018e-06 -0.002333091920226   
422.7012915405 1.854883165971e-05 -0.002362402149942   2.290836264348e-06 -0.002309032856258   
427.0366894025 1.818261022372e-05 -0.002338419135312   2.242531614473e-06 -0.002285468962421   
431.3720872644 1.78268774591e-05 -0.002314917577244   2.19829185961e-06 -0.002262384072722   
435.7074851264 1.748221056123e-05 -0.002291884387323   2.154613760501e-06 -0.002239766744688   
440.0428829883 1.714082467837e-05 -0.002269304023273   2.112113380144e-06 -0.002217600631908   
444.3782808503 1.681676584064e-05 -0.002247163503539   2.069591904769e-06 -0.002195875108144   
448.7136787122 1.649612008566e-05 -0.002225450441403   2.030582127018e-06 -0.002174573460056   
453.0490765742 1.618795876659e-05 -0.002204155116972   1.99286873634e-06 -0.002153684230547   
457.3844744361 1.589361536233e-05 -0.002183263202904   1.955422097208e-06 -0.002133193537386   
461.7198722981 1.560848962053e-05 -0.002162763110006   1.922407298259e-06 -0.00211308888998   
466.05527016 1.533333138739e-05 -0.002142645187173   1.889895787624e-06 -0.002093360765783   
470.390668022 1.506534390791e-05 -0.00212289681759   1.856781077851e-06 -0.002073998173962   
474.726065884 1.480870717499e-05 -0.002103508500418   1.827883931969e-06 -0.002054989469338   
479.0614637459 1.456216313297e-05 -0.002084472417063   1.800903451111e-06 -0.00203632262811   
483.3968616079 1.431675555966e-05 -0.00206577820394   1.772138739638e-06 -0.002017988169021   
487.7322594698 1.407442298056e-05 -0.002047416050565   1.743437852941e-06 -0.001999979867938   
492.0676573318 1.383839741192e-05 -0.002029377492573   1.715286104118e-06 -0.001982290873899   
496.4030551937 1.360361564672e-05 -0.002011653666384   1.68612769815e-06 -0.001964913874981   
500.7384530557 1.337139261006e-05 -0.001994236333878   1.657162230671e-06 -0.001947841984923   
505.0738509176 1.314893082093e-05 -0.001977118215928   1.630099377964e-06 -0.001931066533085   
509.4092487796 1.293555662653e-05 -0.001960291639898   1.60432125717e-06 -0.001914577160851   
513.7446466415 1.272464915636e-05 -0.001943749205671   1.578898068206e-06 -0.001898365716578   
518.0800445035 1.251641698096e-05 -0.001927483914912   1.553327526048e-06 -0.00188242595178   
522.4154423654 1.231108039878e-05 -0.001911489018688   1.527302149097e-06 -0.00186675345477   
526.7508402274 1.211148679135e-05 -0.001895756760915   1.500959059887e-06 -0.001851341837963   
531.0862380894 1.191475178213e-05 -0.001880281328128   1.476443258902e-06 -0.001836185842164   
535.4216359513 1.172738419955e-05 -0.001865056391574   1.453297019101e-06 -0.001821276366746   
539.7570338133 1.154482303699e-05 -0.001850076716511   1.431862091052e-06 -0.001806607686589   
544.0924316752 1.136938468154e-05 -0.001835335398227   1.410054227292e-06 -0.001792172274923   
548.4278295372 1.119794752397e-05 -0.001820826893026   1.390067099775e-06 -0.001777965160529   
552.7632273991 1.102916363106e-05 -0.001806546214086   1.37044145426e-06 -0.001763980181113   
557.0986252611 1.086365892496e-05 -0.001792487765092   1.350031383204e-06 -0.001750212772369   
561.434023123 1.069735460969e-05 -0.001778646470905   1.329317055954e-06 -0.001736659763522   
565.769420985 1.053511343289e-05 -0.001765017139507   1.307864818052e-06 -0.001723317784186   
570.1048188469 1.037889370794e-05 -0.001751594684977   1.28910872792e-06 -0.001710180172284   
574.4402167089 1.022850467667e-05 -0.001738375320901   1.271093168899e-06 -0.001697241572641   
578.7756145708 1.00801580183e-05 -0.001725353826046   1.253208106126e-06 -0.00168449593948   
583.1110124328 9.936080501005e-06 -0.001712525906465   1.234969123931e-06 -0.001671940689328   
587.4464102948 9.792553178728e-06 -0.00169988716326   1.217244013545e-06 -0.00165957144219   
591.7818081567 9.654226855578e-06 -0.001687433742201   1.200039524349e-06 -0.001647384097175   
596.1172060187 9.519487890541e-06 -0.001675161176421   1.18298754208e-06 -0.001635373645827   
600.4526038806 9.38450915126e-06 -0.001663065959677   1.1660740535e-06 -0.001623536525591   
604.7880017426 9.251811121029e-06 -0.001651144481081   1.148330353612e-06 -0.001611870400904   
609.1233996045 9.122452673641e-06 -0.001639392415263   1.131256879885e-06 -0.001600371449897   
613.4587974665 8.997497619354e-06 -0.0016278066688   1.116112066309e-06 -0.001589035449457   
617.7941953284 8.876434728067e-06 -0.001616383734892   1.101185776642e-06 -0.001577858305839   
622.1295931904 8.757108712078e-06 -0.001605119521512   1.08627859153e-06 -0.001566836500195   
626.4649910523 8.639470714474e-06 -0.001594011184587   1.072057017343e-06 -0.001555967378537   
630.8003889143 8.523205291964e-06 -0.001583055855915   1.05758211982e-06 -0.001545248261226   
635.1357867762 8.408535978524e-06 -0.001572249960599   1.04304496776e-06 -0.001534676249748   
639.4711846382 8.297405592427e-06 -0.001561590460797   1.029528513751e-06 -0.001524248079296   
643.8065825002 8.188652139019e-06 -0.001551074625662   1.016365881677e-06 -0.001513960421098   
648.1419803621 8.08016587375e-06 -0.001540699395835   1.002794487078e-06 -0.001503810615818   
652.4773782241 7.973018111464e-06 -0.001530462080692   9.89571394697e-07 -0.00149379658645   
656.812776086 7.869246658107e-06 -0.001520360070603   9.770104090467e-07 -0.00148391538394   
661.148173948 7.76662107006e-06 -0.001510390710604   9.647075436146e-07 -0.001474164581229   
665.4835718099 7.665830476713e-06 -0.00150055099823   9.524080909932e-07 -0.001464541663676   
669.8189696719 7.566778923449e-06 -0.001490838622906   9.406496118037e-07 -0.001455044924998   
674.1543675338 7.471100335725e-06 -0.001481250879997   9.28906970782e-07 -0.001445671054814   
678.4897653958 7.375979311277e-06 -0.001471785747941   9.17612034456e-07 -0.001436417971008   
682.8251632577 7.283219370335e-06 -0.00146244090405   9.062506317558e-07 -0.001427282721881   
687.1605611197 7.193087513211e-06 -0.001453214147719   8.953581499312e-07 -0.00141826320962   
691.4959589816 7.104860775215e-06 -0.001444103089932   8.844955073529e-07 -0.001409356947895   
695.8313568436 7.018836806848e-06 -0.001435105364959   8.738051624006e-07 -0.001400561798697   
700.1667547056 6.933819323917e-06 -0.001426219151533   8.637531564954e-07 -0.001391875613184   
704.5021525675 6.851319678063e-06 -0.001417442439971   8.534299955394e-07 -0.001383296398877   
708.8375504295 6.770334489136e-06 -0.001408772984894   8.436756761532e-07 -0.001374821793132   
713.1729482914 6.690711618174e-06 -0.001400209105993   8.339344559094e-07 -0.001366450380066   
717.5083461534 6.61189662415e-06 -0.00139174866363   8.244416920619e-07 -0.001358179928112   
721.8437440153 6.53489595629e-06 -0.001383389911993   8.148664684108e-07 -0.001350009374755   
726.1791418773 6.458264040713e-06 -0.00137513080917   8.052088946687e-07 -0.001341937028286   
730.5145397392 6.384214688795e-06 -0.001366969614873   7.959847868479e-07 -0.001333961089381   
734.8499376012 6.312453029709e-06 -0.001358904708019   7.873927766924e-07 -0.001326079001134   
739.1853354631 6.241660318058e-06 -0.001350934626317   7.791148356701e-07 -0.001318288494996   
743.5207333251 6.172251523142e-06 -0.001343057613489   7.704715673566e-07 -0.001310588199426   
747.8561311871 6.103085363366e-06 -0.001335271790834   7.618502122992e-07 -0.00130297683318   
752.191529049 6.034459714855e-06 -0.001327575804344   7.535292962621e-07 -0.001295453245071   
756.526926911 5.96699621167e-06 -0.001319968035486   7.451068608496e-07 -0.001288015984982   
760.8623247729 5.899906266174e-06 -0.001312446838291   7.367982890568e-07 -0.001280663606192   
765.1977226349 5.833287038744e-06 -0.001305010975436   7.285899863789e-07 -0.001273395071408   
769.5331204968 5.767678646324e-06 -0.001297658900986   7.202933662998e-07 -0.001266209063164   
773.8685183588 5.703281735552e-06 -0.001290389089764   7.124169774982e-07 -0.001259103929591   
778.2039162207 5.639845164275e-06 -0.00128320038675   7.047970174727e-07 -0.001252078199903   
782.5393140827 5.576403999035e-06 -0.001276091389374   6.966943306867e-07 -0.001245130906114   
786.8747119446 5.513444676443e-06 -0.001269060567263   6.88449919682e-07 -0.001238261195204   
791.2101098066 5.452166531302e-06 -0.001262106812084   6.807482241118e-07 -0.001231467850903   
795.5455076685 5.392991276449e-06 -0.001255228890221   6.733978379098e-07 -0.001224748943018   
799.8809055305 5.334991230488e-06 -0.001248425522581   6.663019140713e-07 -0.00121810290134   
804.2163033925 5.278656450185e-06 -0.001241695445605   6.593985359891e-07 -0.001211528136473   
808.5517012544 5.222616432306e-06 -0.001235037681887   6.525562800374e-07 -0.001205023804767   
812.8870991164 5.167111187503e-06 -0.001228450894454   6.45412794575e-07 -0.001198588804002   
817.2224969783 5.112095861348e-06 -0.001221934015409   6.385194590966e-07 -0.001192222530444   
821.5578948403 5.058511618158e-06 -0.001215485875239   6.31689681597e-07 -0.001185923634556   
825.8932927022 5.005408379234e-06 -0.001209105405199   6.249103438058e-07 -0.001179691216399   
830.2286905642 4.95249555643e-06 -0.001202791578666   6.180758715305e-07 -0.001173524385211   
834.5640884261 4.901254209686e-06 -0.001196543346769   6.114178989875e-07 -0.001167422163892   
838.8994862881 4.851320194336e-06 -0.001190359733912   6.052335950222e-07 -0.001161383229359   
843.23488415 4.802741693039e-06 -0.00118423969118   5.990351773765e-07 -0.001155406395217   
847.570282012 4.754792098774e-06 -0.001178182173359   5.931270196309e-07 -0.00114949049642   
851.9056798739 4.707779623254e-06 -0.001172186378613   5.870999095143e-07 -0.001143634877777   
856.2410777359 4.661402023609e-06 -0.001166251223027   5.811364570038e-07 -0.00113783839695   
860.5764755979 4.615989774758e-06 -0.00116037592591   5.753367393303e-07 -0.001132100347939   
864.9118734598 4.571179869743e-06 -0.001154559570227   5.696974849325e-07 -0.001126419650319   
869.2472713218 4.52782091294e-06 -0.001148801229024   5.642565312519e-07 -0.001120795367952   
873.5826691837 4.485223764647e-06 -0.001143099966986   5.589196663706e-07 -0.001115226577264   
877.9180670457 4.442785879622e-06 -0.001137454979171   5.537017701279e-07 -0.001109712409866   
882.2534649076 4.401017749889e-06 -0.001131865507443   5.484845304981e-07 -0.001104252146627   
886.5888627696 4.359300514114e-06 -0.001126330721127   5.432402914257e-07 -0.001098845056358   
890.9242606315 4.317773208963e-06 -0.001120849830259   5.379155778549e-07 -0.001093490625925   
895.2596584935 4.276744925462e-06 -0.00111542194386   5.325448271486e-07 -0.00108818821565   
899.5950563554 4.23587549571e-06 -0.001110046329906   5.273524350091e-07 -0.001082937052139   
903.9304542174 4.195429651616e-06 -0.001104722366014   5.221640403309e-07 -0.001077736483823   
908.2658520793 4.155584537306e-06 -0.001099449199319   5.169119563826e-07 -0.001072585788875   
912.6012499413 4.116284582883e-06 -0.001094226106661   5.119406274639e-07 -0.001067484208515   
916.9366478033 4.077718709462e-06 -0.001089052485597   5.071656604954e-07 -0.001062430964654   
921.2720456652 4.039666804077e-06 -0.001083927541187   5.023596423785e-07 -0.001057425327012   
925.6074435272 4.002036005347e-06 -0.001078850521862   4.97621424173e-07 -0.001052466682308   
929.9428413891 3.964783190513e-06 -0.001073820856115   4.929509419019e-07 -0.001047554522104   
934.2782392511 3.928165714353e-06 -0.00106883782903   4.882963671098e-07 -0.001042688033928   
938.613637113 3.892019981689e-06 -0.001063900857132   4.838710813297e-07 -0.001037866487857   
942.949034975 3.85646301122e-06 -0.001059009344765   4.794668744495e-07 -0.001033089111851   
947.2844328369 3.820734042045e-06 -0.001054162662411   4.749334720082e-07 -0.001028355634735   
951.6198306989 3.785514936947e-06 -0.001049360041265   4.703759035713e-07 -0.001023665529413   
955.9552285608 3.750904820594e-06 -0.001044600985827   4.661463233938e-07 -0.001019018300359   
960.2906264228 3.716862044879e-06 -0.001039884909995   4.619265614729e-07 -0.001014413109926   
964.6260242847 3.683035343655e-06 -0.001035211210091   4.576914204126e-07 -0.0010098494829   
968.9614221467 3.649539720349e-06 -0.001030579342552   4.535101481918e-07 -0.001005326914065   
973.2968200087 3.616755255358e-06 -0.001025988749694   4.493601326441e-07 -0.001000844859637   
977.6322178706 3.584126777236e-06 -0.001021438881958   4.453211297836e-07 -0.0009964027419265   
981.9676157326 3.55213238465e-06 -0.00101692918379   4.412290266196e-07 -0.0009920000820088   
986.3030135945 3.520632722036e-06 -0.001012459101239   4.373173791762e-07 -0.0009876362642977   
990.6384114565 3.489634107398e-06 -0.001008028192427   4.333826234454e-07 -0.0009833108902077   
994.9738093184 3.459119160087e-06 -0.001003635870041   4.295983164039e-07 -0.0009790232823268   
999.3092071804 3.429560782602e-06 -0.0009992817060818   4.260450946085e-07 -0.0009747729208175   
1003.644605042 3.400494372283e-06 -0.0009949651635677   4.225682832227e-07 -0.0009705591234061   
1007.980002904 3.371726696604e-06 -0.0009906857336397   4.190897719968e-07 -0.0009663815003085   
1012.315400766 3.34303926274e-06 -0.0009864429532343   4.15566324967e-07 -0.0009622398089146   
1016.650798628 3.314794734956e-06 -0.0009822363500434   4.121172389599e-07 -0.0009581336423735   
1020.98619649 3.287472606348e-06 -0.0009780654508052   4.088057305879e-07 -0.0009540624510088   
1025.321594352 3.260540183281e-06 -0.0009739298010701   4.056358457483e-07 -0.0009500255781089   
1029.656992214 3.234015567489e-06 -0.0009698290070003   4.025174340254e-07 -0.0009460225156888   
1033.992390076 3.207920114312e-06 -0.0009657626096068   3.993646349751e-07 -0.000942052836987   
1038.327787938 3.181896686034e-06 -0.0009617301761511   3.962315305976e-07 -0.0009381161785492   
1042.6631858 3.156130289127e-06 -0.0009577313053307   3.931034949558e-07 -0.0009342122360339   
1046.998583662 3.130691426184e-06 -0.0009537655314433   3.900057698283e-07 -0.0009303406128825   
1051.333981524 3.105463065235e-06 -0.0009498324622687   3.869829563799e-07 -0.0009265009485585   
1055.669379386 3.080580378406e-06 -0.00094593169647   3.839411194112e-07 -0.0009226928949497   
1060.004777248 3.055976378248e-06 -0.0009420628048963   3.809553470562e-07 -0.0009189160409066   
1064.34017511 3.031714296114e-06 -0.0009382254557393   3.781132268097e-07 -0.0009151699355602   
1068.675572972 3.007777359871e-06 -0.0009344192991394   3.752740335882e-07 -0.0009114542177975   
1073.010970834 2.984189086885e-06 -0.0009306438432726   3.723959026363e-07 -0.0009077684736046   
1077.346368696 2.960724585126e-06 -0.0009268987586665   3.696303944055e-07 -0.0009041124206722   
1081.681766558 2.93756801119e-06 -0.0009231837112756   3.668587149386e-07 -0.0009004856367464   
1086.017164419 2.914506410787e-06 -0.0009194983505425   3.64095936744e-07 -0.0008968878443238   
1090.352562281 2.891874811406e-06 -0.000915842285346   3.613840329288e-07 -0.0008933186258793   
1094.687960143 2.869512474148e-06 -0.0009122152122332   3.58789342164e-07 -0.0008897776977666   
1099.023358005 2.847414978551e-06 -0.0009086167352974   3.561968375933e-07 -0.0008862646227809   
1103.358755867 2.825532104698e-06 -0.0009050465170686   3.536747203601e-07 -0.0008827791048383   
1107.694153729 2.803645146027e-06 -0.0009015042696301   3.51135026266e-07 -0.0008793208674456   
1112.029551591 2.781825840084e-06 -0.0008979896369418   3.484681648027e-07 -0.0008758897209653   
1116.364949453 2.760051085342e-06 -0.0008945022884229   3.458800780166e-07 -0.0008724854080213   
1120.700347315 2.738750640257e-06 -0.0008910419388313   3.433291516994e-07 -0.0008691075985232   
1125.035745177 2.7176168416e-06 -0.000887608254066   3.408380681881e-07 -0.0008657558880056   
1129.371143039 2.696680822121e-06 -0.0008842009348579   3.382807507201e-07 -0.0008624300733503   
1133.706540901 2.676091975404e-06 -0.0008808196367946   3.358162095373e-07 -0.0008591297539968   
1138.041938763 2.655952495824e-06 -0.0008774641340474   3.33462259773e-07 -0.000855854579229   
1142.377336625 2.635887042245e-06 -0.0008741341210849   3.310816572737e-07 -0.0008526041534616   
1146.712734487 2.615956800521e-06 -0.000870829294221   3.286814187543e-07 -0.0008493782606392   
1151.048132349 2.596125893283e-06 -0.0008675493696973   3.26243685889e-07 -0.0008461767446044   
1155.383530211 2.576374659291e-06 -0.0008642940467396   3.238042500553e-07 -0.000842999367793   
1159.718928073 2.55689458291e-06 -0.0008610630575289   3.214070415698e-07 -0.0008398458850531   
1164.054325935 2.537600599499e-06 -0.0008578561430966   3.190698386336e-07 -0.0008367159754701   
1168.389723797 2.518595346591e-06 -0.0008546730459443   3.167566632138e-07 -0.0008336093551438   
1172.725121659 2.499769586912e-06 -0.0008515134822538   3.144373672206e-07 -0.0008305257944893   
1177.06051952 2.481039033965e-06 -0.0008483771938318   3.121624056636e-07 -0.0008274650740272   
1181.395917382 2.462720620067e-06 -0.0008452639262924   3.099346739083e-07 -0.0008244269363926   
1185.731315244 2.444709767656e-06 -0.0008421733973991   3.077424899683e-07 -0.0008214110567382   
1190.066713106 2.426765511581e-06 -0.0008391053876774   3.05572461575e-07 -0.0008184171882207   
1194.402110968 2.40905649524e-06 -0.0008360596669548   3.033862386326e-07 -0.000815445108909   
1198.73750883 2.391622032932e-06 -0.0008330359811527   3.012503272253e-07 -0.0008124945586376   
1203.072906692 2.374481214874e-06 -0.0008300341002589   2.991844442392e-07 -0.0008095652549179   
1207.408304554 2.357523366374e-06 -0.0008270537849011   2.9712513337e-07 -0.0008066569801782   
1211.743702416 2.340722682885e-06 -0.0008240947673987   2.950663724385e-07 -0.0008037695024147   
1216.079100278 2.324005223758e-06 -0.0008211568648069   2.930384030106e-07 -0.000800902700424   
1220.41449814 2.307581989154e-06 -0.0008182398230233   2.909812723069e-07 -0.0007980563263125   
1224.749896002 2.291326080562e-06 -0.0008153434216721   2.889998011045e-07 -0.0007952301619006   
1229.085293864 2.275338176922e-06 -0.000812467461747   2.870596309612e-07 -0.0007924239015125   
1233.420691726 2.259450046342e-06 -0.0008096117433958   2.850897385675e-07 -0.0007896373883875   
1237.756089588 2.243673367807e-06 -0.000806776006684   2.830675777962e-07 -0.0007868704331819   
1242.09148745 2.228111247626e-06 -0.0008039600619365   2.811068802268e-07 -0.0007841228869176   
1246.426885312 2.212764430158e-06 -0.0008011637290495   2.791999750238e-07 -0.0007813945033448   
1250.762283174 2.197791135334e-06 -0.0007983867714776   2.773082825053e-07 -0.0007786850246813   
1255.097681036 2.183043932101e-06 -0.0007956289882159   2.755198111968e-07 -0.0007759941916445   
1259.433078898 2.168544635715e-06 -0.0007928902020178   2.737185641572e-07 -0.0007733217981689   
1263.76847676 2.154081200923e-06 -0.0007901701986562   2.719398375448e-07 -0.0007706676240008   
1268.103874622 2.13975783105e-06 -0.0007874688117628   2.701476792337e-07 -0.0007680315549261   
1272.439272483 2.125542913664e-06 -0.0007847858263181   2.68358675827e-07 -0.0007654133928992   
1276.774670345 2.111422838259e-06 -0.0007821210597969   2.665597847776e-07 -0.0007628130268186   
1281.110068207 2.097389648133e-06 -0.0007794743087566   2.647696476786e-07 -0.0007602302585088   
1285.445466069 2.083566838955e-06 -0.0007768454148331   2.630429604851e-07 -0.0007576648789109   
1289.780863931 2.069803043333e-06 -0.0007742342186887   2.612946316588e-07 -0.0007551167231821   
1294.116261793 2.056060590553e-06 -0.000771640514578   2.595253445741e-07 -0.0007525856445543   
1298.451659655 2.042535158027e-06 -0.0007690641249497   2.577980780655e-07 -0.0007500715130971   
1302.787057517 2.029110198843e-06 -0.000766504879601   2.561008270775e-07 -0.0007475741362448   
1307.122455379 2.015760854567e-06 -0.000763962605085   2.543864207364e-07 -0.0007450933600273   
1311.457853241 2.002510131314e-06 -0.0007614371269823   2.52658274317e-07 -0.0007426290615239   
1315.793251103 1.989417090803e-06 -0.0007589282891217   2.509705926411e-07 -0.0007401810639371   
1320.128648965 1.976604917524e-06 -0.0007564359364981   2.493285198107e-07 -0.0007377491483287   
1324.464046827 1.963941366672e-06 -0.0007539598985855   2.477167338929e-07 -0.0007353330893169   
1328.799444689 1.951358332764e-06 -0.0007515000250017   2.461139694131e-07 -0.0007329327325785   
1333.134842551 1.938921008748e-06 -0.0007490561450329   2.444840370453e-07 -0.0007305479467998   
1337.470240413 1.926486686348e-06 -0.0007466280986305   2.428575646476e-07 -0.0007281786117075   
1341.805638275 1.91412764778e-06 -0.000744215750484   2.412481522781e-07 -0.0007258245908079   
1346.141036137 1.901912825724e-06 -0.0007418189501037   2.396472391852e-07 -0.0007234857467361   
1350.476433999 1.889820639804e-06 -0.0007394375238093   2.380542955419e-07 -0.0007211619083134   
1354.811831861 1.877744753286e-06 -0.0007370713449478   2.364735453446e-07 -0.0007188529902404   
1359.147229723 1.865837799827e-06 -0.0007347202450653   2.348831909466e-07 -0.0007165588238065   
1363.482627585 1.854043871687e-06 -0.0007323840942525   2.3335033427e-07 -0.0007142792623273   
1367.818025446 1.842392567889e-06 -0.000730062759511   2.318184531444e-07 -0.0007120141108736   
1372.153423308 1.830754486622e-06 -0.0007277560998147   2.302649679899e-07 -0.0007097632697846   
1376.48882117 1.81915500536e-06 -0.0007254639669905   2.287098213488e-07 -0.000707526619663   
1380.824219032 1.807711550562e-06 -0.0007231862369794   2.271834763378e-07 -0.0007053040623702   
1385.159616894 1.796396141528e-06 -0.0007209227612238   2.256826762239e-07 -0.0007030954359535   
1389.495014756 1.78525905438e-06 -0.0007186733932005   2.24211646813e-07 -0.0007009005781978   
1393.830412618 1.774163675264e-06 -0.0007164380283945   2.227979466469e-07 -0.0006987193415861   
1398.16581048 1.763169661025e-06 -0.0007142165405236   2.213396908588e-07 -0.0006965516280472   
1402.501208342 1.75221981839e-06 -0.0007120087696775   2.199058768943e-07 -0.0006943973130513   
1406.836606204 1.741376672769e-06 -0.0007098146125024   2.184940675083e-07 -0.0006922563099274   
1411.172004066 1.730575143767e-06 -0.0007076339312842   2.170804920716e-07 -0.000690128469894   
1415.507401928 1.719825801875e-06 -0.000705466604683   2.156556138996e-07 -0.0006880137153536   
1419.84279979 1.709153631667e-06 -0.0007033125063328   2.142327593675e-07 -0.0006859119289417   
1424.178197652 1.698614331657e-06 -0.0007011715274256   2.128487110825e-07 -0.0006838229757865   
1428.513595514 1.688175823188e-06 -0.0006990435548124   2.114796404371e-07 -0.0006817467208005   
1432.848993376 1.67784621516e-06 -0.0006969284577391   2.10134388188e-07 -0.0006796830173324   
1437.184391238 1.667622572512e-06 -0.0006948261240686   2.087934068891e-07 -0.0006776317769275   
1441.5197891 1.657368558993e-06 -0.0006927364300323   2.074266385796e-07 -0.0006755929214503   
1445.855186962 1.647197215584e-06 -0.0006906592606129   2.060723240304e-07 -0.0006735663664374   
1450.190584824 1.637181982763e-06 -0.0006885945154964   2.047527611555e-07 -0.0006715519934066   
1454.525982686 1.627260968832e-06 -0.0006865420844771   2.034471543402e-07 -0.0006695496666519   
1458.861380547 1.617473509806e-06 -0.0006845018480024   2.021475230311e-07 -0.0006675592804704   
1463.196778409 1.607812668776e-06 -0.0006824736944684   2.008803993186e-07 -0.0006655807152138   
1467.532176271 1.598271707341e-06 -0.0006804575321098   1.99643330918e-07 -0.0006636138521924   
1471.867574133 1.588868870334e-06 -0.0006784532471097   1.984039424501e-07 -0.0006616585789299   
1476.202971995 1.57955093132e-06 -0.0006764607280504   1.971865037125e-07 -0.0006597147975624   
1480.538369857 1.570416946866e-06 -0.0006744798747328   1.96003929172e-07 -0.0006577823770207   
1484.873767719 1.561403575277e-06 -0.0006725105887896   1.948425394494e-07 -0.0006558611881569   
1489.209165581 1.552414928294e-06 -0.0006705527678641   1.936773707053e-07 -0.0006539511131117   
1493.544563443 1.543428879344e-06 -0.0006686063284971   1.92502033018e-07 -0.0006520521160256   
1497.879961305 1.534554539211e-06 -0.0006666711484372   1.913139853126e-07 -0.0006501641075408   
1502.215359167 1.525716484759e-06 -0.0006647471365266   1.901643129504e-07 -0.0006482870211227   
1506.550757029 1.516980841823e-06 -0.0006628341968385   1.890239286854e-07 -0.0006464207426495   
1510.886154891 1.508336578929e-06 -0.0006609322296578   1.878961115771e-07 -0.000644565185805   
1515.221552753 1.499759884531e-06 -0.0006590411417124   1.867833821411e-07 -0.0006427202430595   
1519.556950615 1.491266883837e-06 -0.0006571608499349   1.856766845028e-07 -0.0006408858351568   
1523.892348477 1.482828032412e-06 -0.0006552912573979   1.845864977329e-07 -0.000639061856697   
1528.227746339 1.47451254544e-06 -0.0006534322716566   1.835088125644e-07 -0.0006372482125673   
1532.563144201 1.46622171259e-06 -0.0006515838061213   1.824446214373e-07 -0.0006354448183693   
1536.898542063 1.457990220816e-06 -0.0006497457638433   1.813529979012e-07 -0.0006336516148784   
1541.233939925 1.449816800993e-06 -0.0006479180535068   1.803069142395e-07 -0.0006318685045568   
1545.569337787 1.441776296047e-06 -0.0006461006137827   1.792885581074e-07 -0.0006300954005921   
1549.904735649 1.433818532134e-06 -0.0006442933375398   1.782787495121e-07 -0.0006283321774085   
1554.24013351 1.425903862716e-06 -0.0006424961413385   1.772866497149e-07 -0.0006265787741352   
1558.575531372 1.418005259808e-06 -0.0006407089445748   1.762897838198e-07 -0.0006248351302764   
1562.910929234 1.410151883396e-06 -0.0006389316583316   1.752913036033e-07 -0.0006231011865987   
1567.246327096 1.402360465951e-06 -0.000637164198163   1.742984082587e-07 -0.0006213768759208   
1571.581724958 1.394636531356e-06 -0.0006354064864858   1.73329616821e-07 -0.0006196620965591   
1575.91712282 1.38698404913e-06 -0.0006336584546373   1.723659354646e-07 -0.000617956772754   
1580.252520682 1.379378162934e-06 -0.0006319200136783   1.71398450398e-07 -0.0006162608269475   
1584.587918544 1.371902763015e-06 -0.0006301910806851   1.704604549948e-07 -0.0006145741732133   
1588.923316406 1.364527243474e-06 -0.0006284715837345   1.695469721519e-07 -0.0006128967167627   
1593.258714268 1.357182175129e-06 -0.0006267614445454   1.686380842584e-07 -0.0006112283645767   
1597.59411213 1.349908889979e-06 -0.0006250605882316   1.677313979668e-07 -0.0006095690545791   
1601.929509992 1.342674982324e-06 -0.0006233689397212   1.668252662289e-07 -0.0006079187268083   
1606.264907854 1.335475338939e-06 -0.000621686424368   1.659232402303e-07 -0.0006062773238361   
1610.600305716 1.328381717738e-06 -0.0006200129615396   1.650384562564e-07 -0.0006046447650984   
1614.935703578 1.321354918187e-06 -0.0006183484838458   1.641806436158e-07 -0.0006030209641742   
1619.27110144 1.314394455962e-06 -0.000616692920111   1.633190484822e-07 -0.0006014058394761   
1623.606499302 1.307451687451e-06 -0.0006150461965677   1.624530641127e-07 -0.0005997993404245   
1627.941897164 1.30056322973e-06 -0.0006134082433595   1.616032685656e-07 -0.0005982013917315   
1632.277295026 1.293740962467e-06 -0.0006117790030973   1.607714841694e-07 -0.0005966119353692   
1636.612692888 1.286982953524e-06 -0.0006101583887941   1.599312182473e-07 -0.0005950308902642   
1640.94809075 1.280233644974e-06 -0.0006085463345814   1.591049453805e-07 -0.0005934582220836   
1645.283488612 1.273584487058e-06 -0.0006069427716142   1.582879121856e-07 -0.0005918938529593   
1649.618886473 1.267015951654e-06 -0.0006053476353144   1.574943974445e-07 -0.0005903377037735   
1653.954284335 1.260486560833e-06 -0.0006037608658906   1.567158675903e-07 -0.0005887896866131   
1658.289682197 1.254033848475e-06 -0.0006021823965848   1.559342960076e-07 -0.0005872497407676   
1662.625080059 1.247610812523e-06 -0.0006006121540522   1.551622107664e-07 -0.0005857177952255   
1666.960477921 1.241216925971e-06 -0.000599050078745   1.543856888376e-07 -0.0005841937974289   
1671.295875783 1.234792438926e-06 -0.0005974961110784   1.536052717367e-07 -0.0005826777011503   
1675.631273645 1.228408810549e-06 -0.0005959501844433   1.528071732598e-07 -0.0005811694691081   
1679.966671507 1.222064669491e-06 -0.0005944122332999   1.520345546499e-07 -0.0005796690340471   
1684.302069369 1.215777546401e-06 -0.0005928822062763   1.512680700158e-07 -0.0005781763403802   
1688.637467231 1.209522016971e-06 -0.0005913600293404   1.505071843553e-07 -0.0005766913060449   
1692.972865093 1.203296493022e-06 -0.0005898456522932   1.497582748118e-07 -0.0005752138878955   
1697.308262955 1.197084456696e-06 -0.0005883390141472   1.489913640531e-07 -0.0005737440422906   
1701.643660817 1.190899827093e-06 -0.0005868400458776   1.482261870307e-07 -0.0005722817229459   
1705.979058679 1.184776732456e-06 -0.0005853486959499   1.474804165766e-07 -0.0005708268739245   
1710.314456541 1.178725582382e-06 -0.0005838649086384   1.467496076995e-07 -0.0005693794101187   
1714.649854403 1.172731950411e-06 -0.0005823886253645   1.4601851722e-07 -0.0005679392697351   
1718.985252265 1.166756308396e-06 -0.0005809197873835   1.452905463346e-07 -0.0005665063976214   
1723.320650127 1.160838568627e-06 -0.0005794583450194   1.445785846959e-07 -0.0005650807410176   
1727.656047989 1.154977154596e-06 -0.0005780042417762   1.438720938752e-07 -0.0005636622470597   
1731.991445851 1.149156969231e-06 -0.0005765574126599   1.431738113431e-07 -0.0005622508553861   
1736.326843713 1.143386611882e-06 -0.0005751178061538   1.42485699259e-07 -0.0005608465199762   
1740.662241574 1.137620309988e-06 -0.0005736853708302   1.417920249044e-07 -0.0005594491960335   
1744.997639436 1.131880292252e-06 -0.0005722600531502   1.410977888687e-07 -0.000558058841456   
1749.333037298 1.126221116254e-06 -0.0005708417991929   1.404152101988e-07 -0.000556675397818   
1753.66843516 1.120581887089e-06 -0.000569430561716   1.397417443493e-07 -0.000555298810782   
1758.003833022 1.114982514484e-06 -0.0005680262847227   1.390608249425e-07 -0.0005539290317249   
1762.339230884 1.109430874906e-06 -0.0005666289142718   1.383856730611e-07 -0.0005525660257492   
1766.674628746 1.103955829836e-06 -0.0005652383985211   1.37724641848e-07 -0.0005512097278955   
1771.010026608 1.098546321902e-06 -0.0005638546936481   1.370791266865e-07 -0.0005498600813939   
1775.34542447 1.093207663129e-06 -0.0005624777442676   1.364419614274e-07 -0.0005485170071203   
1779.680822332 1.087902041637e-06 -0.0005611075106233   1.35817507338e-07 -0.0005471804629919   
1784.016220194 1.082642473887e-06 -0.0005597439380745   1.351804584911e-07 -0.0005458504017731   
1788.351618056 1.077401506294e-06 -0.0005583869719857   1.345446908975e-07 -0.0005445267956643   
1792.687015918 1.072196084066e-06 -0.0005570365687823   1.339240076064e-07 -0.0005432095962608   
1797.02241378 1.067066870827e-06 -0.000555692682855   1.333067024499e-07 -0.0005418987521161   
1801.357811642 1.061947977502e-06 -0.0005543552647037   1.326948920881e-07 -0.0005405942117264   
1805.693209504 1.05687540627e-06 -0.0005530242702269   1.320815027489e-07 -0.0005392959403529   
1810.028607366 1.051852871389e-06 -0.0005516996515464   1.314862024599e-07 -0.0005380038840805   
1814.364005228 1.046894125108e-06 -0.000550381363224   1.308962647855e-07 -0.0005367179885947   
1818.69940309 1.041939340873e-06 -0.0005490693591652   1.303116535173e-07 -0.0005354382031454   
1823.034800952 1.036997137219e-06 -0.0005477635976231   1.29711899339e-07 -0.0005341645070947   
1827.370198814 1.032074585304e-06 -0.0005464640265901   1.291128839633e-07 -0.0005328968571757   
1831.705596676 1.02717820961e-06 -0.000545170613471   1.285277545388e-07 -0.0005316352197907   
1836.040994537 1.022310360201e-06 -0.0005438833124715   1.279371109529e-07 -0.0005303795512677   
1840.376392399 1.017488031328e-06 -0.0005426020719073   1.273579467585e-07 -0.0005291298073466   
1844.711790261 1.012712805154e-06 -0.0005413268539351   1.267898541747e-07 -0.0005278859501278   
1849.047188123 1.007961834994e-06 -0.0005400576141001   1.262232519208e-07 -0.0005266479291051   
1853.382585985 1.003238788845e-06 -0.0005387943122268   1.256604255411e-07 -0.0005254157084995   
1857.717983847 9.985427605418e-07 -0.0005375369094   1.251008141496e-07 -0.0005241892494549   
1862.053381709 9.938923005727e-07 -0.0005362853622948   1.245420165208e-07 -0.0005229685121394   
1866.388779571 9.892735426029e-07 -0.0005350396260718   1.239842565907e-07 -0.0005217534586085   
1870.724177433 9.846868181909e-07 -0.0005337996615856   1.234369342218e-07 -0.0005205440401642   
1875.059575295 9.801496140786e-07 -0.0005325654351971   1.228938806347e-07 -0.0005193402146767   
1879.394973157 9.75635409014e-07 -0.0005313369033528   1.223455773225e-07 -0.0005181419399339   
1883.730371019 9.711509740091e-07 -0.0005301140263349   1.21805577916e-07 -0.0005169491785724   
1888.065768881 9.667128376261e-07 -0.000528896767811   1.212733787633e-07 -0.0005157618883088   
1892.401166743 9.622732398715e-07 -0.0005276850892162   1.207374733321e-07 -0.0005145800376213   
1896.736564605 9.57857367223e-07 -0.0005264789460678   1.201929369276e-07 -0.0005134035987202   
1901.071962467 9.534528787319e-07 -0.0005252783033891   1.19651154641e-07 -0.0005122325535226   
1905.407360329 9.490807148831e-07 -0.0005240831242492   1.191120965965e-07 -0.0005110668608759   
1909.742758191 9.447661037561e-07 -0.0005228933728534   1.185843379045e-07 -0.000509906481399   
1914.078156053 9.405191723576e-07 -0.0005217090079263   1.180675412081e-07 -0.0005087513524509   
1918.413553915 9.362896341903e-07 -0.0005205300001483   1.175568337814e-07 -0.0005076014392692   
1922.748951777 9.320818797014e-07 -0.0005193563098893   1.170355923061e-07 -0.0005064567074802   
1927.084349639 9.279042854447e-07 -0.0005181878998568   1.165195554814e-07 -0.0005053171343354   
1931.4197475 9.237701916843e-07 -0.0005170247369647   1.160152884637e-07 -0.0005041826798689   
1935.755145362 9.19690578995e-07 -0.0005158667827518   1.155124249421e-07 -0.0005030533041615   
1940.090543224 9.156204968836e-07 -0.0005147140015296   1.150200631569e-07 -0.000501928967858   
1944.425941086 9.115984228871e-07 -0.0005135663631115   1.145271701299e-07 -0.0005008096410742   
1948.761338948 9.075996887339e-07 -0.0005124238302581   1.14039223385e-07 -0.0004996952861997   
1953.09673681 9.036244506809e-07 -0.0005112863695401   1.135499016989e-07 -0.000498585874735   
1957.432134672 8.996648630898e-07 -0.0005101539472002   1.130670024886e-07 -0.0004974813717566   
1961.767532534 8.957322400107e-07 -0.0005090265314596   1.125777643993e-07 -0.0004963817547295   
1966.102930396 8.91808910879e-07 -0.0005079040831659   1.120843967049e-07 -0.000495286992726   
1970.438328258 8.879084818503e-07 -0.0005067865750954   1.11597279169e-07 -0.0004941970630617   
1974.77372612 8.840564052574e-07 -0.000505673974062   1.111142380188e-07 -0.0004931119231528   
1979.109123982 8.802445624583e-07 -0.0005045662478579   1.10644911593e-07 -0.0004920315269121   
1983.444521844 8.764514719662e-07 -0.0005034633689314   1.101728546952e-07 -0.0004909558497801   
1987.779919706 8.726784565815e-07 -0.0005023652973503   1.09695862923e-07 -0.0004898848645384   
1992.115317568 8.689504734927e-07 -0.0005012720016852   1.092313011006e-07 -0.0004888185430886   
1996.45071543 8.652529487706e-07 -0.0005001834552702   1.087742705372e-07 -0.0004877568446728   
2000.786113292 8.615779076331e-07 -0.0004990996264704   1.083153674176e-07 -0.0004866997319996   
2005.121511154 8.579183563595e-07 -0.0004980204846971   1.078549539086e-07 -0.0004856471805401   
2009.456909016 8.54276470348e-07 -0.0004969460007975   1.073974474167e-07 -0.0004845991612851   
2013.792306878 8.506570527888e-07 -0.0004958761453506   1.069409456714e-07 -0.0004835556492208   
2018.12770474 8.470484120163e-07 -0.0004948108849382   1.064852556948e-07 -0.0004825166161215   
2022.463102602 8.434615631524e-07 -0.0004937501913536   1.060354485847e-07 -0.0004814820371419   
2026.798500463 8.39903146123e-07 -0.0004926940344598   1.055846619176e-07 -0.0004804518840309   
2031.133898325 8.363439892931e-07 -0.000491642385177   1.051359967118e-07 -0.0004794261309248   
2035.469296187 8.328175169029e-07 -0.0004905952162093   1.046930526957e-07 -0.0004784047446786   
2039.804694049 8.29306787705e-07 -0.0004895525020359   1.042522294803e-07 -0.0004773877009137   
2044.140091911 8.258100625836e-07 -0.000488514208154   1.038051902632e-07 -0.0004763749689061   
2048.475489773 8.223273333155e-07 -0.0004874803072569   1.033615272369e-07 -0.0004753665303511   
2052.810887635 8.188600523917e-07 -0.0004864507731447   1.029194973435e-07 -0.0004743623514256   
2057.146285497 8.153998370504e-07 -0.0004854255825647   1.024773821672e-07 -0.0004733624114906   
2061.481683359 8.119701522738e-07 -0.0004844047033623   1.020342118681e-07 -0.0004723666797308   
2065.817081221 8.085641966278e-07 -0.0004833881088352   1.016000812953e-07 -0.0004713751308761   
2070.152479083 8.051706886741e-07 -0.0004823757741347   1.011703562435e-07 -0.0004703877343406   
2074.487876945 8.018020599834e-07 -0.000481367669182   1.007357730747e-07 -0.0004694044661116   
2078.823274807 7.984272778882e-07 -0.000480363768188   1.003050162065e-07 -0.0004684253042291   
2083.158672669 7.950681733941e-07 -0.0004793640481779   9.986664450123e-08 -0.0004674502339259   
2087.494070531 7.917147263079e-07 -0.0004783684797793   9.943054673362e-08 -0.0004664792324373   
2091.829468393 7.883975744684e-07 -0.0004773770385965   9.899960884886e-08 -0.0004655122764294   
2096.164866255 7.851189457804e-07 -0.0004763896977462   9.857771708765e-08 -0.0004645493298015   
2100.500264117 7.818670440395e-07 -0.0004754064324339   9.815607558984e-08 -0.0004635903666664   
2104.835661979 7.786347018014e-07 -0.0004744272160306   9.773783512622e-08 -0.000462635357555   
2109.171059841 7.754426379291e-07 -0.0004734520279536   9.732848191811e-08 -0.0004616842766497   
2113.506457703 7.722888472377e-07 -0.0004724808407218   9.692033877127e-08 -0.0004607370895498   
2117.841855564 7.691476000288e-07 -0.000471513628647   9.651761594385e-08 -0.0004597937674366   
2122.177253426 7.660151913523e-07 -0.0004705503711126   9.611061076035e-08 -0.0004588542962422   
2126.512651288 7.628953127956e-07 -0.0004695910396352   9.569932589698e-08 -0.0004579186555902   
2130.84804915 7.597953598575e-07 -0.0004686356118906   9.529290114613e-08 -0.0004569868290944   
2135.183447012 7.567169468692e-07 -0.0004676840650359   9.48896722576e-08 -0.0004560587914542   
2139.518844874 7.536736704945e-07 -0.0004667363732332   9.449370043771e-08 -0.0004551345101987   
2143.854242736 7.506501698765e-07 -0.0004657925156282   9.410189577829e-08 -0.0004542139608947   
2148.189640598 7.476284513521e-07 -0.0004648524687759   9.370473937033e-08 -0.0004532971241526   
2152.52503846 7.446206848203e-07 -0.0004639162078004   9.330526036953e-08 -0.0004523839872388   
2156.860436322 7.416365005006e-07 -0.0004629837095666   9.291221094797e-08 -0.0004514745261433   
2161.195834184 7.386762119822e-07 -0.000462054954535   9.252521350564e-08 -0.0004505687145707   
2165.531232046 7.357374118642e-07 -0.0004611299178811   9.213533475742e-08 -0.0004496665282824   
