0 -2.81533
7.23535e-06 -2.81523
1.18921e-05 -2.81517
1.91903e-05 -2.81507
3.04261e-05 -2.81492
4.743e-05 -2.81469
7.27435e-05 -2.81435
0.000109837 -2.81385
0.000163376 -2.81312
0.000239535 -2.81209
0.000346373 -2.81064
0.000494257 -2.80864
0.000696348 -2.80591
0.000969138 -2.80221
0.00133305 -2.79729
0.00181305 -2.7908
0.00243934 -2.78236
0.00324808 -2.7715
0.00428201 -2.75771
0.00559126 -2.74038
0.00723396 -2.71886
0.00927692 -2.69247
0.0117962 -2.66049
0.0148775 -2.6222
0.0186168 -2.57688
0.0231201 -2.52384
0.0285041 -2.46241
0.0348956 -2.39209
0.0424309 -2.31265
0.0512559 -2.22417
0.0615245 -2.12706
0.0733973 -2.02225
0.0870404 -1.91115
0.102623 -1.79552
0.120315 -1.67733
0.140285 -1.55857
0.162696 -1.4411
0.187702 -1.32671
0.215446 -1.21724
0.246053 -1.11457
0.27963 -1.02028
0.316258 -0.935287
0.35599 -0.859658
0.398845 -0.792941
0.44481 -0.734821
0.493829 -0.685379
0.545808 -0.644594
0.600611 -0.611594
0.658058 -0.58467
0.717929 -0.562278
0.779962 -0.544008
0.84386 -0.530342
0.909292 -0.521449
0.9759 -0.516522
1.0433 -0.514458
1.11111 -0.514991
1.17892 -0.518801
1.24632 -0.526544
1.31293 -0.538119
1.37836 -0.553091
1.44226 -0.571608
1.50429 -0.594633
1.56416 -0.623274
1.62161 -0.658152
1.67641 -0.699524
1.72839 -0.747918
1.77741 -0.804485
1.82338 -0.8707
1.86623 -0.947738
1.90596 -1.03602
1.94259 -1.13518
1.97617 -1.24425
2.00678 -1.36197
2.03452 -1.48689
2.05953 -1.6174
2.08194 -1.75165
2.10191 -1.88754
2.1196 -2.02276
2.13518 -2.15492
2.14882 -2.28179
2.1607 -2.40139
2.17097 -2.51225
2.17979 -2.61331
2.18733 -2.70404
2.19372 -2.78438
2.1991 -2.85457
2.20361 -2.91508
2.20734 -2.9666
2.21043 -3.00994
2.21295 -3.04602
2.21499 -3.07572
2.21663 -3.09992
2.21794 -3.11942
2.21897 -3.13495
2.21978 -3.1472
2.22041 -3.15674
2.22089 -3.16408
2.22125 -3.16966
2.22153 -3.17385
2.22173 -3.17695
2.22188 -3.17923
2.22198 -3.18087
2.22206 -3.18205
2.22211 -3.18287
2.22215 -3.18344
2.22217 -3.18383
2.22219 -3.1841
2.2222 -3.18427
2.22221 -3.18438
2.22221 -3.18445
2.22222 -3.18456
