1.400000000000000000e+01 9.853600488401582751e-04 9.731961104268257350e-04
1.397197197197197127e+01 9.915230022989154120e-04 9.853064650008525223e-04
1.394394394394394432e+01 9.977407651035967960e-04 9.975775710927966763e-04
1.391591591591591559e+01 1.010177533432189386e-03 1.010011862675186606e-03
1.388788788788788864e+01 1.022780007290786941e-03 1.022611816322321681e-03
1.385985985985985991e+01 1.035550707594469228e-03 1.035379952069788792e-03
1.383183183183183118e+01 1.048492199619298782e-03 1.048318834293840950e-03
1.380380380380380423e+01 1.061607093902447885e-03 1.061431072611207678e-03
1.377577577577577550e+01 1.074898047163156973e-03 1.074719322799334159e-03
1.374774774774774855e+01 1.088367763245053771e-03 1.088186287738067198e-03
1.371971971971971982e+01 1.102018994080354456e-03 1.101834718373335097e-03
1.369169169169169109e+01 1.115854540676605375e-03 1.115667414703324506e-03
1.366366366366366414e+01 1.129877254126531068e-03 1.129687226787710885e-03
1.363563563563563541e+01 1.144090036641579261e-03 1.143897055780588971e-03
1.360760760760760846e+01 1.158495842609786686e-03 1.158299854987695880e-03
1.357957957957957973e+01 1.173097679678613637e-03 1.172898630948575847e-03
1.355155155155155100e+01 1.187898609863400397e-03 1.187696444544361846e-03
1.352352352352352405e+01 1.202901750682135304e-03 1.202696412131845204e-03
1.349549549549549532e+01 1.218110276317230928e-03 1.217901706704523643e-03
1.346746746746746837e+01 1.233527418805040448e-03 1.233315559081369760e-03
1.343943943943943964e+01 1.249156469253899808e-03 1.248941259124053751e-03
1.341141141141141091e+01 1.265000779091390425e-03 1.264782156983410531e-03
1.338338338338338396e+01 1.281063761341600261e-03 1.280841664376142219e-03
1.335535535535535523e+01 1.297348891933227614e-03 1.297123255891976298e-03
1.332732732732732828e+01 1.313859711039353385e-03 1.313630470332418938e-03
1.329929929929929955e+01 1.330599824449704704e-03 1.330366912082189866e-03
1.327127127127127082e+01 1.347572904976365336e-03 1.347336252514038952e-03
1.324324324324324387e+01 1.364782693893854849e-03 1.364542231427899686e-03
1.321521521521521514e+01 1.382233002414486435e-03 1.381988658525280323e-03
1.318718718718718641e+01 1.399927713199978704e-03 1.399679414919864986e-03
1.315915915915915946e+01 1.417870781910305494e-03 1.417618454685348230e-03
1.313113113113113073e+01 1.436066238790819748e-03 1.435809806441501382e-03
1.310310310310310378e+01 1.454518190298709429e-03 1.454257574979533202e-03
1.307507507507507505e+01 1.473230820769870757e-03 1.472965942927850075e-03
1.304704704704704632e+01 1.492208394127330024e-03 1.491939172459313609e-03
1.301901901901901937e+01 1.511455255632410078e-03 1.511181607041156387e-03
1.299099099099099064e+01 1.530975833679794210e-03 1.530697673228796629e-03
1.296296296296296369e+01 1.550774641637651420e-03 1.550491882504933909e-03
1.293493493493493496e+01 1.570856279734147987e-03 1.570568833164770299e-03
1.290690690690690623e+01 1.591225436991631397e-03 1.590933212248599876e-03
1.287887887887887928e+01 1.611886893209790294e-03 1.611589797523638136e-03
1.285085085085085055e+01 1.632845520999219200e-03 1.632543459516213680e-03
1.282282282282282360e+01 1.654106287866859929e-03 1.653799163595729912e-03
1.279479479479479487e+01 1.675674258354737604e-03 1.675361972111914398e-03
1.276676676676676614e+01 1.697554596233503965e-03 1.697237046586802869e-03
1.273873873873873919e+01 1.719752566752339893e-03 1.719429649963026508e-03
1.271071071071071046e+01 1.742273538946823063e-03 1.741945148910044837e-03
1.268268268268268173e+01 1.765122988006400263e-03 1.764789016189911505e-03
1.265465465465465478e+01 1.788306497703184578e-03 1.787966833084328293e-03
1.262662662662662605e+01 1.811829762883808469e-03 1.811484291884690170e-03
1.259859859859859910e+01 1.835698592026189764e-03 1.835347198446947653e-03
1.257057057057057037e+01 1.859918909863052206e-03 1.859561474813164724e-03
1.254254254254254164e+01 1.884496760074025031e-03 1.884133161901817332e-03
1.251451451451451469e+01 1.909438308048331482e-03 1.909068422268642238e-03
1.248648648648648596e+01 1.934749843720122344e-03 1.934373542939552340e-03
1.245845845845845901e+01 1.960437784478481511e-03 1.960054938318481210e-03
1.243043043043043028e+01 1.986508678154273299e-03 1.986119153172118384e-03
1.240240240240240155e+01 2.012969206086139343e-03 2.012572865693612947e-03
1.237437437437437460e+01 2.039826186267856833e-03 2.039422890647602481e-03
1.234634634634634587e+01 2.067086576579405845e-03 2.066676182598881258e-03
1.231831831831831892e+01 2.094757478104147894e-03 2.094339839227068664e-03
1.229029029029029019e+01 2.122846138534593367e-03 2.122421104729866042e-03
1.226226226226226146e+01 2.151359955669319111e-03 2.150927373317319292e-03
1.223423423423423451e+01 2.180306481003649582e-03 2.179866192799832011e-03
1.220620620620620578e+01 2.209693423416796837e-03 2.209245268272511283e-03
1.217817817817817883e+01 2.239528652958269229e-03 2.239072465898719715e-03
1.215015015015015010e+01 2.269820204736414104e-03 2.269355816795601017e-03
1.212212212212212137e+01 2.300576282911910402e-03 2.300103521024680388e-03
1.209409409409409442e+01 2.331805264799241724e-03 2.331323951690558987e-03
1.206606606606606569e+01 2.363515705079276275e-03 2.363025659149993636e-03
1.203803803803803874e+01 2.395716340126078769e-03 2.395217375335375026e-03
1.201001001001001001e+01 2.428416092451170065e-03 2.427908018195772902e-03
1.198198198198198128e+01 2.461624075268697021e-03 2.461106696258693292e-03
1.195395395395395433e+01 2.495349597184870569e-03 2.494822713316016335e-03
1.192592592592592560e+01 2.529602167015154897e-03 2.529065573237627117e-03
1.189789789789789864e+01 2.564391498732779533e-03 2.563844984916243200e-03
1.186986986986986992e+01 2.599727516552256725e-03 2.599170867347192371e-03
1.184184184184184119e+01 2.635620360151614671e-03 2.635053354846819944e-03
1.181381381381381424e+01 2.672080390037218523e-03 2.671502802413400560e-03
1.178578578578578551e+01 2.709118193055045851e-03 2.708529791234418581e-03
1.175775775775775855e+01 2.746744588052446329e-03 2.746145134344260292e-03
1.172972972972972983e+01 2.784970631694494349e-03 2.784359882436328142e-03
1.170170170170170110e+01 2.823807624438947391e-03 2.823185329833823639e-03
1.167367367367367414e+01 2.863267116674041157e-03 2.862633020623640660e-03
1.164564564564564542e+01 2.903360915023428784e-03 2.902714754956685524e-03
1.161761761761761846e+01 2.944101088822597464e-03 2.943442595519726954e-03
1.158958958958958974e+01 2.985499976771078482e-03 2.984828874183265840e-03
1.156156156156156101e+01 3.027570193765041599e-03 3.026886198829667474e-03
1.153353353353353405e+01 3.070324637914734200e-03 3.069627460366044884e-03
1.150550550550550533e+01 3.113776497751243825e-03 3.113065839926502845e-03
1.147747747747747837e+01 3.157939259627137729e-03 3.157214816268190394e-03
1.144944944944944965e+01 3.202826715315543974e-03 3.202088173365810926e-03
1.142142142142142092e+01 3.248452969812207734e-03 3.247700008209140898e-03
1.139339339339339396e+01 3.294832449345091226e-03 3.294064738808076542e-03
1.136536536536536524e+01 3.341979909596012790e-03 3.341197112409819911e-03
1.133733733733733828e+01 3.389910444138788566e-03 3.389112213932610022e-03
1.130930930930930955e+01 3.438639493098340216e-03 3.437825474620414840e-03
1.128128128128128083e+01 3.488182852034948066e-03 3.487352680923021080e-03
1.125325325325325387e+01 3.538556681057825580e-03 3.537709983605836096e-03
1.122522522522522515e+01 3.589777514172081373e-03 3.588913907092860026e-03
1.119719719719719819e+01 3.641862268862891636e-03 3.640981359046995859e-03
1.116916916916916946e+01 3.694828255920459999e-03 3.693929640191695105e-03
1.114114114114114074e+01 3.748693189509221674e-03 3.747776454377068928e-03
1.111311311311311378e+01 3.803475197484347623e-03 3.802539918893676606e-03
1.108508508508508505e+01 3.859192831958208059e-03 3.858238575036671870e-03
1.105705705705705810e+01 3.915865080119112010e-03 3.914891398922623438e-03
1.102902902902902937e+01 3.973511375304103650e-03 3.972517812560997716e-03
1.100100100100100065e+01 4.032151608327113820e-03 4.031137695181589119e-03
1.097297297297297192e+01 4.091806139063130718e-03 4.090771394818636109e-03
1.094494494494494496e+01 4.152495808288367632e-03 4.151439740151720986e-03
1.091691691691691801e+01 4.214241949775556460e-03 4.213164052602713996e-03
1.088888888888888928e+01 4.277066402642765858e-03 4.275966158687174480e-03
1.086086086086086056e+01 4.340991523952923356e-03 4.339868402617536730e-03
1.083283283283283183e+01 4.406040201560228534e-03 4.404893659154683963e-03
1.080480480480480487e+01 4.472235867198369290e-03 4.471065346702511947e-03
1.077677677677677615e+01 4.539602509804119279e-03 4.538407440639234680e-03
1.074874874874874919e+01 4.608164689068184987e-03 4.606944486877879996e-03
1.072072072072072046e+01 4.677947549203601008e-03 4.676701615646286676e-03
1.069269269269269174e+01 4.748976832920002306e-03 4.747704555475011634e-03
1.066466466466466478e+01 4.821278895589883526e-03 4.819979647379592919e-03
1.063663663663663606e+01 4.894880719590656917e-03 4.893553859221241170e-03
1.060860860860860910e+01 4.969809928803683649e-03 4.968454800227284363e-03
1.058058058058058037e+01 5.046094803248584067e-03 5.044710735650152766e-03
1.055255255255255165e+01 5.123764293827944016e-03 5.122350601540143558e-03
1.052452452452452469e+01 5.202848037154020680e-03 5.201404019604097609e-03
1.049649649649649596e+01 5.283376370425241046e-03 5.281901312118040051e-03
1.046846846846846901e+01 5.365380346315994434e-03 5.363873516857671150e-03
1.044044044044044028e+01 5.448891747838606123e-03 5.447352402006257199e-03
1.041241241241241156e+01 5.533943103131368398e-03 5.532370480993908761e-03
1.038438438438438460e+01 5.620567700120887404e-03 5.618961027217156054e-03
1.035635635635635587e+01 5.708799601000969989e-03 5.707158088581850558e-03
1.032832832832832892e+01 5.798673656463656720e-03 5.796996501805265316e-03
1.030030030030030019e+01 5.890225519610855012e-03 5.888511906406665788e-03
1.027227227227227146e+01 5.983491659467072600e-03 5.981740758307348485e-03
1.024424424424424451e+01 6.078509374005390195e-03 6.076720342953142312e-03
1.021621621621621578e+01 6.175316802589529697e-03 6.173488787862936762e-03
1.018818818818818883e+01 6.273952937724936937e-03 6.272085074496860230e-03
1.016016016016016010e+01 6.374457636001086905e-03 6.372549049327361562e-03
1.013213213213213137e+01 6.476871628095579383e-03 6.474921433984387291e-03
1.010410410410410442e+01 6.581236527698208771e-03 6.579243834333888680e-03
1.007607607607607569e+01 6.687594839199772871e-03 6.685558748335397421e-03
1.004804804804804874e+01 6.795989963976139039e-03 6.793909572510005435e-03
1.002002002002002001e+01 6.906466205082714693e-03 6.904340606835182928e-03
9.991991991991991284e+00 7.019068770158692731e-03 7.016897057866219867e-03
9.963963963963964332e+00 7.133843772322963350e-03 7.131625039866768684e-03
9.935935935935935603e+00 7.250838228825484504e-03 7.248571573715291080e-03
9.907907907907908651e+00 7.370100057198947056e-03 7.367784583331357662e-03
9.879879879879879923e+00 7.491678068635708107e-03 7.489312889347791297e-03
9.851851851851851194e+00 7.615621958293877780e-03 7.613206199733532631e-03
9.823823823823824242e+00 7.741982292215285506e-03 7.739515097050568733e-03
9.795795795795795513e+00 7.870810490515984387e-03 7.868291022006139446e-03
9.767767767767768561e+00 8.002158806487507520e-03 7.999586252938391956e-03
9.739739739739739832e+00 8.136080301224380903e-03 8.133453880851286566e-03
9.711711711711711104e+00 8.272628813370850459e-03 8.269947779591148296e-03
9.683683683683684151e+00 8.411858923557464368e-03 8.409122570734943458e-03
9.655655655655655423e+00 8.553825913076833903e-03 8.551033582738476815e-03
9.627627627627628470e+00 8.698585716327322109e-03 8.695736803871475379e-03
9.599599599599599742e+00 8.846194866534807383e-03 8.843288828448123834e-03
9.571571571571571013e+00 8.996710434247195270e-03 8.993746795843585856e-03
9.543543543543542285e+00 9.150189958082793201e-03 9.147168321772380234e-03
9.515515515515515332e+00 9.306691367203967502e-03 9.303611421300417988e-03
9.487487487487488380e+00 9.466272894983210340e-03 9.463134423049459829e-03
9.459459459459459651e+00 9.628992983330078234e-03 9.625795874053998807e-03
9.431431431431430923e+00 9.794910177154395742e-03 9.791654434739796575e-03
9.403403403403402194e+00 9.964083008457469415e-03 9.960768763506714502e-03
9.375375375375375242e+00 1.013656986956836849e-02 1.013319739042201420e-02
9.347347347347348290e+00 1.031242887507778302e-02 1.030899857956481779e-02
9.319319319319319561e+00 1.049171771206945658e-02 1.048823017960849591e-02
9.291291291291290833e+00 1.067449347831020065e-02 1.067094946228687273e-02
9.263263263263262104e+00 1.086081250813502805e-02 1.085721294846508055e-02
9.235235235235235152e+00 1.105073018585556871e-02 1.104707622162573802e-02
9.207207207207208199e+00 1.124430074662893450e-02 1.124059372868894957e-02
9.179179179179179471e+00 1.144157706485030360e-02 1.143781856821119922e-02
9.151151151151150742e+00 1.164261043028049815e-02 1.163880226615369821e-02
9.123123123123122014e+00 1.184745031228508563e-02 1.184359453957192776e-02
9.095095095095095061e+00 1.205614411274530048e-02 1.205224304877671772e-02
9.067067067067068109e+00 1.226873690840557356e-02 1.226479313871188179e-02
9.039039039039039380e+00 1.248527118364475136e-02 1.248128757051228041e-02
9.011011011011010652e+00 1.270578655489376652e-02 1.270176624445506358e-02
8.982982982982981923e+00 1.293031948817308097e-02 1.292626591576781850e-02
8.954954954954954971e+00 1.315890301148442409e-02 1.315481990502178136e-02
8.926926926926928019e+00 1.339156642405530707e-02 1.338745780510846271e-02
8.898898898898899290e+00 1.362833500469940416e-02 1.362420518706899605e-02
8.870870870870870561e+00 1.386922972181281986e-02 1.386508330730947675e-02
8.842842842842841833e+00 1.411426694776955759e-02 1.411010881898830394e-02
8.814814814814814881e+00 1.436345818070002868e-02 1.435929349058886507e-02
8.786786786786787928e+00 1.461680977682649520e-02 1.461264393489214615e-02
8.758758758758759200e+00 1.487432269667795549e-02 1.487016135172133935e-02
8.730730730730730471e+00 1.513599226861022350e-02 1.513184128794182320e-02
8.702702702702701743e+00 1.540180797310294371e-02 1.539767341824559502e-02
8.674674674674674790e+00 1.567175325128062832e-02 1.566764135025022070e-02
8.646646646646647838e+00 1.594580534101373848e-02 1.594172245735574200e-02
8.618618618618619109e+00 1.622393514378791049e-02 1.621988774260976762e-02
8.590590590590590381e+00 1.650610712527924434e-02 1.650210173660736357e-02
8.562562562562561652e+00 1.679227925224299409e-02 1.678832243211645509e-02
8.534534534534534700e+00 1.708240296792038621e-02 1.707850125770689342e-02
8.506506506506507748e+00 1.737642320768786192e-02 1.737258309217449767e-02
8.478478478478479019e+00 1.767427845612942056e-02 1.767050632099671087e-02
8.450450450450450290e+00 1.797590084611516009e-02 1.797220293544477682e-02
8.422422422422421562e+00 1.828121629983198160e-02 1.827759867432421706e-02
8.394394394394394610e+00 1.859014471105006547e-02 1.858661320763558417e-02
8.366366366366367657e+00 1.890260016723989064e-02 1.889916036075863295e-02
8.338338338338338929e+00 1.921849120949545991e-02 1.921514837708712328e-02
8.310310310310310200e+00 1.953772112759146612e-02 1.953448021639389576e-02
8.282282282282281471e+00 1.986018828692922081e-02 1.985705388560204607e-02
8.254254254254254519e+00 2.018578648360288413e-02 2.018276279811563600e-02
8.226226226226227567e+00 2.051440532338402040e-02 2.051149615744739599e-02
8.198198198198198838e+00 2.084593062008006231e-02 2.084313936045543991e-02
8.170170170170170110e+00 2.118024480847869109e-02 2.117757441529957707e-02
8.142142142142141381e+00 2.151722736694618165e-02 2.151468036908226258e-02
8.114114114114114429e+00 2.185675524472591863e-02 2.185433374010878338e-02
8.086086086086085700e+00 2.219870328905853424e-02 2.219640894978484880e-02
8.058058058058058748e+00 2.254294466742201575e-02 2.254077874935413867e-02
8.030030030030030019e+00 2.288935128046070550e-02 2.288731463696264123e-02
8.002002002002001291e+00 2.323779416152313426e-02 2.323588726089966666e-02
7.973973973973974338e+00 2.358814385914866432e-02 2.358636680530221824e-02
7.945945945945945610e+00 2.394027079931516575e-02 2.393862335509699263e-02
7.917917917917917769e+00 2.429404562476888962e-02 2.429252723748180284e-02
7.889889889889889929e+00 2.464933950928631032e-02 2.464794933779516223e-02
7.861861861861862089e+00 2.500602444526750512e-02 2.500476138816826871e-02
7.833833833833834248e+00 2.536397350357732020e-02 2.536283622788931824e-02
7.805805805805805520e+00 2.572306106505658010e-02 2.572204803500298745e-02
7.777777777777777679e+00 2.608316302360038502e-02 2.608227252903088170e-02
7.749749749749749839e+00 2.644415696113194131e-02 2.644338714519145483e-02
7.721721721721721998e+00 2.680592229516692154e-02 2.680527118088731064e-02
7.693693693693694158e+00 2.716834039999953612e-02 2.716780591554707192e-02
7.665665665665665429e+00 2.753129470280991573e-02 2.753087470517787821e-02
7.637637637637637589e+00 2.789467075620357187e-02 2.789436305319397541e-02
7.609609609609609748e+00 2.825835628885272482e-02 2.825815865924333203e-02
7.581581581581581908e+00 2.862224123601726095e-02 2.862215144785558787e-02
7.553553553553553179e+00 2.898621775178589210e-02 2.898623357879287835e-02
7.525525525525525339e+00 2.935018020490097121e-02 2.935029944100052413e-02
7.497497497497497498e+00 2.971402516001817734e-02 2.971424563203712774e-02
7.469469469469469658e+00 3.007765134620836792e-02 3.007797092481874490e-02
7.441441441441441818e+00 3.044095961446505183e-02 3.044137622344158384e-02
7.413413413413413089e+00 3.080385288589548853e-02 3.080436450974385204e-02
7.385385385385385248e+00 3.116623609218132154e-02 3.116684078228396451e-02
7.357357357357357408e+00 3.152801610980558722e-02 3.152871198918926615e-02
7.329329329329329568e+00 3.188910168945050666e-02 3.188988695624792036e-02
7.301301301301301727e+00 3.224940338185648681e-02 3.225027631156290875e-02
7.273273273273272999e+00 3.260883346134410554e-02 3.260979240796847700e-02
7.245245245245245158e+00 3.296730584811151388e-02 3.296834924431385483e-02
7.217217217217217318e+00 3.332473603032341108e-02 3.332586238662738065e-02
7.189189189189189477e+00 3.368104098691911130e-02 3.368224889008496897e-02
7.161161161161161637e+00 3.403613911198143105e-02 3.403742722262238091e-02
7.133133133133132908e+00 3.438995014142523510e-02 3.439131719094698503e-02
7.105105105105105068e+00 3.474239508268389676e-02 3.474383986962546744e-02
7.077077077077077227e+00 3.509339614799353302e-02 3.509491753384637314e-02
7.049049049049049387e+00 3.544287669179161521e-02 3.544447359637827033e-02
7.021021021021020658e+00 3.579076115268662456e-02 3.579243254917058997e-02
6.992992992992992818e+00 3.613697500038245275e-02 3.613871990993734740e-02
6.964964964964964977e+00 3.648144468785687738e-02 3.648326217410052807e-02
6.936936936936937137e+00 3.682409760903170015e-02 3.682598677232554879e-02
6.908908908908909297e+00 3.716486206211390420e-02 3.716682203375037269e-02
6.880880880880880568e+00 3.750366721870952713e-02 3.750569715504472462e-02
6.852852852852852727e+00 3.784044309875417983e-02 3.784254217534833986e-02
6.824824824824824887e+00 3.817512055126214693e-02 3.817728795707866357e-02
6.796796796796797047e+00 3.850763124083991101e-02 3.850986617254878452e-02
6.768768768768769206e+00 3.883790763986347261e-02 3.884020929629021512e-02
6.740740740740740478e+00 3.916588302617834971e-02 3.916825060293357974e-02
6.712712712712712637e+00 3.949149148614540528e-02 3.949392417046612702e-02
6.684684684684684797e+00 3.981466792282469663e-02 3.981716488865304215e-02
6.656656656656656956e+00 4.013534806906399882e-02 4.013790847238403459e-02
6.628628628628629116e+00 4.045346850523082877e-02 4.045609147968670660e-02
6.600600600600600387e+00 4.076896668131794327e-02 4.077165133413008374e-02
6.572572572572572547e+00 4.108178094315027146e-02 4.108452635130024899e-02
6.544544544544544706e+00 4.139185056238930960e-02 4.139465576908866323e-02
6.516516516516516866e+00 4.169911577003178327e-02 4.170197978154564777e-02
6.488488488488488137e+00 4.200351779310062400e-02 4.200643957588190425e-02
6.460460460460460297e+00 4.230499889421610732e-02 4.230797737234245903e-02
6.432432432432432456e+00 4.260350241372197477e-02 4.260653646664443184e-02
6.404404404404404616e+00 4.289897281406267193e-02 4.290206127466607289e-02
6.376376376376376776e+00 4.319135572610120072e-02 4.319449737907503362e-02
6.348348348348348047e+00 4.348059799706814610e-02 4.348379157758534147e-02
6.320320320320320207e+00 4.376664773983370005e-02 4.376989193253510990e-02
6.292292292292292366e+00 4.404945438319754492e-02 4.405274782147917956e-02
6.264264264264264526e+00 4.432896872289428247e-02 4.433230998849382876e-02
6.236236236236236685e+00 4.460514297301544639e-02 4.460853059589425795e-02
6.208208208208207957e+00 4.487793081754984370e-02 4.488136327606900844e-02
6.180180180180180116e+00 4.514728746174892504e-02 4.515076318314091564e-02
6.152152152152152276e+00 4.541316968304774659e-02 4.541668704415122160e-02
6.124124124124124435e+00 4.567553588125652236e-02 4.567909320948921464e-02
6.096096096096096595e+00 4.593434612774872222e-02 4.593794170238837959e-02
6.068068068068067866e+00 4.618956221338620105e-02 4.619319426711287341e-02
6.040040040040040026e+00 4.644114769493011552e-02 4.644481441560190105e-02
6.012012012012012185e+00 4.668906793967827346e-02 4.669276747233863656e-02
5.983983983983984345e+00 4.693329016810362381e-02 4.693702061720875923e-02
5.955955955955955616e+00 4.717378349427608225e-02 4.717754292612922479e-02
5.927927927927928664e+00 4.741051896386224568e-02 4.741430540923960435e-02
5.899899899899899935e+00 4.764346958951185679e-02 4.764728104646422102e-02
5.871871871871871207e+00 4.787261038345615172e-02 4.787644482026943982e-02
5.843843843843844255e+00 4.809791838715983536e-02 4.810177374545678008e-02
5.815815815815815526e+00 4.831937269788603301e-02 4.832324689585074107e-02
5.787787787787788574e+00 4.853695449205106677e-02 4.854084542775800870e-02
5.759759759759759845e+00 4.875064704526309300e-02 4.875455260009518843e-02
5.731731731731731116e+00 4.896043574896965372e-02 4.896435379109459474e-02
5.703703703703704164e+00 4.916630812364688324e-02 4.917023651151692515e-02
5.675675675675675436e+00 4.936825382848351179e-02 4.937219041438355854e-02
5.647647647647648483e+00 4.956626466753607380e-02 4.957020730114413548e-02
5.619619619619619755e+00 4.976033459235305184e-02 4.976428112427833117e-02
5.591591591591591026e+00 4.995045970107368782e-02 4.995440798635742558e-02
5.563563563563564074e+00 5.013663823403885500e-02 5.014058613560178068e-02
5.535535535535535345e+00 5.031887056596916208e-02 5.032281595798678009e-02
5.507507507507508393e+00 5.049715919478243997e-02 5.050109996596995054e-02
5.479479479479479664e+00 5.067150872713961640e-02 5.067544278392990126e-02
5.451451451451450936e+00 5.084192586082596221e-02 5.084585113042379423e-02
5.423423423423423984e+00 5.100841936409028499e-02 5.101233379738767670e-02
5.395395395395395255e+00 5.117100005208054248e-02 5.117490162641848139e-02
5.367367367367368303e+00 5.132968076052871892e-02 5.133356748229159217e-02
5.339339339339339574e+00 5.148447631685713899e-02 5.148834622388116788e-02
5.311311311311310845e+00 5.163540350888038560e-02 5.163925467266466951e-02
5.283283283283283893e+00 5.178248105128781947e-02 5.178631157902980481e-02
5.255255255255255165e+00 5.192572955010832381e-02 5.192953758653465896e-02
5.227227227227226436e+00 5.206517146536384505e-02 5.206895519432883090e-02
5.199199199199199484e+00 5.220083107212088874e-02 5.220458871798370343e-02
5.171171171171170755e+00 5.233273442016413840e-02 5.233646424894226185e-02
5.143143143143143803e+00 5.246090929252146540e-02 5.246460961281497470e-02
5.115115115115115074e+00 5.258538516306580229e-02 5.258905432675093500e-02
5.087087087087086346e+00 5.270619315342386230e-02 5.270982955611543119e-02
5.059059059059059393e+00 5.282336598942156958e-02 5.282696807070539485e-02
5.031031031031030665e+00 5.293693795729512847e-02 5.294050420073261043e-02
5.003003003003003712e+00 5.304694485989473740e-02 5.305047379280344866e-02
4.974974974974974984e+00 5.315342397310360983e-02 5.315691416611875719e-02
4.946946946946946255e+00 5.325641400269152947e-02 5.325986406911347587e-02
4.918918918918919303e+00 5.335595504183419241e-02 5.335936363674974314e-02
4.890890890890890574e+00 5.345208852949338840e-02 5.345545434867225720e-02
4.862862862862863622e+00 5.354485720982965491e-02 5.354817898851672864e-02
4.834834834834834894e+00 5.363430509285136566e-02 5.363758160441472328e-02
4.806806806806806165e+00 5.372047741647915930e-02 5.372370747079482922e-02
4.778778778778779213e+00 5.380342061017460292e-02 5.380660305185828995e-02
4.750750750750750484e+00 5.388318226029962382e-02 5.388631596681124625e-02
4.722722722722723532e+00 5.395981107737770482e-02 5.396289495699392591e-02
4.694694694694694803e+00 5.403335686537354132e-02 5.403638985503981390e-02
4.666666666666666075e+00 5.410387049311062013e-02 5.410685155618522729e-02
4.638638638638639122e+00 5.417140386793430767e-02 5.417433199183749326e-02
4.610610610610610394e+00 5.423600991171553115e-02 5.423888410549661948e-02
4.582582582582583441e+00 5.429774253927697331e-02 5.430056183111235668e-02
4.554554554554554713e+00 5.435665663931101010e-02 5.435942007394595210e-02
4.526526526526525984e+00 5.441280805784587393e-02 5.441551469399244501e-02
4.498498498498499032e+00 5.446625358433303254e-02 5.446890249200768419e-02
4.470470470470470303e+00 5.451705094039520361e-02 5.451964119817092475e-02
4.442442442442443351e+00 5.456525877117218704e-02 5.456778946354814280e-02
4.414414414414414622e+00 5.461093663930779302e-02 5.461340685425684904e-02
4.386386386386385894e+00 5.465414502157782406e-02 5.465655384787734133e-02
4.358358358358358942e+00 5.469494530811021965e-02 5.469729183268570716e-02
4.330330330330330213e+00 5.473339980415684730e-02 5.473568310952109384e-02
4.302302302302303261e+00 5.476957173445298060e-02 5.477179089621010688e-02
4.274274274274274532e+00 5.480352525006761816e-02 5.480567933449000118e-02
4.246246246246245803e+00 5.483532543766431872e-02 5.483741349935804255e-02
4.218218218218218851e+00 5.486503833108304778e-02 5.486705941075883941e-02
4.190190190190190123e+00 5.489273092513585750e-02 5.489468404750459662e-02
4.162162162162161394e+00 5.491847119149029233e-02 5.492035536330378692e-02
4.134134134134134442e+00 5.494232809649309685e-02 5.494414230475402894e-02
4.106106106106105713e+00 5.496437162076275168e-02 5.496611483113018198e-02
4.078078078078078761e+00 5.498467278038180611e-02 5.498634393577289670e-02
4.050050050050050032e+00 5.500330364951677709e-02 5.500490166885287080e-02
4.022022022022021304e+00 5.502033738404573521e-02 5.502186116139905214e-02
3.993993993993994351e+00 5.503584824594422165e-02 5.503729665042890462e-02
3.965965965965965623e+00 5.504991162811664202e-02 5.505128350377495872e-02
3.937937937937938671e+00 5.506260407926695521e-02 5.506389824526531501e-02
3.909909909909909942e+00 5.507400332833598672e-02 5.507521857971495183e-02
3.881881881881881213e+00 5.508418830820870082e-02 5.508532341715065284e-02
3.853853853853854261e+00 5.509323917815596439e-02 5.509429289577404132e-02
3.825825825825825532e+00 5.510123734447656269e-02 5.510220840313856394e-02
3.797797797797798580e+00 5.510826547882132637e-02 5.510915259500158425e-02
3.769769769769769852e+00 5.511440753369348938e-02 5.511520941131792251e-02
3.741741741741741123e+00 5.511974875466163493e-02 5.512046408887449900e-02
3.713713713713714171e+00 5.512437568890043993e-02 5.512500317013489110e-02
3.685685685685685442e+00 5.512837618979957860e-02 5.512891450797926390e-02
3.657657657657658490e+00 5.513183941757580919e-02 5.513228726619562314e-02
3.629629629629629761e+00 5.513485583612513091e-02 5.513521191581360892e-02
3.601601601601601033e+00 5.513751720641694998e-02 5.513778022775568666e-02
3.573573573573574080e+00 5.513991657729281487e-02 5.514008526288146500e-02
3.545545545545545352e+00 5.514214827499414051e-02 5.514222135943835923e-02
3.517517517517518399e+00 5.514430789315392933e-02 5.514428412057494761e-02
3.489489489489489671e+00 5.514649228542008175e-02 5.514637040432023019e-02
3.461461461461460942e+00 5.514879956359557134e-02 5.514857831855465853e-02
3.433433433433433990e+00 5.515132910440985470e-02 5.515100722421219931e-02
3.405405405405405261e+00 5.515418156830979857e-02 5.515375775031586963e-02
3.377377377377378309e+00 5.515745893385205767e-02 5.515693182464631583e-02
3.349349349349349581e+00 5.516126455121254241e-02 5.516063272381992871e-02
3.321321321321320852e+00 5.516570321801846088e-02 5.516496514626598180e-02
3.293293293293293900e+00 5.517088128013612064e-02 5.517003531101459524e-02
3.265265265265265171e+00 5.517690675922178045e-02 5.517595108434546203e-02
3.237237237237238219e+00 5.518388950781155655e-02 5.518282213523463542e-02
3.209209209209209490e+00 5.519194139165937985e-02 5.519076011924822778e-02
3.181181181181180762e+00 5.520117649753857048e-02 5.519987888921482067e-02
3.153153153153153809e+00 5.521171136355636222e-02 5.521029473025373946e-02
3.125125125125125081e+00 5.522366522819850687e-02 5.522212661374142212e-02
3.097097097097096352e+00 5.523716029350093232e-02 5.523549646532353863e-02
3.069069069069069400e+00 5.525232199724803422e-02 5.525052944245897185e-02
3.041041041041040671e+00 5.526927928937256512e-02 5.526735421572696871e-02
3.013013013013013719e+00 5.528816490813045353e-02 5.528610324898927675e-02
2.984984984984984990e+00 5.530911565221162396e-02 5.530691307436406273e-02
2.956956956956956262e+00 5.533227264606108836e-02 5.532992455911300150e-02
2.928928928928929309e+00 5.535778159688937994e-02 5.535528316286482398e-02
2.900900900900900581e+00 5.538579304311476437e-02 5.538313918497429766e-02
2.872872872872873629e+00 5.541646259520342788e-02 5.541364800313069300e-02
2.844844844844844900e+00 5.544995117097119980e-02 5.544697030549099181e-02
2.816816816816816171e+00 5.548642522832473306e-02 5.548327231955636762e-02
2.788788788788789219e+00 5.552605699924305360e-02 5.552272604170366971e-02
2.760760760760760490e+00 5.556902472902558454e-02 5.556550947174190846e-02
2.732732732732733538e+00 5.561551292494902599e-02 5.561180685772231652e-02
2.704704704704704810e+00 5.566571261894191075e-02 5.566180895440368814e-02
2.676676676676676081e+00 5.571982164864121984e-02 5.571571329917358179e-02
2.648648648648649129e+00 5.577804496086461589e-02 5.577372451166805190e-02
2.620620620620620400e+00 5.584059494152394942e-02 5.583605462023843308e-02
2.592592592592593448e+00 5.590769177586828176e-02 5.590292341883932453e-02
2.564564564564564719e+00 5.597956384227804894e-02 5.597455885770034195e-02
2.536536536536535991e+00 5.605644814275215909e-02 5.605119747089525040e-02
2.508508508508509038e+00 5.613859077304401979e-02 5.613308484371690860e-02
2.480480480480480310e+00 5.622624743524706759e-02 5.622047612260896998e-02
2.452452452452453358e+00 5.631968399552236132e-02 5.631363657029860026e-02
2.424424424424424629e+00 5.641917708959964806e-02 5.641284216871562951e-02
2.396396396396395900e+00 5.652501477866948149e-02 5.651838027227169131e-02
2.368368368368368948e+00 5.663749725838104071e-02 5.663055031410334922e-02
2.340340340340340219e+00 5.675693762366571665e-02 5.674966456795813019e-02
2.312312312312313267e+00 5.688366269196230840e-02 5.687604896885639638e-02
2.284284284284284539e+00 5.701801388797382575e-02 5.701004399513901616e-02
2.256256256256255810e+00 5.716034819318183136e-02 5.715200561375467780e-02
2.228228228228228858e+00 5.731103916351036609e-02 5.730230629416090127e-02
2.200200200200200129e+00 5.747047801891785879e-02 5.746133609399819986e-02
2.172172172172171400e+00 5.763907480934056526e-02 5.762950382049905618e-02
2.144144144144144448e+00 5.781725966147728546e-02 5.780723827217645189e-02
2.116116116116115720e+00 5.800548411156358775e-02 5.799498956586821019e-02
2.088088088088088767e+00 5.820422252995751528e-02 5.819323055484452306e-02
2.060060060060060039e+00 5.841397364412444226e-02 5.840245834442972517e-02
2.032032032032031310e+00 5.863526216751541176e-02 5.862319591246869382e-02
2.004004004004004358e+00 5.886864054290900927e-02 5.885599384301103132e-02
1.975975975975975629e+00 5.911469081006748283e-02 5.910143218282311317e-02
1.947947947947948677e+00 5.937402660904121665e-02 5.936012243181246206e-02
1.919919919919919948e+00 5.964729533211628881e-02 5.963270968022214846e-02
1.891891891891891220e+00 5.993518044007288548e-02 5.991987490733734212e-02
1.863863863863864268e+00 6.023840396096152849e-02 6.022233745838639213e-02
1.835835835835835539e+00 6.055772919287220890e-02 6.054085772260606874e-02
1.807807807807808587e+00 6.089396363638954757e-02 6.087624003625567021e-02
1.779779779779779858e+00 6.124796218776179524e-02 6.122933583977557825e-02
1.751751751751751129e+00 6.162063062984137612e-02 6.160104712492405626e-02
1.723723723723724177e+00 6.201292946621132091e-02 6.199233021524760967e-02
1.695695695695695449e+00 6.242587815437018739e-02 6.240419993300394541e-02
1.667667667667668496e+00 6.286055980705476665e-02 6.283773421810540105e-02
1.639639639639639768e+00 6.331812644769369003e-02 6.329407928056990373e-02
1.611611611611611039e+00 6.379980492758151323e-02 6.377445538834689009e-02
1.583583583583584087e+00 6.430690363985488989e-02 6.428016341844230985e-02
1.555555555555555358e+00 6.484082020014106384e-02 6.481259233244304752e-02
1.527527527527528406e+00 6.540305030717941115e-02 6.537322777947225660e-02
1.499499499499499677e+00 6.599519804942591272e-02 6.596366208200077352e-02
1.471471471471470949e+00 6.661898799178250785e-02 6.658560592353868213e-02
1.443443443443443996e+00 6.727627945235672979e-02 6.724090212967476221e-02
1.415415415415415268e+00 6.796908346538217682e-02 6.793154204422610642e-02
1.387387387387388316e+00 6.869958302052243948e-02 6.865968508234335244e-02
1.359359359359359587e+00 6.947015726069623309e-02 6.942768214712795316e-02
1.331331331331330858e+00 7.028341039050281513e-02 7.023810369924002317e-02
1.303303303303303906e+00 7.114220607865585910e-02 7.109377333054366088e-02
1.275275275275275177e+00 7.204970808936242421e-02 7.199780769325905827e-02
1.247247247247248225e+00 7.300942769599091942e-02 7.295366352310861391e-02
1.219219219219219497e+00 7.402527804969605274e-02 7.396519220066069544e-02
1.191191191191190768e+00 7.510163501230945893e-02 7.503670173238262409e-02
1.163163163163163816e+00 7.624340292497086558e-02 7.617302509906929975e-02
1.135135135135135087e+00 7.745608228382816485e-02 7.737959250632606145e-02
1.107107107107106359e+00 7.874583426815577603e-02 7.866250308641570266e-02
1.079079079079079406e+00 8.011953449971684349e-02 8.002858899494710854e-02
1.051051051051050678e+00 8.158480539112175633e-02 8.148546165402066610e-02
1.023023023023023725e+00 8.315001312906231123e-02 8.304152625687472034e-02
9.949949949949949968e-01 8.482421204135406900e-02 8.470594696335061180e-02
9.669669669669662682e-01 8.661701628267978736e-02 8.648854177611856042e-02
9.389389389389393159e-01 8.853837707129388890e-02 8.839958355640577248e-02
9.109109109109105873e-01 9.059824407562848403e-02 9.044948286064924403e-02
8.828828828828836350e-01 9.280609362274472307e-02 9.264833019994536678e-02
8.548548548548549064e-01 9.517031687318536215e-02 9.500528198502353194e-02
8.268268268268261778e-01 9.769748170524930608e-02 9.752778951169968624e-02
7.987987987987992256e-01 1.003915156346696785e-01 1.002206998086089262e-01
7.707707707707704969e-01 1.032528992162650983e-01 1.030853070209689637e-01
7.427427427427435447e-01 1.062779856975278603e-01 1.061184998470472984e-01
7.147147147147148161e-01 1.094585145071595988e-01 1.093121998930006583e-01
6.866866866866860875e-01 1.127811722020499036e-01 1.126532219180135380e-01
6.586586586586591352e-01 1.162266018590574629e-01 1.161233438567674942e-01
6.306306306306304066e-01 1.197666362630317449e-01 1.196985954954205150e-01
6.026026026026034543e-01 1.233580597454700112e-01 1.233456481320851783e-01
5.745745745745747257e-01 1.269313763037248632e-01 1.270123719128720130e-01
5.465465465465459971e-01 1.303739593930063057e-01 1.306103393302047722e-01
5.185185185185190448e-01 1.335077763454502742e-01 1.339899266480418516e-01
4.904904904904903162e-01 1.360626216904431141e-01 1.369115109418278797e-01
4.624624624624633640e-01 1.376517062508100797e-01 1.390147328943048266e-01
4.344344344344346354e-01 1.377757293755977885e-01 1.397865986378362679e-01
4.064064064064059068e-01 1.359016402624536879e-01 1.385557621320395172e-01
3.783783783783789545e-01 1.316335613629536772e-01 1.346100422719804790e-01
3.503503503503502259e-01 1.249038328361519873e-01 1.275410653761073765e-01
3.223223223223232736e-01 1.160680178087846459e-01 1.176743383968048284e-01
2.942942942942945450e-01 1.058548642921842003e-01 1.061379560038278047e-01
2.662662662662658164e-01 9.519602018904960161e-02 9.437668699520276872e-02
2.382382382382388641e-01 8.498822606401160162e-02 8.354427468897819564e-02
2.102102102102101355e-01 7.588214113885352607e-02 7.424684486043443832e-02
1.821821821821831833e-01 6.820013476661065943e-02 6.663536777161477298e-02
1.541541541541544547e-01 6.199317767044761063e-02 6.060753137803747553e-02
1.261261261261257260e-01 5.715663131913845119e-02 5.596665513398842856e-02
9.809809809809877379e-02 5.352994366595058284e-02 5.250948920816295162e-02
7.007007007007004518e-02 5.095621508800711463e-02 5.006411310388861335e-02
4.204204204204131656e-02 4.930960793970630418e-02 4.850192950567544514e-02
1.401401401401436431e-02 4.850488399529956363e-02 4.773888848832017612e-02
-1.401401401401436431e-02 4.849935740246344440e-02 4.773361939248432773e-02
-4.204204204204131656e-02 4.929274999631301502e-02 4.848586948612926273e-02
-7.007007007007004518e-02 5.092715898620041315e-02 5.003648013970801722e-02
-9.809809809809877379e-02 5.348712719903423590e-02 5.246889247492328434e-02
-1.261261261261257260e-01 5.709758737676164791e-02 5.591093343775722230e-02
-1.541541541541544547e-01 6.191418675024902563e-02 6.053346045665337904e-02
-1.821821821821814069e-01 6.809574886667538185e-02 6.653817037476636442e-02
-2.102102102102101355e-01 7.574477454478020788e-02 7.411947700714487108e-02
-2.382382382382388641e-01 8.480842033054702966e-02 8.337670305705505158e-02
-2.662662662662658164e-01 9.496442677466879201e-02 9.415606182828137327e-02
-2.942942942942945450e-01 1.055666516542580896e-01 1.058516893854874741e-01
-3.223223223223214973e-01 1.157285891381823612e-01 1.173182025953751623e-01
-3.503503503503502259e-01 1.245325426678256520e-01 1.271306014050914146e-01
-3.783783783783789545e-01 1.312621624480935778e-01 1.341863904766762983e-01
-4.064064064064059068e-01 1.355670847527770950e-01 1.381758294764978690e-01
-4.344344344344346354e-01 1.375100928292111446e-01 1.394997882868271588e-01
-4.624624624624615876e-01 1.374733779457589511e-01 1.388428141187927900e-01
-4.904904904904903162e-01 1.359725301546525489e-01 1.368456417872616071e-01
-5.185185185185190448e-01 1.334921750320309797e-01 1.340028160594153861e-01
-5.465465465465459971e-01 1.304117333749398866e-01 1.306715905209657191e-01
-5.745745745745747257e-01 1.270016438843586393e-01 1.270980126737195626e-01
-6.026026026026016780e-01 1.234448363545849886e-01 1.234406058333371858e-01
-6.306306306306304066e-01 1.198599905593759479e-01 1.197951943343555092e-01
-6.586586586586591352e-01 1.163215937719661863e-01 1.162187784105468691e-01
-6.866866866866860875e-01 1.128761020983269636e-01 1.127473615449206823e-01
-7.147147147147148161e-01 1.095533732363029450e-01 1.094060287366707129e-01
-7.427427427427417683e-01 1.063733765798549891e-01 1.062131474651411417e-01
-7.707707707707704969e-01 1.033494050658716468e-01 1.031815500242353328e-01
-7.987987987987992256e-01 1.004894014974355709e-01 1.003187951283070478e-01
-8.268268268268261778e-01 9.779661917949328265e-02 9.762750397500398469e-02
-8.548548548548549064e-01 9.527023274122105312e-02 9.510601089449038925e-02
-8.828828828828836350e-01 9.290607089279037667e-02 9.274923587542967252e-02
-9.109109109109105873e-01 9.069743054934245596e-02 9.054961783287418520e-02
-9.389389389389393159e-01 8.863587895246477499e-02 8.849798588615372108e-02
-9.669669669669662682e-01 8.671196925781712861e-02 8.658430225776431177e-02
-9.949949949949949968e-01 8.491583025358560854e-02 8.479825291010199828e-02
-1.023023023023023725e+00 8.323761965433718046e-02 8.312968740219139896e-02
-1.051051051051050678e+00 8.166784836575412265e-02 8.156892281171659875e-02
-1.079079079079079406e+00 8.019759249057209494e-02 8.010693288991160843e-02
-1.107107107107106359e+00 7.881861369998180433e-02 7.873544581484899496e-02
-1.135135135135135087e+00 7.752340911283925329e-02 7.744697353419185970e-02
-1.163163163163163816e+00 7.630521034063610097e-02 7.623479344923989043e-02
-1.191191191191190768e+00 7.515794869230441044e-02 7.509289987600391292e-02
-1.219219219219219497e+00 7.407620029300863995e-02 7.401593902889580523e-02
-1.247247247247246449e+00 7.305512155178849054e-02 7.299913757319057006e-02
-1.275275275275275177e+00 7.209038236180390080e-02 7.203823153771303500e-02
-1.303303303303303906e+00 7.117810182972909849e-02 7.112939974313917113e-02
-1.331331331331330858e+00 7.031478930876311484e-02 7.026920392608095034e-02
-1.359359359359359587e+00 6.949729203876039985e-02 6.945453636852179369e-02
-1.387387387387386539e+00 6.872274970575140141e-02 6.868257496836061016e-02
-1.415415415415415268e+00 6.798855562327182911e-02 6.795074518769957106e-02
-1.443443443443443996e+00 6.729232390847286749e-02 6.725668807809416505e-02
-1.471471471471470949e+00 6.663186188730113590e-02 6.659823351368300559e-02
-1.499499499499499677e+00 6.600514694647309499e-02 6.597337779452697171e-02
-1.527527527527526630e+00 6.541030710210146704e-02 6.538026486250195224e-02
-1.555555555555555358e+00 6.484560463600333446e-02 6.481717048355939426e-02
-1.583583583583584087e+00 6.430942224663627194e-02 6.428248885623603914e-02
-1.611611611611611039e+00 6.380025125477335746e-02 6.377472118319231498e-02
-1.639639639639639768e+00 6.331668148642294325e-02 6.329246584769171458e-02
-1.667667667667666720e+00 6.285739252610947347e-02 6.283440990318731045e-02
-1.695695695695695449e+00 6.242114609637740980e-02 6.239932164180732321e-02
-1.723723723723724177e+00 6.200677936705738247e-02 6.198604405466873191e-02
-1.751751751751751129e+00 6.161319903695953309e-02 6.159348903453200352e-02
-1.779779779779779858e+00 6.123937606196758893e-02 6.122063220109152243e-02
-1.807807807807806810e+00 6.088434092831450373e-02 6.086650825269809134e-02
-1.835835835835835539e+00 6.054717938942674044e-02 6.053020676684761625e-02
-1.863863863863864268e+00 6.022702860021141719e-02 6.021086838640326427e-02
-1.891891891891891220e+00 5.992307359487397678e-02 5.990768134009323564e-02
-1.919919919919919948e+00 5.963454406413978143e-02 5.961987825501490618e-02
-1.947947947947948677e+00 5.936071139567426769e-02 5.934673322601087542e-02
-1.975975975975975629e+00 5.910088594721955163e-02 5.908755911317666032e-02
-2.004004004004002581e+00 5.885441452709706811e-02 5.884170504407564700e-02
-2.032032032032031310e+00 5.862067806079842430e-02 5.860855409781969005e-02
-2.060060060060060039e+00 5.839908942553885540e-02 5.838752115440249552e-02
-2.088088088088088767e+00 5.818909143706953863e-02 5.817805089451762168e-02
-2.116116116116117496e+00 5.799015497562508281e-02 5.797961593687880888e-02
-2.144144144144142672e+00 5.780177723944351920e-02 5.779171510172907700e-02
-2.172172172172171400e+00 5.762348011567552941e-02 5.761387179059743180e-02
-2.200200200200200129e+00 5.745480865967848849e-02 5.744563247349464968e-02
-2.228228228228228858e+00 5.729532967466659243e-02 5.728656527567770745e-02
-2.256256256256257586e+00 5.714463038450079413e-02 5.713625865689359040e-02
-2.284284284284282762e+00 5.700231719308128386e-02 5.699432017666958283e-02
-2.312312312312311491e+00 5.686801452440588822e-02 5.686037533976844027e-02
-2.340340340340340219e+00 5.674136373796205557e-02 5.673406651639709836e-02
-2.368368368368368948e+00 5.662202211413232961e-02 5.661505193230068761e-02
-2.396396396396397677e+00 5.650966190491313323e-02 5.650300472467451735e-02
-2.424424424424422853e+00 5.640396944563912107e-02 5.639761205752090445e-02
-2.452452452452451581e+00 5.630464432359137683e-02 5.629857429367245147e-02
-2.480480480480480310e+00 5.621139859950782108e-02 5.620560422002703060e-02
-2.508508508508509038e+00 5.612395607865668101e-02 5.611842632206198722e-02
-2.536536536536537767e+00 5.604205162809831192e-02 5.603677610425672473e-02
-2.564564564564562943e+00 5.596543053689990999e-02 5.596039945326516246e-02
-2.592592592592591672e+00 5.589384791634135347e-02 5.588905204088065459e-02
-2.620620620620620400e+00 5.582706813735075629e-02 5.582249876403502092e-02
-2.648648648648649129e+00 5.576486430260370331e-02 5.576051321926918380e-02
-2.676676676676677857e+00 5.570701775091278785e-02 5.570287720930373887e-02
-2.704704704704703033e+00 5.565331759172303938e-02 5.564938027952993221e-02
-2.732732732732731762e+00 5.560356026772629578e-02 5.559981928242609117e-02
-2.760760760760760490e+00 5.555754914392661142e-02 5.555399796808624391e-02
-2.788788788788789219e+00 5.551509412128097232e-02 5.551172659928546582e-02
-2.816816816816817948e+00 5.547601127334959858e-02 5.547282159030531706e-02
-2.844844844844843124e+00 5.544012250475216508e-02 5.543710516630177138e-02
-2.872872872872871852e+00 5.540725523022066445e-02 5.540440504276925027e-02
-2.900900900900900581e+00 5.537724207301626678e-02 5.537455412509900698e-02
-2.928928928928929309e+00 5.534992058195766645e-02 5.534739022662795577e-02
-2.956956956956958038e+00 5.532513296624448629e-02 5.532275580428330786e-02
-2.984984984984983214e+00 5.530272584711097561e-02 5.530049771100881834e-02
-3.013013013013011943e+00 5.528255002552186215e-02 5.528046696420328698e-02
-3.041041041041040671e+00 5.526446026515512144e-02 5.526251852943155074e-02
-3.069069069069069400e+00 5.524831508993507251e-02 5.524651111868235376e-02
-3.097097097097098128e+00 5.523397659538401699e-02 5.523230700244961822e-02
-3.125125125125123304e+00 5.522131027305928613e-02 5.521977183490852509e-02
-3.153153153153152033e+00 5.521018484733717507e-02 5.520877449144807880e-02
-3.181181181181180762e+00 5.520047212389067592e-02 5.519918691780789644e-02
-3.209209209209209490e+00 5.519204684902495606e-02 5.519088399007175683e-02
-3.237237237237238219e+00 5.518478657895890815e-02 5.518374338521712941e-02
-3.265265265265263395e+00 5.517857155841442152e-02 5.517764546057991881e-02
-3.293293293293292123e+00 5.517328460776682597e-02 5.517247314111786705e-02
-3.321321321321320852e+00 5.516881101792432684e-02 5.516811181508544937e-02
-3.349349349349349581e+00 5.516503845230291692e-02 5.516444923683377910e-02
-3.377377377377378309e+00 5.516185685536739713e-02 5.516137543600461296e-02
-3.405405405405403485e+00 5.515915836697693475e-02 5.515878263247288305e-02
-3.433433433433432214e+00 5.515683724193277959e-02 5.515656515644022651e-02
-3.461461461461460942e+00 5.515478977418396267e-02 5.515461937313315827e-02
-3.489489489489489671e+00 5.515291422520002262e-02 5.515284361161300331e-02
-3.517517517517518399e+00 5.515111075607277702e-02 5.515113809726056998e-02
-3.545545545545547128e+00 5.514928136296318867e-02 5.514940488755314119e-02
-3.573573573573572304e+00 5.514732981556075275e-02 5.514754781080403317e-02
-3.601601601601601033e+00 5.514516159832586611e-02 5.514547240758517488e-02
-3.629629629629629761e+00 5.514268385428784669e-02 5.514308587460085148e-02
-3.657657657657658490e+00 5.513980533102492976e-02 5.514029701108611597e-02
-3.685685685685687218e+00 5.513643632876306933e-02 5.513701616736300937e-02
-3.713713713713712394e+00 5.513248865048521463e-02 5.513315519448949015e-02
-3.741741741741741123e+00 5.512787555390046002e-02 5.512862739627587966e-02
-3.769769769769769852e+00 5.512251170518868426e-02 5.512334748321156414e-02
-3.797797797797798580e+00 5.511631313464528809e-02 5.511723152816234983e-02
-3.825825825825827309e+00 5.510919719409366341e-02 5.511019692380415141e-02
-3.853853853853852485e+00 5.510108251602421209e-02 5.510216234177250233e-02
-3.881881881881881213e+00 5.509188897444785432e-02 5.509304769351771464e-02
-3.909909909909909942e+00 5.508153764746069603e-02 5.508277409286436305e-02
-3.937937937937938671e+00 5.506995078152471246e-02 5.507126382028054712e-02
-3.965965965965967399e+00 5.505705175747470370e-02 5.505844028886836689e-02
-3.993993993993992575e+00 5.504276505826748156e-02 5.504422801209260530e-02
-4.022022022022021304e+00 5.502701623851550400e-02 5.502855257326766392e-02
-4.050050050050050032e+00 5.500973189587436696e-02 5.501134059682823152e-02
-4.078078078078078761e+00 5.499083964416693476e-02 5.499251972152065238e-02
-4.106106106106107489e+00 5.497026808832684852e-02 5.497201857566272332e-02
-4.134134134134132665e+00 5.494794680122279396e-02 5.494976675355540963e-02
-4.162162162162161394e+00 5.492380630237851669e-02 5.492569479406722577e-02
-4.190190190190190123e+00 5.489777803858316568e-02 5.489973416130795175e-02
-4.218218218218218851e+00 5.486979436657819786e-02 5.487181722729933542e-02
-4.246246246246247580e+00 5.483978853781248247e-02 5.484187725668594748e-02
-4.274274274274272756e+00 5.480769468528227245e-02 5.480984839353055665e-02
-4.302302302302301484e+00 5.477344781250016725e-02 5.477566565023864881e-02
-4.330330330330330213e+00 5.473698378463699721e-02 5.473926489865685308e-02
-4.358358358358358942e+00 5.469823932187920651e-02 5.470058286338883025e-02
-4.386386386386387670e+00 5.465715199504291022e-02 5.465955711737009726e-02
-4.414414414414412846e+00 5.461366022348290716e-02 5.461612607974158234e-02
-4.442442442442441575e+00 5.456770327533751880e-02 5.457022901605719511e-02
-4.470470470470470303e+00 5.451922127017631153e-02 5.452180604085685861e-02
-4.498498498498499032e+00 5.446815518399773792e-02 5.447079812266184679e-02
-4.526526526526527761e+00 5.441444685660289105e-02 5.441714709156406093e-02
-4.554554554554552936e+00 5.435803900138531930e-02 5.436079564884872123e-02
-4.582582582582581665e+00 5.429887521753425095e-02 5.430168737908301624e-02
-4.610610610610610394e+00 5.423690000460995586e-02 5.423976676476890274e-02
-4.638638638638639122e+00 5.417205877955390270e-02 5.417497920340653972e-02
-4.666666666666667851e+00 5.410429789610120277e-02 5.410727102694263407e-02
-4.694694694694693027e+00 5.403356466653138485e-02 5.403658952356839296e-02
-4.722722722722721755e+00 5.395980738570912288e-02 5.396288296181956518e-02
-4.750750750750750484e+00 5.388297535735590837e-02 5.388610061691979231e-02
-4.778778778778779213e+00 5.380301892248047502e-02 5.380619279929525073e-02
-4.806806806806807941e+00 5.371988948988374452e-02 5.372311088517656846e-02
-4.834834834834833117e+00 5.363353956864128774e-02 5.363680734919120535e-02
-4.862862862862861846e+00 5.354392280245455493e-02 5.354723579883590573e-02
-4.890890890890890574e+00 5.345099400576476534e-02 5.345435101070750150e-02
-4.918918918918919303e+00 5.335470920146897361e-02 5.335810896836159362e-02
-4.946946946946948032e+00 5.325502566008163269e-02 5.325846690172761355e-02
-4.974974974974973208e+00 5.315190194020210507e-02 5.315538332771226754e-02
-5.003003003003001936e+00 5.304529793011895228e-02 5.304881809189917335e-02
-5.031031031031030665e+00 5.293517489035513834e-02 5.293873241130987034e-02
-5.059059059059059393e+00 5.282149549699122204e-02 5.282508891794582273e-02
-5.087087087087088122e+00 5.270422388557906984e-02 5.270785170290857163e-02
-5.115115115115113298e+00 5.258332569542249757e-02 5.258698636089267214e-02
-5.143143143143142026e+00 5.245876811401233020e-02 5.246246003483842624e-02
-5.171171171171170755e+00 5.233051992139937936e-02 5.233424146052700898e-02
-5.199199199199199484e+00 5.219855153428450134e-02 5.220230101089495117e-02
-5.227227227227228212e+00 5.206283504960207420e-02 5.206661073984381050e-02
-5.255255255255253388e+00 5.192334428737175461e-02 5.192714442531831676e-02
-5.283283283283282117e+00 5.178005483259373598e-02 5.178387761142626278e-02
-5.311311311311310845e+00 5.163294407596571295e-02 5.163678764937544574e-02
-5.339339339339339574e+00 5.148199125319648933e-02 5.148585373700485801e-02
-5.367367367367368303e+00 5.132717748269501057e-02 5.133105695670368146e-02
-5.395395395395393479e+00 5.116848580142948494e-02 5.117238031147216398e-02
-5.423423423423422207e+00 5.100590119875238887e-02 5.100980875891888977e-02
-5.451451451451450936e+00 5.083941064799273046e-02 5.084332924304783841e-02
-5.479479479479479664e+00 5.066900313563291874e-02 5.067293072361939155e-02
-5.507507507507508393e+00 5.049466968789848714e-02 5.049860420290536861e-02
-5.535535535535537122e+00 5.031640339459051564e-02 5.032034274967310539e-02
-5.563563563563562298e+00 5.013419943000957391e-02 5.013814152024672482e-02
-5.591591591591591026e+00 4.994805507083462104e-02 4.995199777650798784e-02
-5.619619619619619755e+00 4.975796971083548681e-02 4.976191090071470369e-02
-5.647647647647648483e+00 4.956394487231399054e-02 4.956788240703057652e-02
-5.675675675675677212e+00 4.936598421418534471e-02 4.936991594967744118e-02
-5.703703703703702388e+00 4.916409353662950371e-02 4.916801732763925736e-02
-5.731731731731731116e+00 4.895828078225821639e-02 4.896219448586472400e-02
-5.759759759759759845e+00 4.874855603376165858e-02 4.875245751293552643e-02
-5.787787787787788574e+00 4.853493150802973971e-02 4.853881863517414685e-02
-5.815815815815817302e+00 4.831742154675161549e-02 4.832129220719463131e-02
-5.843843843843842478e+00 4.809604260351812294e-02 4.809989469897964914e-02
-5.871871871871871207e+00 4.787081322747510637e-02 4.787464467947410984e-02
-5.899899899899899935e+00 4.764175404359610733e-02 4.764556279676806366e-02
-5.927927927927928664e+00 4.740888772965098225e-02 4.741267175495907094e-02
-5.955955955955957393e+00 4.717223898997768838e-02 4.717599628779964305e-02
-5.983983983983982569e+00 4.693183452618225615e-02 4.693556312925401680e-02
-6.012012012012011297e+00 4.668770300490936165e-02 4.669140098110766829e-02
-6.040040040040040026e+00 4.643987502284409319e-02 4.644354047779090250e-02
-6.068068068068068754e+00 4.618838306912240871e-02 4.619201414859459842e-02
-6.096096096096097483e+00 4.593326148534417064e-02 4.593685637747329381e-02
-6.124124124124122659e+00 4.567454642339782017e-02 4.567810336064560828e-02
-6.152152152152151388e+00 4.541227580131801389e-02 4.541579306221649182e-02
-6.180180180180180116e+00 4.514648925740583074e-02 4.514996516805912241e-02
-6.208208208208208845e+00 4.487722810287575470e-02 4.488066103819553926e-02
-6.236236236236237573e+00 4.460453527328524931e-02 4.460792365791239888e-02
-6.264264264264262749e+00 4.432845527901255883e-02 4.433179758799521419e-02
-6.292292292292291478e+00 4.404903415506145059e-02 4.405232891426398567e-02
-6.320320320320320207e+00 4.376631941048426955e-02 4.376956519669564921e-02
-6.348348348348348935e+00 4.348035997769762739e-02 4.348355541843998417e-02
-6.376376376376377664e+00 4.319120616198900836e-02 4.319434993502652143e-02
-6.404404404404402840e+00 4.289890959151669569e-02 4.290200042406201036e-02
-6.432432432432431568e+00 4.260352316810471496e-02 4.260655983572089744e-02
-6.460460460460460297e+00 4.230510101913638465e-02 4.230808234433406506e-02
-6.488488488488489025e+00 4.200369845085045323e-02 4.200662330138011519e-02
-6.516516516516517754e+00 4.169937190334388477e-02 4.170223919018486991e-02
-6.544544544544542930e+00 4.139217890758369045e-02 4.139498758263233241e-02
-6.572572572572571659e+00 4.108217804472658052e-02 4.108492709818806904e-02
-6.600600600600600387e+00 4.076942890803479658e-02 4.077211736553307264e-02
-6.628628628628629116e+00 4.045399206769183936e-02 4.045661898709456555e-02
-6.656656656656657844e+00 4.013592903880363466e-02 4.013849350672596406e-02
-6.684684684684683020e+00 3.981530225285483116e-02 3.981780338091752552e-02
-6.712712712712711749e+00 3.949217503288635078e-02 3.949461195374703165e-02
-6.740740740740740478e+00 3.916661157265501070e-02 3.916898343578907593e-02
-6.768768768768769206e+00 3.883867692000151500e-02 3.884098288725214981e-02
-6.796796796796797935e+00 3.850843696464815308e-02 3.851067620556929139e-02
-6.824824824824823111e+00 3.817595843063752853e-02 3.817813011765002623e-02
-6.852852852852851839e+00 3.784130887359756640e-02 3.784341217698021509e-02
-6.880880880880880568e+00 3.750455668299614020e-02 3.750659076573598094e-02
-6.908908908908909297e+00 3.716577108952465874e-02 3.716773510205234610e-02
-6.936936936936938025e+00 3.682502217772377906e-02 3.682691525256212572e-02
-6.964964964964963201e+00 3.648238090393590705e-02 3.648420215029259117e-02
-6.992992992992991930e+00 3.613791911963769310e-02 3.613966761797585830e-02
-7.021021021021020658e+00 3.579170960016606756e-02 3.579338439679661393e-02
-7.049049049049049387e+00 3.544382607882622105e-02 3.544542618056128330e-02
-7.077077077077078116e+00 3.509434328632980715e-02 3.509586765520399110e-02
-7.105105105105103291e+00 3.474333699545155418e-02 3.474478454359337942e-02
-7.133133133133132020e+00 3.439088407074804288e-02 3.439225365549375413e-02
-7.161161161161160749e+00 3.403706252313115632e-02 3.403835294240538378e-02
-7.189189189189189477e+00 3.368195156901303972e-02 3.368316155704367820e-02
-7.217217217217218206e+00 3.332563169366740963e-02 3.332675991711959995e-02
-7.245245245245243382e+00 3.296818471838947745e-02 3.296922977300278945e-02
-7.273273273273272110e+00 3.260969387094618532e-02 3.261065427876558981e-02
-7.301301301301300839e+00 3.225024385871823329e-02 3.225111806601570902e-02
-7.329329329329329568e+00 3.188992094383903686e-02 3.189070731982727308e-02
-7.357357357357358296e+00 3.152881301953505688e-02 3.152950985597981898e-02
-7.385385385385383472e+00 3.116700968676594519e-02 3.116761519860679341e-02
-7.413413413413412201e+00 3.080460233015418561e-02 3.080511465724569339e-02
-7.441441441441440929e+00 3.044168419207838802e-02 3.044210140217015748e-02
-7.469469469469469658e+00 3.007835044369732216e-02 3.007867053676847174e-02
-7.497497497497498387e+00 2.971469825156896477e-02 2.971491916560082755e-02
-7.525525525525523562e+00 2.935082683840118528e-02 2.935094645670145719e-02
-7.553553553553552291e+00 2.898683753637039048e-02 2.898685369660392031e-02
-7.581581581581581020e+00 2.862283383135051998e-02 2.862274433633123227e-02
-7.609609609609609748e+00 2.825892139629996441e-02 2.825872402661451857e-02
-7.637637637637638477e+00 2.789520811196984779e-02 2.789490064050146809e-02
-7.665665665665667206e+00 2.753180407305753571e-02 2.753138428144868283e-02
-7.693693693693692381e+00 2.716882157789090452e-02 2.716828727495335452e-02
-7.721721721721721110e+00 2.680637509972389962e-02 2.680572414176964416e-02
-7.749749749749749839e+00 2.644458123775474817e-02 2.644381155078137646e-02
-7.777777777777778567e+00 2.608355864605000490e-02 2.608266824966645400e-02
-7.805805805805807296e+00 2.572342793867489832e-02 2.572241497160290130e-02
-7.833833833833832472e+00 2.536431156949802215e-02 2.536317431642965206e-02
-7.861861861861861200e+00 2.500633368535857409e-02 2.500507060489410432e-02
-7.889889889889889929e+00 2.464961995156093183e-02 2.464822970489698173e-02
-7.917917917917918658e+00 2.429429734900421731e-02 2.429277882896922064e-02
-7.945945945945947386e+00 2.394049394262857955e-02 2.393884630261470733e-02
-7.973973973973972562e+00 2.358833862129720155e-02 2.358656130364607598e-02
-8.002002002002001291e+00 2.323796080971276753e-02 2.323605357301592247e-02
-8.030030030030030019e+00 2.288949015347738550e-02 2.288745309824006050e-02
-8.058058058058058748e+00 2.254305617892553987e-02 2.254088977104707139e-02
-8.086086086086087477e+00 2.219878792991141284e-02 2.219649302143779368e-02
-8.114114114114112652e+00 2.185681358426207893e-02 2.185439143088685129e-02
-8.142142142142141381e+00 2.151726005311767678e-02 2.151471232794529079e-02
-8.170170170170170110e+00 2.118025256685207927e-02 2.117758136999340138e-02
-8.198198198198198838e+00 2.084591425168632467e-02 2.084312211532503983e-02
-8.226226226226227567e+00 2.051436570145663899e-02 2.051145559010981306e-02
-8.254254254254252743e+00 2.018572454926668286e-02 2.018269985505809563e-02
-8.282282282282281471e+00 1.986010504392775669e-02 1.985696957679684849e-02
-8.310310310310310200e+00 1.953761763616174499e-02 1.953437560904362075e-02
-8.338338338338338929e+00 1.921836857951641359e-02 1.921502458863041246e-02
-8.366366366366367657e+00 1.890245955079407694e-02 1.889901855127975455e-02
-8.394394394394392833e+00 1.858998729454618484e-02 1.858645457183142127e-02
-8.422422422422421562e+00 1.828104329583982862e-02 1.827742443318516527e-02
-8.450450450450450290e+00 1.797571348506406957e-02 1.797201432780415678e-02
-8.478478478478479019e+00 1.767407797801639341e-02 1.767030459509864176e-02
-8.506506506506507748e+00 1.737621085393292741e-02 1.737236949740095585e-02
-8.534534534534532924e+00 1.708217997349538095e-02 1.707827703659304738e-02
-8.562562562562561652e+00 1.679204683818587285e-02 1.678808881276783183e-02
-8.590590590590590381e+00 1.650586649168981138e-02 1.650185992561643139e-02
-8.618618618618619109e+00 1.622368746338389775e-02 1.621963891855109433e-02
-8.646646646646647838e+00 1.594555175330818544e-02 1.594146776492063461e-02
-8.674674674674673014e+00 1.567149485742375462e-02 1.566738189506349660e-02
-8.702702702702701743e+00 1.540154583141462377e-02 1.539741026238925642e-02
-8.730730730730730471e+00 1.513572739081290794e-02 1.513157544619429112e-02
-8.758758758758759200e+00 1.487405604482548369e-02 1.486989378850543837e-02
-8.786786786786787928e+00 1.461654226091127495e-02 1.461237556191206065e-02
-8.814814814814813104e+00 1.436319065690994101e-02 1.435902516512637360e-02
-8.842842842842841833e+00 1.411400021735699506e-02 1.410984134281822316e-02
-8.870870870870870561e+00 1.386896453053136115e-02 1.386481742618760234e-02
-8.898898898898899290e+00 1.362807204275834870e-02 1.362394159074072075e-02
-8.926926926926928019e+00 1.339130632653931507e-02 1.338719712778388068e-02
-8.954954954954953195e+00 1.315864635918381244e-02 1.315456272626132697e-02
-8.982982982982981923e+00 1.293006680877047121e-02 1.292601276172304983e-02
-9.011011011011010652e+00 1.270553832445374398e-02 1.270151758941008568e-02
-9.039039039039039380e+00 1.248502782835542689e-02 1.248104383867400941e-02
-9.067067067067068109e+00 1.226849880652368732e-02 1.226455470620025148e-02
-9.095095095095093285e+00 1.205591159670013797e-02 1.205201024576974672e-02
-9.123123123123122014e+00 1.184722367090019698e-02 1.184336765256433811e-02
-9.151151151151150742e+00 1.164238991107634236e-02 1.163858154029234586e-02
-9.179179179179179471e+00 1.144136287639505728e-02 1.143760420967430448e-02
-9.207207207207208199e+00 1.124409306090869490e-02 1.124038590708098181e-02
-9.235235235235233375e+00 1.105052914063921372e-02 1.104687507236331266e-02
-9.263263263263262104e+00 1.086061820931268074e-02 1.085701857513253661e-02
-9.291291291291290833e+00 1.067430600218775491e-02 1.067076193894493652e-02
-9.319319319319319561e+00 1.049153710760475193e-02 1.048804955304164302e-02
-9.347347347347348290e+00 1.031225516604708514e-02 1.030882487145635094e-02
-9.375375375375373466e+00 1.013640305665416616e-02 1.013303059944829776e-02
-9.403403403403402194e+00 9.963923071251027178e-03 9.960608867344193998e-03
-9.431431431431430923e+00 9.794757076068296917e-03 9.791501391980355490e-03
-9.459459459459459651e+00 9.628846661417791997e-03 9.625649626025932493e-03
-9.487487487487488380e+00 9.466133279664057376e-03 9.462994895542708312e-03
-9.515515515515513556e+00 9.306558371893060982e-03 9.303478526195774895e-03
-9.543543543543542285e+00 9.150063483726539673e-03 9.147041958575508752e-03
-9.571571571571571013e+00 8.996590370765705086e-03 8.993626853125373521e-03
-9.599599599599599742e+00 8.846081094173213061e-03 8.843175185193327681e-03
-9.627627627627628470e+00 8.698478106918438452e-03 8.695629330738550988e-03
-9.655655655655657199e+00 8.553724331217977053e-03 8.550932143233314769e-03
-9.683683683683682375e+00 8.411763227704590479e-03 8.409027022301628768e-03
-9.711711711711711104e+00 8.272538856853237088e-03 8.269857974623063060e-03
-9.739739739739739832e+00 8.135995933183346601e-03 8.133369667626387869e-03
-9.767767767767768561e+00 8.002079872742559261e-03 7.999507476481799648e-03
-9.795795795795797289e+00 7.870736834362044437e-03 7.868217524883851927e-03
-9.823823823823822465e+00 7.741913755154351817e-03 7.739446720097702473e-03
-9.851851851851851194e+00 7.615558380704626380e-03 7.613142782720488076e-03
-9.879879879879879923e+00 7.491619290384382915e-03 7.489254271587919565e-03
-9.907907907907908651e+00 7.370045918194829612e-03 7.367730604233167259e-03
-9.935935935935937380e+00 7.250788569524130311e-03 7.248522073282632865e-03
-9.963963963963962556e+00 7.133798434180295238e-03 7.131579859149944634e-03
-9.991991991991991284e+00 7.019027596038954035e-03 7.016856039366983766e-03
-1.002002002002002001e+01 6.906429039623141093e-03 6.904303594868744197e-03
-1.004804804804804874e+01 6.795956653911113324e-03 6.793876413526463848e-03
-1.007607607607607747e+01 6.687565233647106352e-03 6.685529291203571624e-03
-1.010410410410410265e+01 6.581210478410091588e-03 6.579217930589802317e-03
-1.013213213213213137e+01 6.476848989676623099e-03 6.474898938046953246e-03
-1.016016016016016010e+01 6.374438266095763979e-03 6.372529818683669509e-03
-1.018818818818818883e+01 6.273936697176673953e-03 6.272068969859113594e-03
-1.021621621621621756e+01 6.175303555573522993e-03 6.173475673299278627e-03
-1.024424424424424274e+01 6.078498988137183076e-03 6.076710085994353923e-03
-1.027227227227227146e+01 5.983484005888782369e-03 5.981733230031200180e-03
-1.030030030030030019e+01 5.890220473056873886e-03 5.888506981501970793e-03
-1.032832832832832892e+01 5.798671095307526661e-03 5.796994058617109188e-03
-1.035635635635635765e+01 5.708799407285062091e-03 5.707158009139736213e-03
-1.038438438438438283e+01 5.620569759570431465e-03 5.618963197247618668e-03
-1.041241241241241156e+01 5.533947305154262100e-03 5.532374789918873860e-03
-1.044044044044044028e+01 5.448897985512375988e-03 5.447358742928818526e-03
-1.046846846846846901e+01 5.365388516363197441e-03 5.363881786536259764e-03
-1.049649649649649774e+01 5.283386373178504750e-03 5.281911410930309123e-03
-1.052452452452452292e+01 5.202859776511847660e-03 5.201415851501727666e-03
-1.055255255255255165e+01 5.123777677202343180e-03 5.122364073995410404e-03
-1.058058058058058037e+01 5.046109741505515854e-03 5.044725759595529609e-03
-1.060860860860860910e+01 4.969826336197233352e-03 4.968471289988734760e-03
-1.063663663663663783e+01 4.894898513691797390e-03 4.893571732446176832e-03
-1.066466466466466301e+01 4.821297997210610524e-03 4.819998824960313420e-03
-1.069269269269269174e+01 4.748997166033576238e-03 4.747724961468233196e-03
-1.072072072072072046e+01 4.677969040861579449e-03 4.676723177189595279e-03
-1.074874874874874919e+01 4.608187269314847900e-03 4.606967134103565065e-03
-1.077677677677677792e+01 4.539626111588886299e-03 4.538431106586187681e-03
-1.080480480480480310e+01 4.472260426286698252e-03 4.471089967226659148e-03
-1.083283283283283183e+01 4.406065656443500060e-03 4.404919172838424324e-03
-1.086086086086086056e+01 4.341017815757727827e-03 4.339894750678655044e-03
-1.088888888888888928e+01 4.277093475039980483e-03 4.275993284887576705e-03
-1.091691691691691801e+01 4.214269748889592354e-03 4.213191903157324780e-03
-1.094494494494494319e+01 4.152524282606877455e-03 4.151468263637922429e-03
-1.097297297297297192e+01 4.091835239347474396e-03 4.090800542086483679e-03
-1.100100100100100065e+01 4.032181287523835603e-03 4.031167419265077947e-03
-1.102902902902902937e+01 3.973541588457659909e-03 3.972548068590563142e-03
-1.105705705705705810e+01 3.915895784286008499e-03 3.914922144039132551e-03
-1.108508508508508328e+01 3.859223986122755669e-03 3.858269768307041360e-03
-1.111311311311311201e+01 3.803506762476169343e-03 3.802571521228225761e-03
-1.114114114114114074e+01 3.748725127922639989e-03 3.747808428448813796e-03
-1.116916916916916946e+01 3.694860532035860144e-03 3.693961950357633681e-03
-1.119719719719719819e+01 3.641894848570179088e-03 3.641013971271484916e-03
-1.122522522522522337e+01 3.589810364896273056e-03 3.588946788873145603e-03
-1.125325325325325210e+01 3.538589771686850675e-03 3.537743103899817880e-03
-1.128128128128128083e+01 3.488216152849705261e-03 3.487386010079280597e-03
-1.130930930930930955e+01 3.438672975705027446e-03 3.437858984310524814e-03
-1.133733733733733828e+01 3.389944081403533423e-03 3.389145877085757846e-03
-1.136536536536536346e+01 3.342013675581818367e-03 3.341230903149756092e-03
-1.139339339339339219e+01 3.294866319251088700e-03 3.294098632392349069e-03
-1.142142142142142092e+01 3.248486919915210928e-03 3.247733980970703149e-03
-1.144944944944944965e+01 3.202860722913899397e-03 3.202122202656876044e-03
-1.147747747747747837e+01 3.157973302986832789e-03 3.157248880406370722e-03
-1.150550550550550355e+01 3.113810556054257168e-03 3.113099918143198436e-03
-1.153353353353353228e+01 3.070358691209591328e-03 3.069661532757016458e-03
-1.156156156156156101e+01 3.027604222919530637e-03 3.026920246307824615e-03
-1.158958958958958974e+01 2.985533963427100534e-03 2.984862878433547709e-03
-1.161761761761761846e+01 2.944135015353102538e-03 2.943476538956065966e-03
-1.164564564564564719e+01 2.903394764491372664e-03 2.902748620681049226e-03
-1.167367367367367237e+01 2.863300872793342854e-03 2.862666792387024740e-03
-1.170170170170170110e+01 2.823841271537377764e-03 2.823218991999176114e-03
-1.172972972972972983e+01 2.785004154678443009e-03 2.784393419943396487e-03
-1.175775775775775855e+01 2.746777972373518669e-03 2.746178532676243986e-03
-1.178578578578578728e+01 2.709151424678440338e-03 2.708563036386371983e-03
-1.181381381381381246e+01 2.672113455411813561e-03 2.671535880862406509e-03
-1.184184184184184119e+01 2.635653246181728603e-03 2.635086253523780987e-03
-1.186986986986986992e+01 2.599760210571009419e-03 2.599203573610265206e-03
-1.189789789789789864e+01 2.564423988477013919e-03 2.563877486525816592e-03
-1.192592592592592737e+01 2.529634440601845162e-03 2.529097858332777365e-03
-1.195395395395395255e+01 2.495381643088987952e-03 2.494854770392427278e-03
-1.198198198198198128e+01 2.461655882302443872e-03 2.461138514147940669e-03
-1.201001001001001001e+01 2.428447649744562651e-03 2.427939586045977857e-03
-1.203803803803803874e+01 2.395747637108807705e-03 2.395248682593094890e-03
-1.206606606606606746e+01 2.363546731463795139e-03 2.363056695543372561e-03
-1.209409409409409264e+01 2.331836010565036151e-03 2.331354707213652115e-03
-1.212212212212212137e+01 2.300606738290893877e-03 2.300133985922878273e-03
-1.215015015015015010e+01 2.269850360199407967e-03 2.269385981552181179e-03
-1.217817817817817883e+01 2.239558499202509625e-03 2.239102321222385256e-03
-1.220620620620620755e+01 2.209722951354437838e-03 2.209274805085941710e-03
-1.223423423423423273e+01 2.180335681751193952e-03 2.179895402229163441e-03
-1.226226226226226146e+01 2.151388820537961100e-03 2.150956246682516736e-03
-1.229029029029029019e+01 2.122874659021406311e-03 2.122449633535963484e-03
-1.231831831831831892e+01 2.094785645884094088e-03 2.094368015156220127e-03
-1.234634634634634764e+01 2.067114383498115313e-03 2.066703997503168203e-03
-1.237437437437437282e+01 2.039853624335140336e-03 2.039450336542601890e-03
-1.240240240240240155e+01 2.012996267470206109e-03 2.012599934752621559e-03
-1.243043043043043028e+01 1.986535355176603183e-03 1.986145837721091205e-03
-1.245845845845845901e+01 1.960464069609326419e-03 1.960081230831547689e-03
-1.248648648648648773e+01 1.934775729574606581e-03 1.934399436035152053e-03
-1.251451451451451291e+01 1.909463787383107415e-03 1.909093908706220241e-03
-1.254254254254254164e+01 1.884521825784463925e-03 1.884158234579021715e-03
-1.257057057057057037e+01 1.859943554980935526e-03 1.859586126763595592e-03
-1.259859859859859910e+01 1.835722809717873615e-03 1.835371422838329375e-03
-1.262662662662662783e+01 1.811853546448837556e-03 1.811508082017510490e-03
-1.265465465465465300e+01 1.788329840573320978e-03 1.787990182390910687e-03
-1.268268268268268173e+01 1.765145883745054866e-03 1.764811918233841854e-03
-1.271071071071071046e+01 1.742295981248854998e-03 1.741967597386013134e-03
-1.273873873873873919e+01 1.719774549444209183e-03 1.719451638696997513e-03
-1.276676676676676792e+01 1.697576113273751176e-03 1.697258569536511802e-03
-1.279479479479479309e+01 1.675695303834776832e-03 1.675383023367682913e-03
-1.282282282282282182e+01 1.654126856012058016e-03 1.653819737381550517e-03
-1.285085085085085055e+01 1.632865606170251201e-03 1.632563550191140330e-03
-1.287887887887887928e+01 1.611906489904249519e-03 1.611609399583404517e-03
-1.290690690690690801e+01 1.591244539845884046e-03 1.590952320327476861e-03
-1.293493493493493318e+01 1.570874883525410267e-03 1.570587442037675585e-03
-1.296296296296296191e+01 1.550792741286283281e-03 1.550509987089722722e-03
-1.299099099099099064e+01 1.530993424251791924e-03 1.530715268588773385e-03
-1.301901901901901937e+01 1.511472332342092247e-03 1.511198688387767634e-03
-1.304704704704704810e+01 1.492224952340198999e-03 1.491955735155020297e-03
-1.307507507507507327e+01 1.473246856005647329e-03 1.472981982489178065e-03
-1.310310310310310200e+01 1.454533698234526228e-03 1.454273087080256051e-03
-1.313113113113113073e+01 1.436081215264573387e-03 1.435824786916014163e-03
-1.315915915915915946e+01 1.417885222924149431e-03 1.417632899532163433e-03
-1.318718718718718819e+01 1.399941614923964862e-03 1.399693320305254356e-03
-1.321521521521521336e+01 1.382246361190338224e-03 1.382002020787059804e-03
-1.324324324324324209e+01 1.364795506238877017e-03 1.364555047079333422e-03
-1.327127127127127082e+01 1.347585167587481971e-03 1.347348518247880756e-03
-1.329929929929929955e+01 1.330611534207622789e-03 1.330378624774856099e-03
-1.332732732732732828e+01 1.313870865012855800e-03 1.313641627048279994e-03
-1.335535535535535345e+01 1.297359487383588448e-03 1.297133853887763458e-03
-1.338338338338338218e+01 1.281073795727125444e-03 1.280851701105497828e-03
-1.341141141141141091e+01 1.265010250072078068e-03 1.264791630101545512e-03
-1.343943943943943964e+01 1.249165374696233023e-03 1.248950166492540214e-03
-1.346746746746746837e+01 1.233535756786901388e-03 1.233323898773043548e-03
-1.349549549549549354e+01 1.218118045132943628e-03 1.217909477008538664e-03
-1.352352352352352227e+01 1.202908948847637542e-03 1.202703611558839005e-03
-1.355155155155155100e+01 1.187905236121548913e-03 1.187703071831755844e-03
-1.357957957957957973e+01 1.173103733004620102e-03 1.172904685066010651e-03
-1.360760760760760846e+01 1.158501322216788339e-03 1.158305335142601486e-03
-1.363563563563563363e+01 1.144094941986349614e-03 1.143901961423893741e-03
-1.366366366366366236e+01 1.129881584915328960e-03 1.129691557619680407e-03
-1.369169169169169109e+01 1.115858296871164324e-03 1.115671170679561133e-03
-1.371971971971971982e+01 1.102022175904014039e-03 1.101837899710908248e-03
-1.374774774774774855e+01 1.088370371189035417e-03 1.088188894921777875e-03
-1.377577577577577728e+01 1.074900081992977889e-03 1.074721356588141663e-03
-1.380380380380380245e+01 1.061608556664475926e-03 1.061432534044788167e-03
-1.383183183183183118e+01 1.048493091647447178e-03 1.048319724699274145e-03
-1.385985985985985991e+01 1.035551030517023810e-03 1.035380273068398430e-03
-1.388788788788788864e+01 1.022779763037359128e-03 1.022611569836633701e-03
-1.391591591591591737e+01 1.010176724240792120e-03 1.010011050936024824e-03
-1.394394394394394254e+01 9.977393935278317232e-04 9.975761966464647551e-04
-1.397197197197197127e+01 9.915213494506311745e-04 9.853045307164393259e-04
-1.400000000000000000e+01 9.853581156221665523e-04 9.731936195035957929e-04
