1.400000000000000000e+01 3.595420134839583831e-04 4.441386795878861913e-04
1.397197197197197127e+01 3.630877766826372060e-04 4.485078976994787245e-04
1.394394394394394432e+01 3.666772819564639136e-04 4.529300969160680412e-04
1.391591591591591559e+01 3.703112563271024598e-04 4.574061333105073723e-04
1.388788788788788864e+01 3.739904415917901957e-04 4.619368797518066450e-04
1.385985985985985991e+01 3.777155946791620721e-04 4.665232262933232646e-04
1.383183183183183118e+01 3.814874880151495197e-04 4.711660805717604941e-04
1.380380380380380423e+01 3.853069098995435962e-04 4.758663682170092657e-04
1.377577577577577550e+01 3.891746648925855940e-04 4.806250332726682444e-04
1.374774774774774855e+01 3.930915742125920607e-04 4.854430386279100142e-04
1.371971971971971982e+01 3.970584761450720386e-04 4.903213664616836408e-04
1.369169169169169109e+01 4.010762264639848736e-04 4.952610186987276659e-04
1.366366366366366414e+01 4.051456988646026745e-04 5.002630174784781147e-04
1.363563563563563541e+01 4.092677854091737299e-04 5.053284056367951874e-04
1.360760760760760846e+01 4.134433969855199698e-04 5.104582472010860822e-04
1.357957957957957973e+01 4.176734637788538326e-04 5.156536278992275438e-04
1.355155155155155100e+01 4.219589357576345205e-04 5.209156556828404292e-04
1.352352352352352405e+01 4.263007831736013910e-04 5.262454612651624054e-04
1.349549549549549532e+01 4.306999970764373558e-04 5.316441986739848776e-04
1.346746746746746837e+01 4.351575898438653548e-04 5.371130458207961375e-04
1.343943943943943964e+01 4.396745957274106852e-04 5.426532050851898617e-04
1.341141141141141091e+01 4.442520714145837884e-04 5.482659039168463581e-04
1.338338338338338396e+01 4.488910966084302219e-04 5.539523954548647346e-04
1.335535535535535523e+01 4.535927746236681642e-04 5.597139591642510481e-04
1.332732732732732828e+01 4.583582330008562035e-04 5.655519014904327249e-04
1.329929929929929955e+01 4.631886241394156173e-04 5.714675565335442745e-04
1.327127127127127082e+01 4.680851259503661052e-04 5.774622867421568689e-04
1.324324324324324387e+01 4.730489425283005800e-04 5.835374836270129694e-04
1.321521521521521514e+01 4.780813048447303971e-04 5.896945684959831267e-04
1.318718718718718641e+01 4.831834714626739532e-04 5.959349932107102944e-04
1.315915915915915946e+01 4.883567292731483917e-04 6.022602409655622522e-04
1.313113113113113073e+01 4.936023942549893273e-04 6.086718270897527793e-04
1.310310310310310378e+01 4.989218122583053642e-04 6.151712998733906276e-04
1.307507507507507505e+01 5.043163598124191047e-04 6.217602414182845164e-04
1.304704704704704632e+01 5.097874449594925811e-04 6.284402685143455989e-04
1.301901901901901937e+01 5.153365081147005160e-04 6.352130335425786858e-04
1.299099099099099064e+01 5.209650229536081679e-04 6.420802254053831117e-04
1.296296296296296369e+01 5.266744973287133466e-04 6.490435704859156413e-04
1.293493493493493496e+01 5.324664742149591784e-04 6.561048336363026938e-04
1.290690690690690623e+01 5.383425326847387973e-04 6.632658191951502046e-04
1.287887887887887928e+01 5.443042889155425435e-04 6.705283720378880062e-04
1.285085085085085055e+01 5.503533972306375510e-04 6.778943786590447239e-04
1.282282282282282360e+01 5.564915511727664939e-04 6.853657682883077104e-04
1.279479479479479487e+01 5.627204846144926928e-04 6.929445140418761476e-04
1.276676676676676614e+01 5.690419729047289498e-04 7.006326341098107445e-04
1.273873873873873919e+01 5.754578340530513720e-04 7.084321929808070576e-04
1.271071071071071046e+01 5.819699299538546970e-04 7.163453027059163902e-04
1.268268268268268173e+01 5.885801676515982307e-04 7.243741242026017222e-04
1.265465465465465478e+01 5.952905006486692782e-04 7.325208686005056083e-04
1.262662662662662605e+01 6.021029302570655821e-04 7.407877986304476020e-04
1.259859859859859910e+01 6.090195069970137393e-04 7.491772300585382597e-04
1.257057057057057037e+01 6.160423320423550047e-04 7.576915331665639653e-04
1.254254254254254164e+01 6.231735587170274824e-04 7.663331342815198326e-04
1.251451451451451469e+01 6.304153940429077334e-04 7.751045173552705871e-04
1.248648648648648596e+01 6.377701003395626822e-04 7.840082255944846000e-04
1.245845845845845901e+01 6.452399968808520975e-04 7.930468631455622362e-04
1.243043043043043028e+01 6.528274616098435866e-04 8.022230968357786738e-04
1.240240240240240155e+01 6.605349329136397333e-04 8.115396579721542020e-04
1.237437437437437460e+01 6.683649114617940196e-04 8.209993442015962525e-04
1.234634634634634587e+01 6.763199621094014664e-04 8.306050214329838534e-04
1.231831831831831892e+01 6.844027158688558094e-04 8.403596258249245929e-04
1.229029029029029019e+01 6.926158719524767426e-04 8.502661658414559318e-04
1.226226226226226146e+01 7.009621998881526489e-04 8.603277243774580052e-04
1.223423423423423451e+01 7.094445417128834733e-04 8.705474609579965436e-04
1.220620620620620578e+01 7.180658142463436800e-04 8.809286140136848462e-04
1.217817817817817883e+01 7.268290114471061920e-04 8.914745032348590130e-04
1.215015015015015010e+01 7.357372068564360396e-04 9.021885320083772959e-04
1.212212212212212137e+01 7.447935561341049093e-04 9.130741899407545780e-04
1.209409409409409442e+01 7.540012996882287889e-04 9.241350554712279538e-04
1.206606606606606569e+01 7.633637654021593801e-04 9.353747985745619392e-04
1.203803803803803874e+01 7.728843714645694399e-04 9.467971835620145283e-04
1.201001001001001001e+01 7.825666293073515111e-04 9.584060719827199948e-04
1.198198198198198128e+01 7.924141466564214560e-04 9.702054256306183412e-04
1.195395395395395433e+01 8.024306306986213940e-04 9.821993096595046414e-04
1.192592592592592560e+01 8.126198913710019596e-04 9.943918958126396306e-04
1.189789789789789864e+01 8.229858447785235375e-04 1.006787465770748232e-03
1.186986986986986992e+01 8.335325167443531462e-04 1.019390414623261515e-03
1.184184184184184119e+01 8.442640464995550265e-04 1.032205254468821030e-03
1.181381381381381424e+01 8.551846905190927956e-04 1.045236618150037185e-03
1.178578578578578551e+01 8.662988265094589014e-04 1.058489263128541222e-03
1.175775775775775855e+01 8.776109575560830586e-04 1.071968075506112179e-03
1.172972972972972983e+01 8.891257164374735244e-04 1.085678074198887346e-03
1.170170170170170110e+01 9.008478701134529443e-04 1.099624415271157740e-03
1.167367367367367414e+01 9.127823243996881046e-04 1.113812396437963885e-03
1.164564564564564542e+01 9.249341288272433384e-04 1.128247461737321962e-03
1.161761761761761846e+01 9.373084817043365533e-04 1.142935206385103757e-03
1.158958958958958974e+01 9.499107353880461299e-04 1.157881381820661387e-03
1.156156156156156101e+01 9.627464017755570525e-04 1.173091900950622721e-03
1.153353353353353405e+01 9.758211580265851786e-04 1.188572843600988914e-03
1.150550550550550533e+01 9.891408525265811286e-04 1.204330462185834076e-03
1.147747747747747837e+01 1.002711511103308861e-03 1.220371187603300125e-03
1.144944944944944965e+01 1.016539343509363213e-03 1.236701635369506346e-03
1.142142142142142092e+01 1.030630750183259741e-03 1.253328612001181237e-03
1.139339339339339396e+01 1.044992329303342637e-03 1.270259121659058623e-03
1.136536536536536524e+01 1.059630884149071221e-03 1.287500373064107617e-03
1.133733733733733828e+01 1.074553430785253616e-03 1.305059786699960507e-03
1.130930930930930955e+01 1.089767206085395660e-03 1.322945002315072463e-03
1.128128128128128083e+01 1.105279676112317635e-03 1.341163886739413485e-03
1.125325325325325387e+01 1.121098544876912529e-03 1.359724542033957304e-03
1.122522522522522515e+01 1.137231763487272151e-03 1.378635313981983876e-03
1.119719719719719819e+01 1.153687539710251779e-03 1.397904800941239924e-03
1.116916916916916946e+01 1.170474347972690283e-03 1.417541863079586776e-03
1.114114114114114074e+01 1.187600939822929360e-03 1.437555632010710993e-03
1.111311311311311378e+01 1.205076354876444223e-03 1.457955520849762120e-03
1.108508508508508505e+01 1.222909932271772256e-03 1.478751234710261797e-03
1.105705705705705810e+01 1.241111322664525344e-03 1.499952781664910242e-03
1.102902902902902937e+01 1.259690500789341144e-03 1.521570484195043519e-03
1.100100100100100065e+01 1.278657778619463710e-03 1.543614991152392375e-03
1.097297297297297192e+01 1.298023819157817895e-03 1.566097290260574492e-03
1.094494494494494496e+01 1.317799650895662162e-03 1.589028721185986722e-03
1.091691691691691801e+01 1.337996682974180399e-03 1.612420989205830138e-03
1.088888888888888928e+01 1.358626721090764071e-03 1.636286179507099323e-03
1.086086086086086056e+01 1.379701984190812502e-03 1.660636772149555072e-03
1.083283283283283183e+01 1.401235121996303491e-03 1.685485657732756302e-03
1.080480480480480487e+01 1.423239233410752286e-03 1.710846153799061619e-03
1.077677677677677615e+01 1.445727885846300994e-03 1.736732022008435168e-03
1.074874874874874919e+01 1.468715135541855295e-03 1.763157486139933653e-03
1.072072072072072046e+01 1.492215548924904307e-03 1.790137250960425639e-03
1.069269269269269174e+01 1.516244225078179761e-03 1.817686522009918145e-03
1.066466466466466478e+01 1.540816819379070644e-03 1.845821026354060737e-03
1.063663663663663606e+01 1.565949568381429235e-03 1.874557034360144940e-03
1.060860860860860910e+01 1.591659316016334671e-03 1.903911382554738206e-03
1.058058058058058037e+01 1.617963541192794612e-03 1.933901497625032349e-03
1.055255255255255165e+01 1.644880386884960957e-03 1.964545421631211548e-03
1.052452452452452469e+01 1.672428690799277915e-03 1.995861838500556564e-03
1.049649649649649596e+01 1.700628017720415448e-03 2.027870101878924327e-03
1.046846846846846901e+01 1.729498693643734134e-03 2.060590264420181662e-03
1.044044044044044028e+01 1.759061841807224970e-03 2.094043108600265792e-03
1.041241241241241156e+01 1.789339420753643115e-03 2.128250179152938945e-03
1.038438438438438460e+01 1.820354264547463952e-03 2.163233817220638466e-03
1.035635635635635587e+01 1.852130125272767863e-03 2.199017196312832469e-03
1.032832832832832892e+01 1.884691717986011544e-03 2.235624360202447588e-03
1.030030030030030019e+01 1.918064768282429135e-03 2.273080262876044956e-03
1.027227227227227146e+01 1.952276062649963744e-03 2.311410810665493788e-03
1.024424424424424451e+01 1.987353501798839323e-03 2.350642906697344384e-03
1.021621621621621578e+01 2.023326157171761487e-03 2.390804497808788395e-03
1.018818818818818883e+01 2.060224330853123367e-03 2.431924624086851880e-03
1.016016016016016010e+01 2.098079619113795910e-03 2.474033471199892521e-03
1.013213213213213137e+01 2.136924979846504397e-03 2.517162425702931978e-03
1.010410410410410442e+01 2.176794804166362531e-03 2.561344133510161814e-03
1.007607607607607569e+01 2.217724992473798368e-03 2.606612561743189196e-03
1.004804804804804874e+01 2.259753035298934544e-03 2.653003064177446475e-03
1.002002002002002001e+01 2.302918099275783059e-03 2.700552450526419283e-03
9.991991991991991284e+00 2.347261118623946829e-03 2.749299059824862699e-03
9.963963963963964332e+00 2.392824892549257152e-03 2.799282838190162836e-03
9.935935935935935603e+00 2.439654188956969730e-03 2.850545421224089798e-03
9.907907907907908651e+00 2.487795854990480435e-03 2.903130221402633066e-03
9.879879879879879923e+00 2.537298934904778491e-03 2.957082520790683348e-03
9.851851851851851194e+00 2.588214795821336053e-03 3.012449569441885515e-03
9.823823823823824242e+00 2.640597261968307460e-03 3.069280689873642772e-03
9.795795795795795513e+00 2.694502758051020921e-03 3.127627388036256350e-03
9.767767767767768561e+00 2.749990462458608634e-03 3.187543471224802381e-03
9.739739739739739832e+00 2.807122471068762993e-03 3.249085173412965058e-03
9.711711711711711104e+00 2.865963972473802458e-03 3.312311288522953433e-03
9.683683683683684151e+00 2.926583435521792637e-03 3.377283312180890968e-03
9.655655655655655423e+00 2.989052810138102725e-03 3.444065592542463507e-03
9.627627627627628470e+00 3.053447742473685764e-03 3.512725490814507922e-03
9.599599599599599742e+00 3.119847805507067976e-03 3.583333552139031288e-03
9.571571571571571013e+00 3.188336746328957350e-03 3.655963687546909518e-03
9.543543543543542285e+00 3.259002751444453963e-03 3.730693367751334363e-03
9.515515515515515332e+00 3.331938731439634122e-03 3.807603829512494834e-03
9.487487487487488380e+00 3.407242626581643338e-03 3.886780295447131005e-03
9.459459459459459651e+00 3.485017735005961018e-03 3.968312208163181885e-03
9.431431431431430923e+00 3.565373065227923043e-03 4.052293479624674392e-03
9.403403403403402194e+00 3.648423714850735061e-03 4.138822756692232645e-03
9.375375375375375242e+00 3.734291277455578303e-03 4.228003703809589744e-03
9.347347347347348290e+00 3.823104279776551664e-03 4.319945303830246067e-03
9.319319319319319561e+00 3.914998651371597548e-03 4.414762177980775977e-03
9.291291291291290833e+00 4.010118229095802241e-03 4.512574925945662258e-03
9.263263263263262104e+00 4.108615298757252801e-03 4.613510487027872378e-03
9.235235235235235152e+00 4.210651176383743699e-03 4.717702523277228673e-03
9.207207207207208199e+00 4.316396831538976686e-03 4.825291825381378477e-03
9.179179179179179471e+00 4.426033555069002270e-03 4.936426741967462999e-03
9.151151151151150742e+00 4.539753673538315937e-03 5.051263632765125300e-03
9.123123123123122014e+00 4.657761312432208423e-03 5.169967345830879697e-03
9.095095095095095061e+00 4.780273209676797440e-03 5.292711718559734574e-03
9.067067067067068109e+00 4.907519580607494318e-03 5.419680101810609059e-03
9.039039039039039380e+00 5.039745034801907872e-03 5.551065905881279704e-03
9.011011011011010652e+00 5.177209544010206131e-03 5.687073166192408748e-03
8.982982982982981923e+00 5.320189458997227720e-03 5.827917125543881013e-03
8.954954954954954971e+00 5.468978571193017571e-03 5.973824828538744532e-03
8.926926926926928019e+00 5.623889212513570081e-03 6.125035722176984908e-03
8.898898898898899290e+00 5.785253383437340656e-03 6.281802254663177223e-03
8.870870870870870561e+00 5.953423895216168778e-03 6.444390462065792240e-03
8.842842842842841833e+00 6.128775506751198664e-03 6.613080529537178343e-03
8.814814814814814881e+00 6.311706029950575267e-03 6.788167310273701162e-03
8.786786786786787928e+00 6.502637369020651190e-03 6.969960781174421895e-03
8.758758758758759200e+00 6.702016448847662039e-03 7.158786409162207903e-03
8.730730730730730471e+00 6.910315975142022026e-03 7.354985396293238324e-03
8.702702702702701743e+00 7.128034954116548895e-03 7.558914765104342640e-03
8.674674674674674790e+00 7.355698881739379351e-03 7.770947237922344424e-03
8.646646646646647838e+00 7.593859492418452047e-03 7.991470855461483419e-03
8.618618618618619109e+00 7.843093934785971486e-03 8.220888271162362509e-03
8.590590590590590381e+00 8.104003217915959831e-03 8.459615648241490191e-03
8.562562562562561652e+00 8.377209747180066127e-03 8.708081077418921429e-03
8.534534534534534700e+00 8.663353746955084964e-03 8.966722425371498328e-03
8.506506506506507748e+00 8.963088351214077917e-03 9.235984518393228551e-03
8.478478478478479019e+00 9.277073137801305353e-03 9.516315564107128214e-03
8.450450450450450290e+00 9.605965894765417304e-03 9.808162718502105512e-03
8.422422422422421562e+00 9.950412446135066882e-03 1.011196671858759916e-02
8.394394394394394610e+00 1.031103443972988462e-02 1.042815552543382290e-02
8.366366366366367657e+00 1.068841512075724420e-02 1.075713696127428634e-02
8.338338338338338929e+00 1.108308328947561761e-02 1.109929038022945853e-02
8.310310310310310200e+00 1.149549587050342075e-02 1.145495748654353982e-02
8.282282282282281471e+00 1.192601979624875567e-02 1.182443250638054617e-02
8.254254254254254519e+00 1.237491420211537033e-02 1.220795202524082787e-02
8.226226226226227567e+00 1.284231420172621090e-02 1.260568491467417042e-02
8.198198198198198838e+00 1.332821769273034342e-02 1.301772287618187252e-02
8.170170170170170110e+00 1.383247665976777840e-02 1.344407220776874627e-02
8.142142142142141381e+00 1.435479422170396133e-02 1.388464742852881482e-02
8.114114114114114429e+00 1.489472817789643314e-02 1.433926735754613782e-02
8.086086086086085700e+00 1.545170107103096407e-02 1.480765412028424086e-02
8.058058058058058748e+00 1.602501591689075439e-02 1.528943534681175345e-02
8.030030030030030019e+00 1.661387595155826985e-02 1.578414954919934998e-02
8.002002002002001291e+00 1.721740625025931781e-02 1.629125435962654189e-02
7.973973973973974338e+00 1.783467507394648557e-02 1.681013703327630462e-02
7.945945945945945610e+00 1.846471336067370683e-02 1.734012643376862256e-02
7.917917917917917769e+00 1.910653176536228348e-02 1.788050567394104326e-02
7.889889889889889929e+00 1.975913574751316307e-02 1.843052469918642425e-02
7.861861861861862089e+00 2.042154001114526371e-02 1.898941234737776609e-02
7.833833833833834248e+00 2.109278378407951002e-02 1.955638772780099455e-02
7.805805805805805520e+00 2.177194786961547668e-02 2.013067103501848046e-02
7.777777777777777679e+00 2.245817327836653263e-02 2.071149405991369596e-02
7.749749749749749839e+00 2.315067995178907503e-02 2.129811062581526276e-02
7.721721721721721998e+00 2.384878310569293891e-02 2.188980696851858601e-02
7.693693693693694158e+00 2.455190443438884373e-02 2.248591176293048000e-02
7.665665665665665429e+00 2.525957596045432310e-02 2.308580518445103869e-02
7.637637637637637589e+00 2.597143553602074273e-02 2.368892619334136626e-02
7.609609609609609748e+00 2.668721452116669043e-02 2.429477722485467311e-02
7.581581581581581908e+00 2.740671953126720684e-02 2.490292567673490359e-02
7.553553553553553179e+00 2.812981099388192630e-02 2.551300196371777615e-02
7.525525525525525339e+00 2.885638142302367898e-02 2.612469436234786738e-02
7.497497497497497498e+00 2.958633586449979300e-02 2.673774128811655035e-02
7.469469469469469658e+00 3.031957611575836556e-02 2.735192193677225131e-02
7.441441441441441818e+00 3.105598936390887438e-02 2.796704633063359924e-02
7.413413413413413089e+00 3.179544106051389318e-02 2.858294573756440041e-02
7.385385385385385248e+00 3.253777130517616217e-02 2.919946421843716208e-02
7.357357357357357408e+00 3.328279376122780797e-02 2.981645177127080840e-02
7.329329329329329568e+00 3.403029612252534558e-02 3.043375924839929539e-02
7.301301301301301727e+00 3.478004129290838964e-02 3.105123497925221798e-02
7.273273273273272999e+00 3.553176863639750244e-02 3.166872286301544714e-02
7.245245245245245158e+00 3.628519484552386598e-02 3.228606160772280742e-02
7.217217217217217318e+00 3.704001412766574908e-02 3.290308477190007075e-02
7.189189189189189477e+00 3.779589752060499852e-02 3.351962129032279303e-02
7.161161161161161637e+00 3.855249122769904141e-02 3.413549621505459347e-02
7.133133133133132908e+00 3.930941392355040420e-02 3.475053145975904451e-02
7.105105105105105068e+00 4.006625303571505897e-02 3.536454638896190800e-02
7.077077077077077227e+00 4.082256006642297902e-02 3.597735813985909747e-02
7.049049049049049387e+00 4.157784508546059909e-02 3.658878160190820461e-02
7.021021021021020658e+00 4.233157060040409342e-02 3.719862901062540028e-02
6.992992992992992818e+00 4.308314508454137021e-02 3.780670913854393411e-02
6.964964964964964977e+00 4.383191651069157091e-02 3.841282609392219355e-02
6.936936936936937137e+00 4.457716627536872922e-02 3.901677776211221610e-02
6.908908908908909297e+00 4.531810389754635515e-02 3.961835394868394589e-02
6.880880880880880568e+00 4.605386284355950793e-02 4.021733430988949642e-02
6.852852852852852727e+00 4.678349775788237519e-02 4.081348617676880397e-02
6.824824824824824887e+00 4.750598328682600902e-02 4.140656239410588774e-02
6.796796796796797047e+00 4.822021458383909942e-02 4.199629930116659249e-02
6.768768768768769206e+00 4.892500949737996901e-02 4.258241497593649727e-02
6.740740740740740478e+00 4.961911237727947843e-02 4.316460784822588603e-02
6.712712712712712637e+00 5.030119939919949074e-02 4.374255576116767297e-02
6.684684684684684797e+00 5.096988529867998302e-02 4.431591552858826777e-02
6.656656656656656956e+00 5.162373142026375344e-02 4.488432300161272065e-02
6.628628628628629116e+00 5.226125501406861384e-02 4.544739362599819338e-02
6.600600600600600387e+00 5.288093974145223475e-02 4.600472344572237998e-02
6.572572572572572547e+00 5.348124737208783536e-02 4.655589048981227662e-02
6.544544544544544706e+00 5.406063066702943704e-02 4.710045647292986776e-02
6.516516516516516866e+00 5.461754743345784840e-02 4.763796874122595143e-02
6.488488488488488137e+00 5.515047569827254831e-02 4.816796239782909772e-02
6.460460460460460297e+00 5.565792991006723173e-02 4.868996255876930496e-02
6.432432432432432456e+00 5.613847801849553010e-02 4.920348670421895165e-02
6.404404404404404616e+00 5.659075921362591993e-02 4.970804710456836611e-02
6.376376376376376776e+00 5.701350204074649708e-02 5.020315331363268962e-02
6.348348348348348047e+00 5.740554254394854977e-02 5.068831473061353315e-02
6.320320320320320207e+00 5.776584204032697567e-02 5.116304323750367478e-02
6.292292292292292366e+00 5.809350409038654267e-02 5.162685591936404944e-02
6.264264264264264526e+00 5.838779021239859368e-02 5.207927787165159833e-02
6.236236236236236685e+00 5.864813389101655727e-02 5.251984509224041919e-02
6.208208208208207957e+00 5.887415245406178721e-02 5.294810744701235194e-02
6.180180180180180116e+00 5.906565643526858617e-02 5.336363168798229084e-02
6.152152152152152276e+00 5.922265610345756048e-02 5.376600449260749565e-02
6.124124124124124435e+00 5.934536491764979410e-02 5.415483548440409162e-02
6.096096096096096595e+00 5.943419975308331799e-02 5.452976018840966638e-02
6.068068068068067866e+00 5.948977784329448348e-02 5.489044286585367111e-02
6.040040040040040026e+00 5.951291048472485273e-02 5.523657917254049671e-02
6.012012012012012185e+00 5.950459364798224571e-02 5.556789858466590348e-02
5.983983983983984345e+00 5.946599573204454370e-02 5.588416653785274052e-02
5.955955955955955616e+00 5.939844277920580673e-02 5.618518622985033822e-02
5.927927927927928664e+00 5.930340153587614765e-02 5.647080004406252601e-02
5.899899899899899935e+00 5.918246079499562412e-02 5.674089055958242422e-02
5.871871871871871207e+00 5.903731148807267459e-02 5.699538112323074973e-02
5.843843843843844255e+00 5.886972600822895640e-02 5.723423596984461570e-02
5.815815815815815526e+00 5.868153724072867894e-02 5.745745988837666629e-02
5.787787787787788574e+00 5.847461775572439929e-02 5.766509744273838611e-02
5.759759759759759845e+00 5.825085958173834011e-02 5.785723176745364432e-02
5.731731731731731116e+00 5.801215493215031160e-02 5.803398296915035504e-02
5.703703703703704164e+00 5.776037820426067892e-02 5.819550617580334512e-02
5.675675675675675436e+00 5.749736948222811117e-02 5.834198927592027656e-02
5.647647647647648483e+00 5.722491974872537940e-02 5.847365040610746911e-02
5.619619619619619755e+00 5.694475793402713898e-02 5.859073524779242342e-02
5.591591591591591026e+00 5.665853986681883281e-02 5.869351419523847341e-02
5.563563563563564074e+00 5.636783914035194132e-02 5.878227945891441319e-02
5.535535535535535345e+00 5.607413986035685027e-02 5.885734216744749336e-02
5.507507507507508393e+00 5.577883120137394624e-02 5.891902952867838356e-02
5.479479479479479664e+00 5.548320366633217871e-02 5.896768210588267806e-02
5.451451451451450936e+00 5.518844692011851127e-02 5.900365125922680393e-02
5.423423423423423984e+00 5.489564905125565719e-02 5.902729679527050216e-02
5.395395395395395255e+00 5.460579710586240670e-02 5.903898485907984467e-02
5.367367367367368303e+00 5.431977873394787382e-02 5.903908609461459844e-02
5.339339339339339574e+00 5.403838478908661036e-02 5.902797408986443228e-02
5.311311311311310845e+00 5.376231272777903802e-02 5.900602411436653427e-02
5.283283283283283893e+00 5.349217066538225485e-02 5.897361215058613548e-02
5.255255255255255165e+00 5.322848194011927520e-02 5.893111420032097481e-02
5.227227227227226436e+00 5.297169007030792798e-02 5.887890585347042849e-02
5.199199199199199484e+00 5.272216399704643397e-02 5.881736209972804330e-02
5.171171171171170755e+00 5.248020350912648707e-02 5.874685735210654486e-02
5.143143143143143803e+00 5.224604476341059012e-02 5.866776565001581567e-02
5.115115115115115074e+00 5.201986582600395120e-02 5.858046100712609172e-02
5.087087087087086346e+00 5.180179217081040677e-02 5.848531786811466543e-02
5.059059059059059393e+00 5.159190208233619540e-02 5.838271163838175404e-02
5.031031031031030665e+00 5.139023191900483206e-02 5.827301925196560345e-02
5.003003003003003712e+00 5.119678120158448198e-02 5.815661974502928794e-02
4.974974974974974984e+00 5.101151749863869905e-02 5.803389480518945237e-02
4.946946946946946255e+00 5.083438108732309807e-02 5.790522927053136371e-02
4.918918918918919303e+00 5.066528937331341714e-02 5.777101155619232542e-02
4.890890890890890574e+00 5.050414105825064975e-02 5.763163399075504900e-02
4.862862862862863622e+00 5.035082004323843119e-02 5.748749305007125332e-02
4.834834834834834894e+00 5.020519907003467147e-02 5.733898947669095747e-02
4.806806806806806165e+00 5.006714310303460314e-02 5.718652828081534356e-02
4.778778778778779213e+00 4.993651244386413529e-02 5.703051862487094198e-02
4.750750750750750484e+00 4.981316558394417726e-02 5.687137359273457260e-02
4.722722722722723532e+00 4.969696179961964611e-02 5.670950984939070183e-02
4.694694694694694803e+00 4.958776349560178182e-02 5.654534719951161831e-02
4.666666666666666075e+00 4.948543830361012974e-02 5.637930805561450209e-02
4.638638638638639122e+00 4.938986094406937893e-02 5.621181682806417057e-02
4.610610610610610394e+00 4.930091485952252384e-02 5.604329925033078863e-02
4.582582582582583441e+00 4.921849362912517761e-02 5.587418165356449612e-02
4.554554554554554713e+00 4.914250217417757277e-02 5.570489020477267100e-02
4.526526526526525984e+00 4.907285776514703352e-02 5.553585012273811600e-02
4.498498498498499032e+00 4.900949084105336861e-02 5.536748488528987766e-02
4.470470470470470303e+00 4.895234565236718932e-02 5.520021544078910353e-02
4.442442442442443351e+00 4.890138073567243393e-02 5.503445943533760015e-02
4.414414414414414622e+00 4.885656923578506755e-02 5.487063046634819974e-02
4.386386386386385894e+00 4.881789909573132358e-02 5.470913737306123958e-02
4.358358358358358942e+00 4.878537311087993017e-02 5.455038357094478541e-02
4.330330330330330213e+00 4.875900886377847188e-02 5.439476643662661398e-02
4.302302302302303261e+00 4.873883855204914212e-02 5.424267674859147709e-02
4.274274274274274532e+00 4.872490872066261025e-02 5.409449818747488758e-02
4.246246246246245803e+00 4.871727990955675852e-02 5.395060689847267638e-02
4.218218218218218851e+00 4.871602622724655052e-02 5.381137111719602739e-02
4.190190190190190123e+00 4.872123486059744268e-02 5.367715085918652040e-02
4.162162162162161394e+00 4.873300553043147243e-02 5.354829767230320087e-02
4.134134134134134442e+00 4.875144990211636303e-02 5.342515445032181703e-02
4.106106106106105713e+00 4.877669095964554113e-02 5.330805530531932540e-02
4.078078078078078761e+00 4.880886235110643012e-02 5.319732549577754072e-02
4.050050050050050032e+00 4.884810771275443358e-02 5.309328140680866226e-02
4.022022022022021304e+00 4.889457997771264747e-02 5.299623057781081142e-02
3.993993993993994351e+00 4.894844067541367916e-02 5.290647177241859095e-02
3.965965965965965623e+00 4.900985923046501103e-02 5.282429509130476958e-02
3.937937937937938671e+00 4.907901226003658079e-02 5.274998211864188186e-02
3.909909909909909942e+00 4.915608287513163061e-02 5.268380609790854902e-02
3.881881881881881213e+00 4.924125998957483430e-02 5.262603213285111520e-02
3.853853853853854261e+00 4.933473763931961464e-02 5.257691740895373972e-02
3.825825825825825532e+00 4.943671431413653589e-02 5.253671143089007345e-02
3.797797797797798580e+00 4.954739230318148252e-02 5.250565627159650695e-02
3.769769769769769852e+00 4.966697705549930758e-02 5.248398682879817229e-02
3.741741741741741123e+00 4.979567655606630810e-02 5.247193108504914771e-02
3.713713713713714171e+00 4.993370071758963108e-02 5.246971036759537355e-02
3.685685685685685442e+00 5.008126078798199460e-02 5.247753960462769179e-02
3.657657657657658490e+00 5.023856877310037966e-02 5.249562757478411223e-02
3.629629629629629761e+00 5.040583687415994829e-02 5.252417714703479235e-02
3.601601601601601033e+00 5.058327693906684158e-02 5.256338550779154906e-02
3.573573573573574080e+00 5.077109992707212055e-02 5.261344437051965889e-02
3.545545545545545352e+00 5.096951538479375238e-02 5.267454017473970074e-02
3.517517517517518399e+00 5.117873093290216391e-02 5.274685426663406479e-02
3.489489489489489671e+00 5.139895176264901167e-02 5.283056305840364009e-02
3.461461461461460942e+00 5.163038014099764067e-02 5.292583816696192628e-02
3.433433433433433990e+00 5.187321492325541045e-02 5.303284653109552327e-02
3.405405405405405261e+00 5.212765107213534338e-02 5.315175050650190053e-02
3.377377377377378309e+00 5.239387918220184820e-02 5.328270793834316565e-02
3.349349349349349581e+00 5.267208500872630483e-02 5.342587221120053548e-02
3.321321321321320852e+00 5.296244900000406791e-02 5.358139227653484910e-02
3.293293293293293900e+00 5.326514583219350146e-02 5.374941265795011441e-02
3.265265265265265171e+00 5.358034394577633475e-02 5.393007343474259807e-02
3.237237237237238219e+00 5.390820508270573880e-02 5.412351020436290128e-02
3.209209209209209490e+00 5.424888382323686531e-02 5.432985402455821344e-02
3.181181181181180762e+00 5.460252712144059856e-02 5.454923133584369671e-02
3.153153153153153809e+00 5.496927383873603801e-02 5.478176386308744594e-02
3.125125125125125081e+00 5.534925427274426518e-02 5.502756850332508887e-02
3.097097097097096352e+00 5.574258968016441995e-02 5.528675719801878080e-02
3.069069069069069400e+00 5.614939179264038377e-02 5.555943678706438266e-02
3.041041041041040671e+00 5.656976232294037149e-02 5.584570884749658765e-02
3.013013013013013719e+00 5.700379245878443163e-02 5.614566951748995588e-02
2.984984984984984990e+00 5.745156234128333261e-02 5.645940930595352847e-02
2.956956956956956262e+00 5.791314052441846189e-02 5.678701288774894856e-02
2.928928928928929309e+00 5.838858341145904129e-02 5.712855888420080575e-02
2.900900900900900581e+00 5.887793466363530626e-02 5.748411962816910720e-02
2.872872872872873629e+00 5.938122457576947705e-02 5.785376091249336272e-02
2.844844844844844900e+00 5.989846941291552401e-02 5.823754172009233676e-02
2.816816816816816171e+00 6.042967070137961888e-02 5.863551393342805729e-02
2.788788788788789219e+00 6.097481446683798711e-02 5.904772202039176160e-02
2.760760760760760490e+00 6.153387041156585524e-02 5.947420269300776607e-02
2.732732732732733538e+00 6.210679102295694337e-02 5.991498453450398026e-02
2.704704704704704810e+00 6.269351060280266286e-02 6.037008759054385970e-02
2.676676676676676081e+00 6.329394420656320186e-02 6.083952291783555066e-02
2.648648648648649129e+00 6.390798648455132958e-02 6.132329208259668096e-02
2.620620620620620400e+00 6.453551041348976058e-02 6.182138660192131041e-02
2.592592592592593448e+00 6.517636590736011759e-02 6.233378731956563251e-02
2.564564564564564719e+00 6.583037829647915562e-02 6.286046370675292538e-02
2.536536536536535991e+00 6.649734666383187720e-02 6.340137307774065811e-02
2.508508508508509038e+00 6.717704202805870051e-02 6.395645970905800004e-02
2.480480480480480310e+00 6.786920536316370933e-02 6.452565385057193459e-02
2.452452452452453358e+00 6.857354544594911061e-02 6.510887061584158531e-02
2.424424424424424629e+00 6.928973652352583834e-02 6.570600873864936020e-02
2.396396396396395900e+00 7.001741579496043033e-02 6.631694918219047108e-02
2.368368368368368948e+00 7.075618070313260954e-02 6.694155358712775006e-02
2.340340340340340219e+00 7.150558603542399305e-02 6.757966254471738099e-02
2.312312312312313267e+00 7.226514083517465714e-02 6.823109368233216954e-02
2.284284284284284539e+00 7.303430512799197194e-02 6.889563954795603629e-02
2.256256256256255810e+00 7.381248646885590903e-02 6.957306527730201806e-02
2.228228228228228858e+00 7.459903632459351230e-02 7.026310603668448063e-02
2.200200200200200129e+00 7.539324630660179660e-02 7.096546423063999909e-02
2.172172172172171400e+00 7.619434427323454329e-02 7.167980646537250311e-02
2.144144144144144448e+00 7.700149032602801591e-02 7.240576026112631458e-02
2.116116116116115720e+00 7.781377272837865233e-02 7.314291050841201236e-02
2.088088088088088767e+00 7.863020378038697300e-02 7.389079566497763762e-02
2.060060060060060039e+00 7.944971568909804660e-02 7.464890369244020496e-02
2.032032032032031310e+00 8.027115647942612009e-02 7.541666773365290899e-02
2.004004004004004358e+00 8.109328599807898164e-02 7.619346153422056067e-02
1.975975975975975629e+00 8.191477207065675503e-02 7.697859461417230764e-02
1.947947947947948677e+00 8.273418688095683649e-02 7.777130719893605992e-02
1.919919919919919948e+00 8.355000365136129592e-02 7.857076492258993627e-02
1.891891891891891220e+00 8.436059371368456739e-02 7.937605332190825203e-02
1.863863863863864268e+00 8.516422407079915491e-02 8.018617214616333144e-02
1.835835835835835539e+00 8.595905555859140179e-02 8.100002950835985538e-02
1.807807807807808587e+00 8.674314173012137585e-02 8.181643592494818040e-02
1.779779779779779858e+00 8.751442859035152289e-02 8.263409829573306609e-02
1.751751751751751129e+00 8.827075531511202611e-02 8.345161388760705123e-02
1.723723723723724177e+00 8.900985609090802941e-02 8.426746439959885426e-02
1.695695695695695449e+00 8.972936321122972070e-02 8.508001019957926736e-02
1.667667667667668496e+00 9.042681156083544336e-02 8.588748483461787486e-02
1.639639639639639768e+00 9.109964461265984692e-02 8.668798992633379441e-02
1.611611611611611039e+00 9.174522205329983804e-02 8.747949056865698958e-02
1.583583583583584087e+00 9.236082914410857769e-02 8.825981134777462211e-02
1.555555555555555358e+00 9.294368791739895941e-02 8.902663310289454790e-02
1.527527527527528406e+00 9.349097030243659623e-02 8.977749054311265353e-02
1.499499499499499677e+00 9.399981327504486339e-02 9.050977083277693402e-02
1.471471471471470949e+00 9.446733612782647060e-02 9.122071325924770158e-02
1.443443443443443996e+00 9.489065996406127745e-02 9.190741010833634872e-02
1.415415415415415268e+00 9.526692952613596832e-02 9.256680889413991531e-02
1.387387387387388316e+00 9.559333747146103732e-02 9.319571614299780593e-02
1.359359359359359587e+00 9.586715120258433587e-02 9.379080300157020822e-02
1.331331331331330858e+00 9.608574233641468954e-02 9.434861303807098865e-02
1.303303303303303906e+00 9.624661885230390013e-02 9.486557273450201000e-02
1.275275275275275177e+00 9.634745988395282401e-02 9.533800531711485171e-02
1.247247247247248225e+00 9.638615301111740086e-02 9.576214873147993745e-02
1.219219219219219497e+00 9.636083376193747829e-02 9.613417871953476579e-02
1.191191191191190768e+00 9.626992685720238419e-02 9.645023807453101394e-02
1.163163163163163816e+00 9.611218852087478892e-02 9.670647320665434754e-02
1.135135135135135087e+00 9.588674895846897861e-02 9.689907911526987605e-02
1.107107107107106359e+00 9.559315388271887037e-02 9.702435370188607078e-02
1.079079079079079406e+00 9.523140376469370338e-02 9.707876204483414928e-02
1.051051051051050678e+00 9.480198933044824139e-02 9.705901077629230933e-02
1.023023023023023725e+00 9.430592172993236544e-02 9.696213205360948439e-02
9.949949949949949968e-01 9.374475579856293705e-02 9.678557582005842264e-02
9.669669669669662682e-01 9.312060492141172041e-02 9.652730814523390046e-02
9.389389389389393159e-01 9.243614620601778298e-02 9.618591248535013349e-02
9.109109109109105873e-01 9.169461497148649609e-02 9.576068979726388986e-02
8.828828828828836350e-01 9.089978795247947996e-02 9.525175267404757673e-02
8.548548548548549064e-01 9.005595507775916719e-02 9.466010815076256191e-02
8.268268268268261778e-01 8.916788018405548411e-02 9.398772365576786580e-02
7.987987987987992256e-01 8.824075153242763592e-02 9.323757083421317648e-02
7.707707707707704969e-01 8.728012346904248653e-02 9.241364269008817134e-02
7.427427427427435447e-01 8.629185098024377831e-02 9.152094067758574647e-02
7.147147147147148161e-01 8.528201920298522642e-02 9.056542996206710938e-02
6.866866866866860875e-01 8.425687014451332946e-02 8.955396294961674719e-02
6.586586586586591352e-01 8.322272892837567770e-02 8.849417318816683864e-02
6.306306306306304066e-01 8.218593181714653473e-02 8.739434367842524587e-02
6.026026026026034543e-01 8.115275807647812090e-02 8.626325530034543998e-02
5.745745745745747257e-01 8.012936745982630893e-02 8.511002228915144630e-02
5.465465465465459971e-01 7.912174473377540929e-02 8.394392235699740801e-02
5.185185185185190448e-01 7.813565226020399712e-02 8.277422909741997958e-02
4.904904904904903162e-01 7.717659123370770868e-02 8.161005376063472372e-02
4.624624624624633640e-01 7.624977176641796472e-02 8.046020243094610669e-02
4.344344344344346354e-01 7.536009164075982425e-02 7.933305322023082029e-02
4.064064064064059068e-01 7.451212323006629890e-02 7.823645648271103370e-02
3.783783783783789545e-01 7.371010782728715238e-02 7.717765942566810755e-02
3.503503503503502259e-01 7.295795642722474605e-02 7.616325498552010964e-02
3.223223223223232736e-01 7.225925587636425340e-02 7.519915356825190855e-02
2.942942942942945450e-01 7.161727923099214799e-02 7.429057528245298914e-02
2.662662662662658164e-01 7.103499914068291121e-02 7.344205964382027885e-02
2.382382382382388641e-01 7.051510309066102988e-02 7.265748938746327545e-02
2.102102102102101355e-01 7.006000938307663239e-02 7.194012494837127847e-02
1.821821821821831833e-01 6.967188280460734351e-02 7.129264630596900132e-02
1.541541541541544547e-01 6.935264900766423268e-02 7.071719917601784755e-02
1.261261261261257260e-01 6.910400671827444941e-02 7.021544291466025323e-02
9.809809809809877379e-02 6.892743697388618862e-02 6.978859792695008002e-02
7.007007007007004518e-02 6.882420868247260404e-02 6.943749080662961481e-02
4.204204204204131656e-02 6.879537988360683032e-02 6.916259584692491247e-02
1.401401401401436431e-02 6.884179418386832117e-02 6.896407193676072633e-02
-1.401401401401436431e-02 6.896407193676072633e-02 6.884179418386832117e-02
-4.204204204204131656e-02 6.916259584692491247e-02 6.879537988360683032e-02
-7.007007007007004518e-02 6.943749080662961481e-02 6.882420868247260404e-02
-9.809809809809877379e-02 6.978859792695008002e-02 6.892743697388618862e-02
-1.261261261261257260e-01 7.021544291466025323e-02 6.910400671827444941e-02
-1.541541541541544547e-01 7.071719917601784755e-02 6.935264900766423268e-02
-1.821821821821814069e-01 7.129264630596900132e-02 6.967188280460734351e-02
-2.102102102102101355e-01 7.194012494837127847e-02 7.006000938307663239e-02
-2.382382382382388641e-01 7.265748938746327545e-02 7.051510309066102988e-02
-2.662662662662658164e-01 7.344205964382027885e-02 7.103499914068291121e-02
-2.942942942942945450e-01 7.429057528245298914e-02 7.161727923099214799e-02
-3.223223223223214973e-01 7.519915356825190855e-02 7.225925587636425340e-02
-3.503503503503502259e-01 7.616325498552010964e-02 7.295795642722474605e-02
-3.783783783783789545e-01 7.717765942566810755e-02 7.371010782728715238e-02
-4.064064064064059068e-01 7.823645648271103370e-02 7.451212323006629890e-02
-4.344344344344346354e-01 7.933305322023082029e-02 7.536009164075982425e-02
-4.624624624624615876e-01 8.046020243094610669e-02 7.624977176641796472e-02
-4.904904904904903162e-01 8.161005376063472372e-02 7.717659123370770868e-02
-5.185185185185190448e-01 8.277422909741997958e-02 7.813565226020399712e-02
-5.465465465465459971e-01 8.394392235699740801e-02 7.912174473377540929e-02
-5.745745745745747257e-01 8.511002228915144630e-02 8.012936745982630893e-02
-6.026026026026016780e-01 8.626325530034543998e-02 8.115275807647812090e-02
-6.306306306306304066e-01 8.739434367842524587e-02 8.218593181714653473e-02
-6.586586586586591352e-01 8.849417318816683864e-02 8.322272892837567770e-02
-6.866866866866860875e-01 8.955396294961674719e-02 8.425687014451332946e-02
-7.147147147147148161e-01 9.056542996206710938e-02 8.528201920298522642e-02
-7.427427427427417683e-01 9.152094067758574647e-02 8.629185098024377831e-02
-7.707707707707704969e-01 9.241364269008817134e-02 8.728012346904248653e-02
-7.987987987987992256e-01 9.323757083421317648e-02 8.824075153242763592e-02
-8.268268268268261778e-01 9.398772365576786580e-02 8.916788018405548411e-02
-8.548548548548549064e-01 9.466010815076256191e-02 9.005595507775916719e-02
-8.828828828828836350e-01 9.525175267404757673e-02 9.089978795247947996e-02
-9.109109109109105873e-01 9.576068979726388986e-02 9.169461497148649609e-02
-9.389389389389393159e-01 9.618591248535013349e-02 9.243614620601778298e-02
-9.669669669669662682e-01 9.652730814523390046e-02 9.312060492141172041e-02
-9.949949949949949968e-01 9.678557582005842264e-02 9.374475579856293705e-02
-1.023023023023023725e+00 9.696213205360948439e-02 9.430592172993236544e-02
-1.051051051051050678e+00 9.705901077629230933e-02 9.480198933044824139e-02
-1.079079079079079406e+00 9.707876204483414928e-02 9.523140376469370338e-02
-1.107107107107106359e+00 9.702435370188607078e-02 9.559315388271887037e-02
-1.135135135135135087e+00 9.689907911526987605e-02 9.588674895846897861e-02
-1.163163163163163816e+00 9.670647320665434754e-02 9.611218852087478892e-02
-1.191191191191190768e+00 9.645023807453101394e-02 9.626992685720238419e-02
-1.219219219219219497e+00 9.613417871953476579e-02 9.636083376193747829e-02
-1.247247247247246449e+00 9.576214873147993745e-02 9.638615301111740086e-02
-1.275275275275275177e+00 9.533800531711485171e-02 9.634745988395282401e-02
-1.303303303303303906e+00 9.486557273450201000e-02 9.624661885230390013e-02
-1.331331331331330858e+00 9.434861303807098865e-02 9.608574233641468954e-02
-1.359359359359359587e+00 9.379080300157020822e-02 9.586715120258433587e-02
-1.387387387387386539e+00 9.319571614299780593e-02 9.559333747146103732e-02
-1.415415415415415268e+00 9.256680889413991531e-02 9.526692952613596832e-02
-1.443443443443443996e+00 9.190741010833634872e-02 9.489065996406127745e-02
-1.471471471471470949e+00 9.122071325924770158e-02 9.446733612782647060e-02
-1.499499499499499677e+00 9.050977083277693402e-02 9.399981327504486339e-02
-1.527527527527526630e+00 8.977749054311265353e-02 9.349097030243659623e-02
-1.555555555555555358e+00 8.902663310289454790e-02 9.294368791739895941e-02
-1.583583583583584087e+00 8.825981134777462211e-02 9.236082914410857769e-02
-1.611611611611611039e+00 8.747949056865698958e-02 9.174522205329983804e-02
-1.639639639639639768e+00 8.668798992633379441e-02 9.109964461265984692e-02
-1.667667667667666720e+00 8.588748483461787486e-02 9.042681156083544336e-02
-1.695695695695695449e+00 8.508001019957926736e-02 8.972936321122972070e-02
-1.723723723723724177e+00 8.426746439959885426e-02 8.900985609090802941e-02
-1.751751751751751129e+00 8.345161388760705123e-02 8.827075531511202611e-02
-1.779779779779779858e+00 8.263409829573306609e-02 8.751442859035152289e-02
-1.807807807807806810e+00 8.181643592494818040e-02 8.674314173012137585e-02
-1.835835835835835539e+00 8.100002950835985538e-02 8.595905555859140179e-02
-1.863863863863864268e+00 8.018617214616333144e-02 8.516422407079915491e-02
-1.891891891891891220e+00 7.937605332190825203e-02 8.436059371368456739e-02
-1.919919919919919948e+00 7.857076492258993627e-02 8.355000365136129592e-02
-1.947947947947948677e+00 7.777130719893605992e-02 8.273418688095683649e-02
-1.975975975975975629e+00 7.697859461417230764e-02 8.191477207065675503e-02
-2.004004004004002581e+00 7.619346153422056067e-02 8.109328599807898164e-02
-2.032032032032031310e+00 7.541666773365290899e-02 8.027115647942612009e-02
-2.060060060060060039e+00 7.464890369244020496e-02 7.944971568909804660e-02
-2.088088088088088767e+00 7.389079566497763762e-02 7.863020378038697300e-02
-2.116116116116117496e+00 7.314291050841201236e-02 7.781377272837865233e-02
-2.144144144144142672e+00 7.240576026112631458e-02 7.700149032602801591e-02
-2.172172172172171400e+00 7.167980646537250311e-02 7.619434427323454329e-02
-2.200200200200200129e+00 7.096546423063999909e-02 7.539324630660179660e-02
-2.228228228228228858e+00 7.026310603668448063e-02 7.459903632459351230e-02
-2.256256256256257586e+00 6.957306527730201806e-02 7.381248646885590903e-02
-2.284284284284282762e+00 6.889563954795603629e-02 7.303430512799197194e-02
-2.312312312312311491e+00 6.823109368233216954e-02 7.226514083517465714e-02
-2.340340340340340219e+00 6.757966254471738099e-02 7.150558603542399305e-02
-2.368368368368368948e+00 6.694155358712775006e-02 7.075618070313260954e-02
-2.396396396396397677e+00 6.631694918219047108e-02 7.001741579496043033e-02
-2.424424424424422853e+00 6.570600873864936020e-02 6.928973652352583834e-02
-2.452452452452451581e+00 6.510887061584158531e-02 6.857354544594911061e-02
-2.480480480480480310e+00 6.452565385057193459e-02 6.786920536316370933e-02
-2.508508508508509038e+00 6.395645970905800004e-02 6.717704202805870051e-02
-2.536536536536537767e+00 6.340137307774065811e-02 6.649734666383187720e-02
-2.564564564564562943e+00 6.286046370675292538e-02 6.583037829647915562e-02
-2.592592592592591672e+00 6.233378731956563251e-02 6.517636590736011759e-02
-2.620620620620620400e+00 6.182138660192131041e-02 6.453551041348976058e-02
-2.648648648648649129e+00 6.132329208259668096e-02 6.390798648455132958e-02
-2.676676676676677857e+00 6.083952291783555066e-02 6.329394420656320186e-02
-2.704704704704703033e+00 6.037008759054385970e-02 6.269351060280266286e-02
-2.732732732732731762e+00 5.991498453450398026e-02 6.210679102295694337e-02
-2.760760760760760490e+00 5.947420269300776607e-02 6.153387041156585524e-02
-2.788788788788789219e+00 5.904772202039176160e-02 6.097481446683798711e-02
-2.816816816816817948e+00 5.863551393342805729e-02 6.042967070137961888e-02
-2.844844844844843124e+00 5.823754172009233676e-02 5.989846941291552401e-02
-2.872872872872871852e+00 5.785376091249336272e-02 5.938122457576947705e-02
-2.900900900900900581e+00 5.748411962816910720e-02 5.887793466363530626e-02
-2.928928928928929309e+00 5.712855888420080575e-02 5.838858341145904129e-02
-2.956956956956958038e+00 5.678701288774894856e-02 5.791314052441846189e-02
-2.984984984984983214e+00 5.645940930595352847e-02 5.745156234128333261e-02
-3.013013013013011943e+00 5.614566951748995588e-02 5.700379245878443163e-02
-3.041041041041040671e+00 5.584570884749658765e-02 5.656976232294037149e-02
-3.069069069069069400e+00 5.555943678706438266e-02 5.614939179264038377e-02
-3.097097097097098128e+00 5.528675719801878080e-02 5.574258968016441995e-02
-3.125125125125123304e+00 5.502756850332508887e-02 5.534925427274426518e-02
-3.153153153153152033e+00 5.478176386308744594e-02 5.496927383873603801e-02
-3.181181181181180762e+00 5.454923133584369671e-02 5.460252712144059856e-02
-3.209209209209209490e+00 5.432985402455821344e-02 5.424888382323686531e-02
-3.237237237237238219e+00 5.412351020436290128e-02 5.390820508270573880e-02
-3.265265265265263395e+00 5.393007343474259807e-02 5.358034394577633475e-02
-3.293293293293292123e+00 5.374941265795011441e-02 5.326514583219350146e-02
-3.321321321321320852e+00 5.358139227653484910e-02 5.296244900000406791e-02
-3.349349349349349581e+00 5.342587221120053548e-02 5.267208500872630483e-02
-3.377377377377378309e+00 5.328270793834316565e-02 5.239387918220184820e-02
-3.405405405405403485e+00 5.315175050650190053e-02 5.212765107213534338e-02
-3.433433433433432214e+00 5.303284653109552327e-02 5.187321492325541045e-02
-3.461461461461460942e+00 5.292583816696192628e-02 5.163038014099764067e-02
-3.489489489489489671e+00 5.283056305840364009e-02 5.139895176264901167e-02
-3.517517517517518399e+00 5.274685426663406479e-02 5.117873093290216391e-02
-3.545545545545547128e+00 5.267454017473970074e-02 5.096951538479375238e-02
-3.573573573573572304e+00 5.261344437051965889e-02 5.077109992707212055e-02
-3.601601601601601033e+00 5.256338550779154906e-02 5.058327693906684158e-02
-3.629629629629629761e+00 5.252417714703479235e-02 5.040583687415994829e-02
-3.657657657657658490e+00 5.249562757478411223e-02 5.023856877310037966e-02
-3.685685685685687218e+00 5.247753960462769179e-02 5.008126078798199460e-02
-3.713713713713712394e+00 5.246971036759537355e-02 4.993370071758963108e-02
-3.741741741741741123e+00 5.247193108504914771e-02 4.979567655606630810e-02
-3.769769769769769852e+00 5.248398682879817229e-02 4.966697705549930758e-02
-3.797797797797798580e+00 5.250565627159650695e-02 4.954739230318148252e-02
-3.825825825825827309e+00 5.253671143089007345e-02 4.943671431413653589e-02
-3.853853853853852485e+00 5.257691740895373972e-02 4.933473763931961464e-02
-3.881881881881881213e+00 5.262603213285111520e-02 4.924125998957483430e-02
-3.909909909909909942e+00 5.268380609790854902e-02 4.915608287513163061e-02
-3.937937937937938671e+00 5.274998211864188186e-02 4.907901226003658079e-02
-3.965965965965967399e+00 5.282429509130476958e-02 4.900985923046501103e-02
-3.993993993993992575e+00 5.290647177241859095e-02 4.894844067541367916e-02
-4.022022022022021304e+00 5.299623057781081142e-02 4.889457997771264747e-02
-4.050050050050050032e+00 5.309328140680866226e-02 4.884810771275443358e-02
-4.078078078078078761e+00 5.319732549577754072e-02 4.880886235110643012e-02
-4.106106106106107489e+00 5.330805530531932540e-02 4.877669095964554113e-02
-4.134134134134132665e+00 5.342515445032181703e-02 4.875144990211636303e-02
-4.162162162162161394e+00 5.354829767230320087e-02 4.873300553043147243e-02
-4.190190190190190123e+00 5.367715085918652040e-02 4.872123486059744268e-02
-4.218218218218218851e+00 5.381137111719602739e-02 4.871602622724655052e-02
-4.246246246246247580e+00 5.395060689847267638e-02 4.871727990955675852e-02
-4.274274274274272756e+00 5.409449818747488758e-02 4.872490872066261025e-02
-4.302302302302301484e+00 5.424267674859147709e-02 4.873883855204914212e-02
-4.330330330330330213e+00 5.439476643662661398e-02 4.875900886377847188e-02
-4.358358358358358942e+00 5.455038357094478541e-02 4.878537311087993017e-02
-4.386386386386387670e+00 5.470913737306123958e-02 4.881789909573132358e-02
-4.414414414414412846e+00 5.487063046634819974e-02 4.885656923578506755e-02
-4.442442442442441575e+00 5.503445943533760015e-02 4.890138073567243393e-02
-4.470470470470470303e+00 5.520021544078910353e-02 4.895234565236718932e-02
-4.498498498498499032e+00 5.536748488528987766e-02 4.900949084105336861e-02
-4.526526526526527761e+00 5.553585012273811600e-02 4.907285776514703352e-02
-4.554554554554552936e+00 5.570489020477267100e-02 4.914250217417757277e-02
-4.582582582582581665e+00 5.587418165356449612e-02 4.921849362912517761e-02
-4.610610610610610394e+00 5.604329925033078863e-02 4.930091485952252384e-02
-4.638638638638639122e+00 5.621181682806417057e-02 4.938986094406937893e-02
-4.666666666666667851e+00 5.637930805561450209e-02 4.948543830361012974e-02
-4.694694694694693027e+00 5.654534719951161831e-02 4.958776349560178182e-02
-4.722722722722721755e+00 5.670950984939070183e-02 4.969696179961964611e-02
-4.750750750750750484e+00 5.687137359273457260e-02 4.981316558394417726e-02
-4.778778778778779213e+00 5.703051862487094198e-02 4.993651244386413529e-02
-4.806806806806807941e+00 5.718652828081534356e-02 5.006714310303460314e-02
-4.834834834834833117e+00 5.733898947669095747e-02 5.020519907003467147e-02
-4.862862862862861846e+00 5.748749305007125332e-02 5.035082004323843119e-02
-4.890890890890890574e+00 5.763163399075504900e-02 5.050414105825064975e-02
-4.918918918918919303e+00 5.777101155619232542e-02 5.066528937331341714e-02
-4.946946946946948032e+00 5.790522927053136371e-02 5.083438108732309807e-02
-4.974974974974973208e+00 5.803389480518945237e-02 5.101151749863869905e-02
-5.003003003003001936e+00 5.815661974502928794e-02 5.119678120158448198e-02
-5.031031031031030665e+00 5.827301925196560345e-02 5.139023191900483206e-02
-5.059059059059059393e+00 5.838271163838175404e-02 5.159190208233619540e-02
-5.087087087087088122e+00 5.848531786811466543e-02 5.180179217081040677e-02
-5.115115115115113298e+00 5.858046100712609172e-02 5.201986582600395120e-02
-5.143143143143142026e+00 5.866776565001581567e-02 5.224604476341059012e-02
-5.171171171171170755e+00 5.874685735210654486e-02 5.248020350912648707e-02
-5.199199199199199484e+00 5.881736209972804330e-02 5.272216399704643397e-02
-5.227227227227228212e+00 5.887890585347042849e-02 5.297169007030792798e-02
-5.255255255255253388e+00 5.893111420032097481e-02 5.322848194011927520e-02
-5.283283283283282117e+00 5.897361215058613548e-02 5.349217066538225485e-02
-5.311311311311310845e+00 5.900602411436653427e-02 5.376231272777903802e-02
-5.339339339339339574e+00 5.902797408986443228e-02 5.403838478908661036e-02
-5.367367367367368303e+00 5.903908609461459844e-02 5.431977873394787382e-02
-5.395395395395393479e+00 5.903898485907984467e-02 5.460579710586240670e-02
-5.423423423423422207e+00 5.902729679527050216e-02 5.489564905125565719e-02
-5.451451451451450936e+00 5.900365125922680393e-02 5.518844692011851127e-02
-5.479479479479479664e+00 5.896768210588267806e-02 5.548320366633217871e-02
-5.507507507507508393e+00 5.891902952867838356e-02 5.577883120137394624e-02
-5.535535535535537122e+00 5.885734216744749336e-02 5.607413986035685027e-02
-5.563563563563562298e+00 5.878227945891441319e-02 5.636783914035194132e-02
-5.591591591591591026e+00 5.869351419523847341e-02 5.665853986681883281e-02
-5.619619619619619755e+00 5.859073524779242342e-02 5.694475793402713898e-02
-5.647647647647648483e+00 5.847365040610746911e-02 5.722491974872537940e-02
-5.675675675675677212e+00 5.834198927592027656e-02 5.749736948222811117e-02
-5.703703703703702388e+00 5.819550617580334512e-02 5.776037820426067892e-02
-5.731731731731731116e+00 5.803398296915035504e-02 5.801215493215031160e-02
-5.759759759759759845e+00 5.785723176745364432e-02 5.825085958173834011e-02
-5.787787787787788574e+00 5.766509744273838611e-02 5.847461775572439929e-02
-5.815815815815817302e+00 5.745745988837666629e-02 5.868153724072867894e-02
-5.843843843843842478e+00 5.723423596984461570e-02 5.886972600822895640e-02
-5.871871871871871207e+00 5.699538112323074973e-02 5.903731148807267459e-02
-5.899899899899899935e+00 5.674089055958242422e-02 5.918246079499562412e-02
-5.927927927927928664e+00 5.647080004406252601e-02 5.930340153587614765e-02
-5.955955955955957393e+00 5.618518622985033822e-02 5.939844277920580673e-02
-5.983983983983982569e+00 5.588416653785274052e-02 5.946599573204454370e-02
-6.012012012012011297e+00 5.556789858466590348e-02 5.950459364798224571e-02
-6.040040040040040026e+00 5.523657917254049671e-02 5.951291048472485273e-02
-6.068068068068068754e+00 5.489044286585367111e-02 5.948977784329448348e-02
-6.096096096096097483e+00 5.452976018840966638e-02 5.943419975308331799e-02
-6.124124124124122659e+00 5.415483548440409162e-02 5.934536491764979410e-02
-6.152152152152151388e+00 5.376600449260749565e-02 5.922265610345756048e-02
-6.180180180180180116e+00 5.336363168798229084e-02 5.906565643526858617e-02
-6.208208208208208845e+00 5.294810744701235194e-02 5.887415245406178721e-02
-6.236236236236237573e+00 5.251984509224041919e-02 5.864813389101655727e-02
-6.264264264264262749e+00 5.207927787165159833e-02 5.838779021239859368e-02
-6.292292292292291478e+00 5.162685591936404944e-02 5.809350409038654267e-02
-6.320320320320320207e+00 5.116304323750367478e-02 5.776584204032697567e-02
-6.348348348348348935e+00 5.068831473061353315e-02 5.740554254394854977e-02
-6.376376376376377664e+00 5.020315331363268962e-02 5.701350204074649708e-02
-6.404404404404402840e+00 4.970804710456836611e-02 5.659075921362591993e-02
-6.432432432432431568e+00 4.920348670421895165e-02 5.613847801849553010e-02
-6.460460460460460297e+00 4.868996255876930496e-02 5.565792991006723173e-02
-6.488488488488489025e+00 4.816796239782909772e-02 5.515047569827254831e-02
-6.516516516516517754e+00 4.763796874122595143e-02 5.461754743345784840e-02
-6.544544544544542930e+00 4.710045647292986776e-02 5.406063066702943704e-02
-6.572572572572571659e+00 4.655589048981227662e-02 5.348124737208783536e-02
-6.600600600600600387e+00 4.600472344572237998e-02 5.288093974145223475e-02
-6.628628628628629116e+00 4.544739362599819338e-02 5.226125501406861384e-02
-6.656656656656657844e+00 4.488432300161272065e-02 5.162373142026375344e-02
-6.684684684684683020e+00 4.431591552858826777e-02 5.096988529867998302e-02
-6.712712712712711749e+00 4.374255576116767297e-02 5.030119939919949074e-02
-6.740740740740740478e+00 4.316460784822588603e-02 4.961911237727947843e-02
-6.768768768768769206e+00 4.258241497593649727e-02 4.892500949737996901e-02
-6.796796796796797935e+00 4.199629930116659249e-02 4.822021458383909942e-02
-6.824824824824823111e+00 4.140656239410588774e-02 4.750598328682600902e-02
-6.852852852852851839e+00 4.081348617676880397e-02 4.678349775788237519e-02
-6.880880880880880568e+00 4.021733430988949642e-02 4.605386284355950793e-02
-6.908908908908909297e+00 3.961835394868394589e-02 4.531810389754635515e-02
-6.936936936936938025e+00 3.901677776211221610e-02 4.457716627536872922e-02
-6.964964964964963201e+00 3.841282609392219355e-02 4.383191651069157091e-02
-6.992992992992991930e+00 3.780670913854393411e-02 4.308314508454137021e-02
-7.021021021021020658e+00 3.719862901062540028e-02 4.233157060040409342e-02
-7.049049049049049387e+00 3.658878160190820461e-02 4.157784508546059909e-02
-7.077077077077078116e+00 3.597735813985909747e-02 4.082256006642297902e-02
-7.105105105105103291e+00 3.536454638896190800e-02 4.006625303571505897e-02
-7.133133133133132020e+00 3.475053145975904451e-02 3.930941392355040420e-02
-7.161161161161160749e+00 3.413549621505459347e-02 3.855249122769904141e-02
-7.189189189189189477e+00 3.351962129032279303e-02 3.779589752060499852e-02
-7.217217217217218206e+00 3.290308477190007075e-02 3.704001412766574908e-02
-7.245245245245243382e+00 3.228606160772280742e-02 3.628519484552386598e-02
-7.273273273273272110e+00 3.166872286301544714e-02 3.553176863639750244e-02
-7.301301301301300839e+00 3.105123497925221798e-02 3.478004129290838964e-02
-7.329329329329329568e+00 3.043375924839929539e-02 3.403029612252534558e-02
-7.357357357357358296e+00 2.981645177127080840e-02 3.328279376122780797e-02
-7.385385385385383472e+00 2.919946421843716208e-02 3.253777130517616217e-02
-7.413413413413412201e+00 2.858294573756440041e-02 3.179544106051389318e-02
-7.441441441441440929e+00 2.796704633063359924e-02 3.105598936390887438e-02
-7.469469469469469658e+00 2.735192193677225131e-02 3.031957611575836556e-02
-7.497497497497498387e+00 2.673774128811655035e-02 2.958633586449979300e-02
-7.525525525525523562e+00 2.612469436234786738e-02 2.885638142302367898e-02
-7.553553553553552291e+00 2.551300196371777615e-02 2.812981099388192630e-02
-7.581581581581581020e+00 2.490292567673490359e-02 2.740671953126720684e-02
-7.609609609609609748e+00 2.429477722485467311e-02 2.668721452116669043e-02
-7.637637637637638477e+00 2.368892619334136626e-02 2.597143553602074273e-02
-7.665665665665667206e+00 2.308580518445103869e-02 2.525957596045432310e-02
-7.693693693693692381e+00 2.248591176293048000e-02 2.455190443438884373e-02
-7.721721721721721110e+00 2.188980696851858601e-02 2.384878310569293891e-02
-7.749749749749749839e+00 2.129811062581526276e-02 2.315067995178907503e-02
-7.777777777777778567e+00 2.071149405991369596e-02 2.245817327836653263e-02
-7.805805805805807296e+00 2.013067103501848046e-02 2.177194786961547668e-02
-7.833833833833832472e+00 1.955638772780099455e-02 2.109278378407951002e-02
-7.861861861861861200e+00 1.898941234737776609e-02 2.042154001114526371e-02
-7.889889889889889929e+00 1.843052469918642425e-02 1.975913574751316307e-02
-7.917917917917918658e+00 1.788050567394104326e-02 1.910653176536228348e-02
-7.945945945945947386e+00 1.734012643376862256e-02 1.846471336067370683e-02
-7.973973973973972562e+00 1.681013703327630462e-02 1.783467507394648557e-02
-8.002002002002001291e+00 1.629125435962654189e-02 1.721740625025931781e-02
-8.030030030030030019e+00 1.578414954919934998e-02 1.661387595155826985e-02
-8.058058058058058748e+00 1.528943534681175345e-02 1.602501591689075439e-02
-8.086086086086087477e+00 1.480765412028424086e-02 1.545170107103096407e-02
-8.114114114114112652e+00 1.433926735754613782e-02 1.489472817789643314e-02
-8.142142142142141381e+00 1.388464742852881482e-02 1.435479422170396133e-02
-8.170170170170170110e+00 1.344407220776874627e-02 1.383247665976777840e-02
-8.198198198198198838e+00 1.301772287618187252e-02 1.332821769273034342e-02
-8.226226226226227567e+00 1.260568491467417042e-02 1.284231420172621090e-02
-8.254254254254252743e+00 1.220795202524082787e-02 1.237491420211537033e-02
-8.282282282282281471e+00 1.182443250638054617e-02 1.192601979624875567e-02
-8.310310310310310200e+00 1.145495748654353982e-02 1.149549587050342075e-02
-8.338338338338338929e+00 1.109929038022945853e-02 1.108308328947561761e-02
-8.366366366366367657e+00 1.075713696127428634e-02 1.068841512075724420e-02
-8.394394394394392833e+00 1.042815552543382290e-02 1.031103443972988462e-02
-8.422422422422421562e+00 1.011196671858759916e-02 9.950412446135066882e-03
-8.450450450450450290e+00 9.808162718502105512e-03 9.605965894765417304e-03
-8.478478478478479019e+00 9.516315564107128214e-03 9.277073137801305353e-03
-8.506506506506507748e+00 9.235984518393228551e-03 8.963088351214077917e-03
-8.534534534534532924e+00 8.966722425371498328e-03 8.663353746955084964e-03
-8.562562562562561652e+00 8.708081077418921429e-03 8.377209747180066127e-03
-8.590590590590590381e+00 8.459615648241490191e-03 8.104003217915959831e-03
-8.618618618618619109e+00 8.220888271162362509e-03 7.843093934785971486e-03
-8.646646646646647838e+00 7.991470855461483419e-03 7.593859492418452047e-03
-8.674674674674673014e+00 7.770947237922344424e-03 7.355698881739379351e-03
-8.702702702702701743e+00 7.558914765104342640e-03 7.128034954116548895e-03
-8.730730730730730471e+00 7.354985396293238324e-03 6.910315975142022026e-03
-8.758758758758759200e+00 7.158786409162207903e-03 6.702016448847662039e-03
-8.786786786786787928e+00 6.969960781174421895e-03 6.502637369020651190e-03
-8.814814814814813104e+00 6.788167310273701162e-03 6.311706029950575267e-03
-8.842842842842841833e+00 6.613080529537178343e-03 6.128775506751198664e-03
-8.870870870870870561e+00 6.444390462065792240e-03 5.953423895216168778e-03
-8.898898898898899290e+00 6.281802254663177223e-03 5.785253383437340656e-03
-8.926926926926928019e+00 6.125035722176984908e-03 5.623889212513570081e-03
-8.954954954954953195e+00 5.973824828538744532e-03 5.468978571193017571e-03
-8.982982982982981923e+00 5.827917125543881013e-03 5.320189458997227720e-03
-9.011011011011010652e+00 5.687073166192408748e-03 5.177209544010206131e-03
-9.039039039039039380e+00 5.551065905881279704e-03 5.039745034801907872e-03
-9.067067067067068109e+00 5.419680101810609059e-03 4.907519580607494318e-03
-9.095095095095093285e+00 5.292711718559734574e-03 4.780273209676797440e-03
-9.123123123123122014e+00 5.169967345830879697e-03 4.657761312432208423e-03
-9.151151151151150742e+00 5.051263632765125300e-03 4.539753673538315937e-03
-9.179179179179179471e+00 4.936426741967462999e-03 4.426033555069002270e-03
-9.207207207207208199e+00 4.825291825381378477e-03 4.316396831538976686e-03
-9.235235235235233375e+00 4.717702523277228673e-03 4.210651176383743699e-03
-9.263263263263262104e+00 4.613510487027872378e-03 4.108615298757252801e-03
-9.291291291291290833e+00 4.512574925945662258e-03 4.010118229095802241e-03
-9.319319319319319561e+00 4.414762177980775977e-03 3.914998651371597548e-03
-9.347347347347348290e+00 4.319945303830246067e-03 3.823104279776551664e-03
-9.375375375375373466e+00 4.228003703809589744e-03 3.734291277455578303e-03
-9.403403403403402194e+00 4.138822756692232645e-03 3.648423714850735061e-03
-9.431431431431430923e+00 4.052293479624674392e-03 3.565373065227923043e-03
-9.459459459459459651e+00 3.968312208163181885e-03 3.485017735005961018e-03
-9.487487487487488380e+00 3.886780295447131005e-03 3.407242626581643338e-03
-9.515515515515513556e+00 3.807603829512494834e-03 3.331938731439634122e-03
-9.543543543543542285e+00 3.730693367751334363e-03 3.259002751444453963e-03
-9.571571571571571013e+00 3.655963687546909518e-03 3.188336746328957350e-03
-9.599599599599599742e+00 3.583333552139031288e-03 3.119847805507067976e-03
-9.627627627627628470e+00 3.512725490814507922e-03 3.053447742473685764e-03
-9.655655655655657199e+00 3.444065592542463507e-03 2.989052810138102725e-03
-9.683683683683682375e+00 3.377283312180890968e-03 2.926583435521792637e-03
-9.711711711711711104e+00 3.312311288522953433e-03 2.865963972473802458e-03
-9.739739739739739832e+00 3.249085173412965058e-03 2.807122471068762993e-03
-9.767767767767768561e+00 3.187543471224802381e-03 2.749990462458608634e-03
-9.795795795795797289e+00 3.127627388036256350e-03 2.694502758051020921e-03
-9.823823823823822465e+00 3.069280689873642772e-03 2.640597261968307460e-03
-9.851851851851851194e+00 3.012449569441885515e-03 2.588214795821336053e-03
-9.879879879879879923e+00 2.957082520790683348e-03 2.537298934904778491e-03
-9.907907907907908651e+00 2.903130221402633066e-03 2.487795854990480435e-03
-9.935935935935937380e+00 2.850545421224089798e-03 2.439654188956969730e-03
-9.963963963963962556e+00 2.799282838190162836e-03 2.392824892549257152e-03
-9.991991991991991284e+00 2.749299059824862699e-03 2.347261118623946829e-03
-1.002002002002002001e+01 2.700552450526419283e-03 2.302918099275783059e-03
-1.004804804804804874e+01 2.653003064177446475e-03 2.259753035298934544e-03
-1.007607607607607747e+01 2.606612561743189196e-03 2.217724992473798368e-03
-1.010410410410410265e+01 2.561344133510161814e-03 2.176794804166362531e-03
-1.013213213213213137e+01 2.517162425702931978e-03 2.136924979846504397e-03
-1.016016016016016010e+01 2.474033471199892521e-03 2.098079619113795910e-03
-1.018818818818818883e+01 2.431924624086851880e-03 2.060224330853123367e-03
-1.021621621621621756e+01 2.390804497808788395e-03 2.023326157171761487e-03
-1.024424424424424274e+01 2.350642906697344384e-03 1.987353501798839323e-03
-1.027227227227227146e+01 2.311410810665493788e-03 1.952276062649963744e-03
-1.030030030030030019e+01 2.273080262876044956e-03 1.918064768282429135e-03
-1.032832832832832892e+01 2.235624360202447588e-03 1.884691717986011544e-03
-1.035635635635635765e+01 2.199017196312832469e-03 1.852130125272767863e-03
-1.038438438438438283e+01 2.163233817220638466e-03 1.820354264547463952e-03
-1.041241241241241156e+01 2.128250179152938945e-03 1.789339420753643115e-03
-1.044044044044044028e+01 2.094043108600265792e-03 1.759061841807224970e-03
-1.046846846846846901e+01 2.060590264420181662e-03 1.729498693643734134e-03
-1.049649649649649774e+01 2.027870101878924327e-03 1.700628017720415448e-03
-1.052452452452452292e+01 1.995861838500556564e-03 1.672428690799277915e-03
-1.055255255255255165e+01 1.964545421631211548e-03 1.644880386884960957e-03
-1.058058058058058037e+01 1.933901497625032349e-03 1.617963541192794612e-03
-1.060860860860860910e+01 1.903911382554738206e-03 1.591659316016334671e-03
-1.063663663663663783e+01 1.874557034360144940e-03 1.565949568381429235e-03
-1.066466466466466301e+01 1.845821026354060737e-03 1.540816819379070644e-03
-1.069269269269269174e+01 1.817686522009918145e-03 1.516244225078179761e-03
-1.072072072072072046e+01 1.790137250960425639e-03 1.492215548924904307e-03
-1.074874874874874919e+01 1.763157486139933653e-03 1.468715135541855295e-03
-1.077677677677677792e+01 1.736732022008435168e-03 1.445727885846300994e-03
-1.080480480480480310e+01 1.710846153799061619e-03 1.423239233410752286e-03
-1.083283283283283183e+01 1.685485657732756302e-03 1.401235121996303491e-03
-1.086086086086086056e+01 1.660636772149555072e-03 1.379701984190812502e-03
-1.088888888888888928e+01 1.636286179507099323e-03 1.358626721090764071e-03
-1.091691691691691801e+01 1.612420989205830138e-03 1.337996682974180399e-03
-1.094494494494494319e+01 1.589028721185986722e-03 1.317799650895662162e-03
-1.097297297297297192e+01 1.566097290260574492e-03 1.298023819157817895e-03
-1.100100100100100065e+01 1.543614991152392375e-03 1.278657778619463710e-03
-1.102902902902902937e+01 1.521570484195043519e-03 1.259690500789341144e-03
-1.105705705705705810e+01 1.499952781664910242e-03 1.241111322664525344e-03
-1.108508508508508328e+01 1.478751234710261797e-03 1.222909932271772256e-03
-1.111311311311311201e+01 1.457955520849762120e-03 1.205076354876444223e-03
-1.114114114114114074e+01 1.437555632010710993e-03 1.187600939822929360e-03
-1.116916916916916946e+01 1.417541863079586776e-03 1.170474347972690283e-03
-1.119719719719719819e+01 1.397904800941239924e-03 1.153687539710251779e-03
-1.122522522522522337e+01 1.378635313981983876e-03 1.137231763487272151e-03
-1.125325325325325210e+01 1.359724542033957304e-03 1.121098544876912529e-03
-1.128128128128128083e+01 1.341163886739413485e-03 1.105279676112317635e-03
-1.130930930930930955e+01 1.322945002315072463e-03 1.089767206085395660e-03
-1.133733733733733828e+01 1.305059786699960507e-03 1.074553430785253616e-03
-1.136536536536536346e+01 1.287500373064107617e-03 1.059630884149071221e-03
-1.139339339339339219e+01 1.270259121659058623e-03 1.044992329303342637e-03
-1.142142142142142092e+01 1.253328612001181237e-03 1.030630750183259741e-03
-1.144944944944944965e+01 1.236701635369506346e-03 1.016539343509363213e-03
-1.147747747747747837e+01 1.220371187603300125e-03 1.002711511103308861e-03
-1.150550550550550355e+01 1.204330462185834076e-03 9.891408525265811286e-04
-1.153353353353353228e+01 1.188572843600988914e-03 9.758211580265851786e-04
-1.156156156156156101e+01 1.173091900950622721e-03 9.627464017755570525e-04
-1.158958958958958974e+01 1.157881381820661387e-03 9.499107353880461299e-04
-1.161761761761761846e+01 1.142935206385103757e-03 9.373084817043365533e-04
-1.164564564564564719e+01 1.128247461737321962e-03 9.249341288272433384e-04
-1.167367367367367237e+01 1.113812396437963885e-03 9.127823243996881046e-04
-1.170170170170170110e+01 1.099624415271157740e-03 9.008478701134529443e-04
-1.172972972972972983e+01 1.085678074198887346e-03 8.891257164374735244e-04
-1.175775775775775855e+01 1.071968075506112179e-03 8.776109575560830586e-04
-1.178578578578578728e+01 1.058489263128541222e-03 8.662988265094589014e-04
-1.181381381381381246e+01 1.045236618150037185e-03 8.551846905190927956e-04
-1.184184184184184119e+01 1.032205254468821030e-03 8.442640464995550265e-04
-1.186986986986986992e+01 1.019390414623261515e-03 8.335325167443531462e-04
-1.189789789789789864e+01 1.006787465770748232e-03 8.229858447785235375e-04
-1.192592592592592737e+01 9.943918958126396306e-04 8.126198913710019596e-04
-1.195395395395395255e+01 9.821993096595046414e-04 8.024306306986213940e-04
-1.198198198198198128e+01 9.702054256306183412e-04 7.924141466564214560e-04
-1.201001001001001001e+01 9.584060719827199948e-04 7.825666293073515111e-04
-1.203803803803803874e+01 9.467971835620145283e-04 7.728843714645694399e-04
-1.206606606606606746e+01 9.353747985745619392e-04 7.633637654021593801e-04
-1.209409409409409264e+01 9.241350554712279538e-04 7.540012996882287889e-04
-1.212212212212212137e+01 9.130741899407545780e-04 7.447935561341049093e-04
-1.215015015015015010e+01 9.021885320083772959e-04 7.357372068564360396e-04
-1.217817817817817883e+01 8.914745032348590130e-04 7.268290114471061920e-04
-1.220620620620620755e+01 8.809286140136848462e-04 7.180658142463436800e-04
-1.223423423423423273e+01 8.705474609579965436e-04 7.094445417128834733e-04
-1.226226226226226146e+01 8.603277243774580052e-04 7.009621998881526489e-04
-1.229029029029029019e+01 8.502661658414559318e-04 6.926158719524767426e-04
-1.231831831831831892e+01 8.403596258249245929e-04 6.844027158688558094e-04
-1.234634634634634764e+01 8.306050214329838534e-04 6.763199621094014664e-04
-1.237437437437437282e+01 8.209993442015962525e-04 6.683649114617940196e-04
-1.240240240240240155e+01 8.115396579721542020e-04 6.605349329136397333e-04
-1.243043043043043028e+01 8.022230968357786738e-04 6.528274616098435866e-04
-1.245845845845845901e+01 7.930468631455622362e-04 6.452399968808520975e-04
-1.248648648648648773e+01 7.840082255944846000e-04 6.377701003395626822e-04
-1.251451451451451291e+01 7.751045173552705871e-04 6.304153940429077334e-04
-1.254254254254254164e+01 7.663331342815198326e-04 6.231735587170274824e-04
-1.257057057057057037e+01 7.576915331665639653e-04 6.160423320423550047e-04
-1.259859859859859910e+01 7.491772300585382597e-04 6.090195069970137393e-04
-1.262662662662662783e+01 7.407877986304476020e-04 6.021029302570655821e-04
-1.265465465465465300e+01 7.325208686005056083e-04 5.952905006486692782e-04
-1.268268268268268173e+01 7.243741242026017222e-04 5.885801676515982307e-04
-1.271071071071071046e+01 7.163453027059163902e-04 5.819699299538546970e-04
-1.273873873873873919e+01 7.084321929808070576e-04 5.754578340530513720e-04
-1.276676676676676792e+01 7.006326341098107445e-04 5.690419729047289498e-04
-1.279479479479479309e+01 6.929445140418761476e-04 5.627204846144926928e-04
-1.282282282282282182e+01 6.853657682883077104e-04 5.564915511727664939e-04
-1.285085085085085055e+01 6.778943786590447239e-04 5.503533972306375510e-04
-1.287887887887887928e+01 6.705283720378880062e-04 5.443042889155425435e-04
-1.290690690690690801e+01 6.632658191951502046e-04 5.383425326847387973e-04
-1.293493493493493318e+01 6.561048336363026938e-04 5.324664742149591784e-04
-1.296296296296296191e+01 6.490435704859156413e-04 5.266744973287133466e-04
-1.299099099099099064e+01 6.420802254053831117e-04 5.209650229536081679e-04
-1.301901901901901937e+01 6.352130335425786858e-04 5.153365081147005160e-04
-1.304704704704704810e+01 6.284402685143455989e-04 5.097874449594925811e-04
-1.307507507507507327e+01 6.217602414182845164e-04 5.043163598124191047e-04
-1.310310310310310200e+01 6.151712998733906276e-04 4.989218122583053642e-04
-1.313113113113113073e+01 6.086718270897527793e-04 4.936023942549893273e-04
-1.315915915915915946e+01 6.022602409655622522e-04 4.883567292731483917e-04
-1.318718718718718819e+01 5.959349932107102944e-04 4.831834714626739532e-04
-1.321521521521521336e+01 5.896945684959831267e-04 4.780813048447303971e-04
-1.324324324324324209e+01 5.835374836270129694e-04 4.730489425283005800e-04
-1.327127127127127082e+01 5.774622867421568689e-04 4.680851259503661052e-04
-1.329929929929929955e+01 5.714675565335442745e-04 4.631886241394156173e-04
-1.332732732732732828e+01 5.655519014904327249e-04 4.583582330008562035e-04
-1.335535535535535345e+01 5.597139591642510481e-04 4.535927746236681642e-04
-1.338338338338338218e+01 5.539523954548647346e-04 4.488910966084302219e-04
-1.341141141141141091e+01 5.482659039168463581e-04 4.442520714145837884e-04
-1.343943943943943964e+01 5.426532050851898617e-04 4.396745957274106852e-04
-1.346746746746746837e+01 5.371130458207961375e-04 4.351575898438653548e-04
-1.349549549549549354e+01 5.316441986739848776e-04 4.306999970764373558e-04
-1.352352352352352227e+01 5.262454612651624054e-04 4.263007831736013910e-04
-1.355155155155155100e+01 5.209156556828404292e-04 4.219589357576345205e-04
-1.357957957957957973e+01 5.156536278992275438e-04 4.176734637788538326e-04
-1.360760760760760846e+01 5.104582472010860822e-04 4.134433969855199698e-04
-1.363563563563563363e+01 5.053284056367951874e-04 4.092677854091737299e-04
-1.366366366366366236e+01 5.002630174784781147e-04 4.051456988646026745e-04
-1.369169169169169109e+01 4.952610186987276659e-04 4.010762264639848736e-04
-1.371971971971971982e+01 4.903213664616836408e-04 3.970584761450720386e-04
-1.374774774774774855e+01 4.854430386279100142e-04 3.930915742125920607e-04
-1.377577577577577728e+01 4.806250332726682444e-04 3.891746648925855940e-04
-1.380380380380380245e+01 4.758663682170092657e-04 3.853069098995435962e-04
-1.383183183183183118e+01 4.711660805717604941e-04 3.814874880151495197e-04
-1.385985985985985991e+01 4.665232262933232646e-04 3.777155946791620721e-04
-1.388788788788788864e+01 4.619368797518066450e-04 3.739904415917901957e-04
-1.391591591591591737e+01 4.574061333105073723e-04 3.703112563271024598e-04
-1.394394394394394254e+01 4.529300969160680412e-04 3.666772819564639136e-04
-1.397197197197197127e+01 4.485078976994787245e-04 3.630877766826372060e-04
-1.400000000000000000e+01 4.441386795878861913e-04 3.595420134839583831e-04
