1.400000000000000000e+01 1.498844211449640936e-04 1.498844211449640936e-04
1.397197197197197127e+01 1.542913563439701503e-04 1.542913563439701503e-04
1.394394394394394432e+01 1.587838882278575989e-04 1.587838882278575989e-04
1.391591591591591559e+01 1.633651222202646218e-04 1.633651222202646218e-04
1.388788788788788864e+01 1.680382314039274253e-04 1.680382314039274253e-04
1.385985985985985991e+01 1.728064581363962092e-04 1.728064581363962092e-04
1.383183183183183118e+01 1.776731157162735227e-04 1.776731157162735227e-04
1.380380380380380423e+01 1.826415901017668098e-04 1.826415901017668098e-04
1.377577577577577550e+01 1.877153416834048780e-04 1.877153416834048780e-04
1.374774774774774855e+01 1.928979071128453487e-04 1.928979071128453487e-04
1.371971971971971982e+01 1.981929011897761263e-04 1.981929011897761263e-04
1.369169169169169109e+01 2.036040188089901701e-04 2.036040188089901701e-04
1.366366366366366414e+01 2.091350369697975533e-04 2.091350369697975533e-04
1.363563563563563541e+01 2.147898168500232566e-04 2.147898168500232566e-04
1.360760760760760846e+01 2.205723059469265812e-04 2.205723059469265812e-04
1.357957957957957973e+01 2.264865402874775987e-04 2.264865402874775987e-04
1.355155155155155100e+01 2.325366467105168282e-04 2.325366467105168282e-04
1.352352352352352405e+01 2.387268452234320745e-04 2.387268452234320745e-04
1.349549549549549532e+01 2.450614514360915561e-04 2.450614514360915561e-04
1.346746746746746837e+01 2.515448790748794341e-04 2.515448790748794341e-04
1.343943943943943964e+01 2.581816425798065442e-04 2.581816425798065442e-04
1.341141141141141091e+01 2.649763597877785549e-04 2.649763597877785549e-04
1.338338338338338396e+01 2.719337547052454282e-04 2.719337547052454282e-04
1.335535535535535523e+01 2.790586603735772161e-04 2.790586603735772161e-04
1.332732732732732828e+01 2.863560218306555362e-04 2.863560218306555362e-04
1.329929929929929955e+01 2.938308991723219648e-04 2.938308991723219648e-04
1.327127127127127082e+01 3.014884707174660203e-04 3.014884707174660203e-04
1.324324324324324387e+01 3.093340362807074726e-04 3.093340362807074726e-04
1.321521521521521514e+01 3.173730205567873637e-04 3.173730205567873637e-04
1.318718718718718641e+01 3.256109766209597700e-04 3.256109766209597700e-04
1.315915915915915946e+01 3.340535895498621165e-04 3.340535895498621165e-04
1.313113113113113073e+01 3.427066801675395001e-04 3.427066801675395001e-04
1.310310310310310378e+01 3.515762089214792205e-04 3.515762089214792205e-04
1.307507507507507505e+01 3.606682798937606987e-04 3.606682798937606987e-04
1.304704704704704632e+01 3.699891449526075183e-04 3.699891449526075183e-04
1.301901901901901937e+01 3.795452056977746355e-04 3.795452056977746355e-04
1.299099099099099064e+01 3.893425285462820862e-04 3.893425285462820862e-04
1.296296296296296369e+01 3.993862227216387673e-04 3.993862227216387673e-04
1.293493493493493496e+01 4.096813567991929570e-04 4.096813567991929570e-04
1.290690690690690623e+01 4.202331052660990057e-04 4.202331052660990057e-04
1.287887887887887928e+01 4.310467508320745531e-04 4.310467508320745531e-04
1.285085085085085055e+01 4.421276867924948950e-04 4.421276867924948950e-04
1.282282282282282360e+01 4.534814194449701750e-04 4.534814194449701750e-04
1.279479479479479487e+01 4.651135705606309853e-04 4.651135705606309853e-04
1.276676676676676614e+01 4.770298799113129365e-04 4.770298799113129365e-04
1.273873873873873919e+01 4.892362078538931578e-04 4.892362078538931578e-04
1.271071071071071046e+01 5.017385379730365065e-04 5.017385379730365065e-04
1.268268268268268173e+01 5.145429797836231518e-04 5.145429797836231518e-04
1.265465465465465478e+01 5.276557714941725041e-04 5.276557714941725041e-04
1.262662662662662605e+01 5.410832828325851888e-04 5.410832828325851888e-04
1.259859859859859910e+01 5.548320179355290416e-04 5.548320179355290416e-04
1.257057057057057037e+01 5.689086183028711644e-04 5.689086183028711644e-04
1.254254254254254164e+01 5.833198658184948109e-04 5.833198658184948109e-04
1.251451451451451469e+01 5.980726858389411428e-04 5.980726858389411428e-04
1.248648648648648596e+01 6.131741503512851002e-04 6.131741503512851002e-04
1.245845845845845901e+01 6.286314812016667759e-04 6.286314812016667759e-04
1.243043043043043028e+01 6.444520533959765532e-04 6.444520533959765532e-04
1.240240240240240155e+01 6.606433984741125762e-04 6.606433984741125762e-04
1.237437437437437460e+01 6.772132079593436160e-04 6.772132079593436160e-04
1.234634634634634587e+01 6.941693368842507617e-04 6.941693368842507617e-04
1.231831831831831892e+01 7.115198073947527017e-04 7.115198073947527017e-04
1.229029029029029019e+01 7.292728124337683653e-04 7.292728124337683653e-04
1.226226226226226146e+01 7.474367195059958844e-04 7.474367195059958844e-04
1.223423423423423451e+01 7.660200745253825704e-04 7.660200745253825704e-04
1.220620620620620578e+01 7.850316081716463435e-04 7.850316081716463435e-04
1.217817817817817883e+01 8.044803057284523155e-04 8.044803057284523155e-04
1.215015015015015010e+01 8.243754257506627188e-04 8.243754257506627188e-04
1.212212212212212137e+01 8.447264391472703764e-04 8.447264391472703764e-04
1.209409409409409442e+01 8.655430307377241913e-04 8.655430307377241913e-04
1.206606606606606569e+01 8.868351046177424092e-04 8.868351046177424092e-04
1.203803803803803874e+01 9.086127896728843139e-04 9.086127896728843139e-04
1.201001001001001001e+01 9.308864452442032868e-04 9.308864452442032868e-04
1.198198198198198128e+01 9.536666669503069804e-04 9.536666669503069804e-04
1.195395395395395433e+01 9.769642926703734839e-04 9.769642926703734839e-04
1.192592592592592560e+01 1.000790408692719740e-03 1.000790408692719740e-03
1.189789789789789864e+01 1.025156356033647166e-03 1.025156356033647166e-03
1.186986986986986992e+01 1.050073736931454336e-03 1.050073736931454336e-03
1.184184184184184119e+01 1.075554421520536841e-03 1.075554421520536841e-03
1.181381381381381424e+01 1.101610554690712462e-03 1.101610554690712462e-03
1.178578578578578551e+01 1.128254563136958481e-03 1.128254563136958481e-03
1.175775775775775855e+01 1.155499162604867224e-03 1.155499162604867224e-03
1.172972972972972983e+01 1.183357365337308264e-03 1.183357365337308264e-03
1.170170170170170110e+01 1.211842487727791398e-03 1.211842487727791398e-03
1.167367367367367414e+01 1.240968158186244548e-03 1.240968158186244548e-03
1.164564564564564542e+01 1.270748325222954616e-03 1.270748325222954616e-03
1.161761761761761846e+01 1.301197265756534431e-03 1.301197265756534431e-03
1.158958958958958974e+01 1.332329593651919658e-03 1.332329593651919658e-03
1.156156156156156101e+01 1.364160268494416049e-03 1.364160268494416049e-03
1.153353353353353405e+01 1.396704604605982164e-03 1.396704604605982164e-03
1.150550550550550533e+01 1.429978280278420633e-03 1.429978280278420633e-03
1.147747747747747837e+01 1.463997105635184495e-03 1.463997105635184495e-03
1.144944944944944965e+01 1.498776432234895069e-03 1.498776432234895069e-03
1.142142142142142092e+01 1.534331781545927257e-03 1.534331781545927257e-03
1.139339339339339396e+01 1.570679024877903729e-03 1.570679024877903729e-03
1.136536536536536524e+01 1.607834391748459669e-03 1.607834391748459669e-03
1.133733733733733828e+01 1.645814478445207282e-03 1.645814478445207282e-03
1.130930930930930955e+01 1.684636256785663902e-03 1.684636256785663902e-03
1.128128128128128083e+01 1.724317083077605292e-03 1.724317083077605292e-03
1.125325325325325387e+01 1.764874707282245185e-03 1.764874707282245185e-03
1.122522522522522515e+01 1.806327282382271578e-03 1.806327282382271578e-03
1.119719719719719819e+01 1.848693373956514403e-03 1.848693373956514403e-03
1.116916916916916946e+01 1.891991969962762005e-03 1.891991969962762005e-03
1.114114114114114074e+01 1.936242490729743427e-03 1.936242490729743427e-03
1.111311311311311378e+01 1.981464799159013759e-03 1.981464799159013759e-03
1.108508508508508505e+01 2.027679211136916657e-03 2.027679211136916657e-03
1.105705705705705810e+01 2.074906506156235907e-03 2.074906506156235907e-03
1.102902902902902937e+01 2.123167938146702707e-03 2.123167938146702707e-03
1.100100100100100065e+01 2.172485246512622856e-03 2.172485246512622856e-03
1.097297297297297192e+01 2.222880667375370239e-03 2.222880667375370239e-03
1.094494494494494496e+01 2.274376945017456044e-03 2.274376945017456044e-03
1.091691691691691801e+01 2.326997343524105349e-03 2.326997343524105349e-03
1.088888888888888928e+01 2.380765658617099191e-03 2.380765658617099191e-03
1.086086086086086056e+01 2.435706218676521925e-03 2.435706218676521925e-03
1.083283283283283183e+01 2.491843531698153917e-03 2.491843531698153917e-03
1.080480480480480487e+01 2.549202200022044913e-03 2.549202200022044913e-03
1.077677677677677615e+01 2.607807352670776010e-03 2.607807352670776010e-03
1.074874874874874919e+01 2.667684685025209761e-03 2.667684685025209761e-03
1.072072072072072046e+01 2.728860471210937076e-03 2.728860471210937076e-03
1.069269269269269174e+01 2.791361576623511108e-03 2.791361576623511108e-03
1.066466466466466478e+01 2.855215470577518282e-03 2.855215470577518282e-03
1.063663663663663606e+01 2.920450239062132719e-03 2.920450239062132719e-03
1.060860860860860910e+01 2.987094597583481864e-03 2.987094597583481864e-03
1.058058058058058037e+01 3.055177904071462291e-03 3.055177904071462291e-03
1.055255255255255165e+01 3.124730171825617145e-03 3.124730171825617145e-03
1.052452452452452469e+01 3.195782082471607111e-03 3.195782082471607111e-03
1.049649649649649596e+01 3.268364998896096212e-03 3.268364998896096212e-03
1.046846846846846901e+01 3.342510978124054333e-03 3.342510978124054333e-03
1.044044044044044028e+01 3.418252784098291166e-03 3.418252784098291166e-03
1.041241241241241156e+01 3.495623900316181202e-03 3.495623900316181202e-03
1.038438438438438460e+01 3.574658542273682210e-03 3.574658542273682210e-03
1.035635635635635587e+01 3.655391669660967759e-03 3.655391669660967759e-03
1.032832832832832892e+01 3.737858998248026060e-03 3.737858998248026060e-03
1.030030030030030019e+01 3.822097010887580762e-03 3.822097010887580762e-03
1.027227227227227146e+01 3.908142700079225360e-03 3.908142700079225360e-03
1.024424424424424451e+01 3.996033123161298398e-03 3.996033123161298398e-03
1.021621621621621578e+01 4.085805987781481255e-03 4.085805987781481255e-03
1.018818818818818883e+01 4.177499774805062439e-03 4.177499774805062439e-03
1.016016016016016010e+01 4.271153746403012069e-03 4.271153746403012069e-03
1.013213213213213137e+01 4.366807953261974025e-03 4.366807953261974025e-03
1.010410410410410442e+01 4.464503240793827460e-03 4.464503240793827460e-03
1.007607607607607569e+01 4.564281254210748699e-03 4.564281254210748699e-03
1.004804804804804874e+01 4.666184442319118268e-03 4.666184442319118268e-03
1.002002002002002001e+01 4.770256059872609970e-03 4.770256059872609970e-03
9.991991991991991284e+00 4.876540168310054650e-03 4.876540168310054650e-03
9.963963963963964332e+00 4.985081634688708421e-03 4.985081634688708421e-03
9.935935935935935603e+00 5.095926128606955569e-03 5.095926128606955569e-03
9.907907907907908651e+00 5.209120116893160325e-03 5.209120116893160325e-03
9.879879879879879923e+00 5.324710855819028352e-03 5.324710855819028352e-03
9.851851851851851194e+00 5.442746380576134017e-03 5.442746380576134017e-03
9.823823823823824242e+00 5.563275491733970721e-03 5.563275491733970721e-03
9.795795795795795513e+00 5.686347738376221726e-03 5.686347738376221726e-03
9.767767767767768561e+00 5.812013349072453657e-03 5.812013349072453657e-03
9.739739739739739832e+00 5.940322957490752100e-03 5.940322957490752100e-03
9.711711711711711104e+00 6.071327763730686826e-03 6.071327763730686826e-03
9.683683683683684151e+00 6.205079617848207121e-03 6.205079617848207121e-03
9.655655655655655423e+00 6.341630983560751951e-03 6.341630983560751951e-03
9.627627627627628470e+00 6.481034896279392818e-03 6.481034896279392818e-03
9.599599599599599742e+00 6.623344915235562444e-03 6.623344915235562444e-03
9.571571571571571013e+00 6.768615069215402034e-03 6.768615069215402034e-03
9.543543543543542285e+00 6.916899795392132157e-03 6.916899795392132157e-03
9.515515515515515332e+00 7.068253870724430961e-03 7.068253870724430961e-03
9.487487487487488380e+00 7.222732335369342477e-03 7.222732335369342477e-03
9.459459459459459651e+00 7.380390407541167173e-03 7.380390407541167173e-03
9.431431431431430923e+00 7.541283389234511997e-03 7.541283389234511997e-03
9.403403403403402194e+00 7.705466562221188233e-03 7.705466562221188233e-03
9.375375375375375242e+00 7.872995073727507426e-03 7.872995073727507426e-03
9.347347347347348290e+00 8.043923811202797342e-03 8.043923811202797342e-03
9.319319319319319561e+00 8.218307264497530865e-03 8.218307264497530865e-03
9.291291291291290833e+00 8.396199286681577806e-03 8.396199286681577806e-03
9.263263263263262104e+00 8.577652878313328164e-03 8.577652878313328164e-03
9.235235235235235152e+00 8.762720173767666806e-03 8.762720173767666806e-03
9.207207207207208199e+00 8.951452275440162365e-03 8.951452275440162365e-03
9.179179179179179471e+00 9.143899057646846101e-03 9.143899057646846101e-03
9.151151151151150742e+00 9.340108956927559505e-03 9.340108956927559505e-03
9.123123123123122014e+00 9.540128748636494960e-03 9.540128748636494960e-03
9.095095095095095061e+00 9.744003309837295790e-03 9.744003309837295790e-03
9.067067067067068109e+00 9.951775368677018979e-03 9.951775368677018979e-03
9.039039039039039380e+00 1.016348524059320496e-02 1.016348524059320496e-02
9.011011011011010652e+00 1.037917055191362251e-02 1.037917055191362251e-02
8.982982982982981923e+00 1.059886595163803992e-02 1.059886595163803992e-02
8.954954954954954971e+00 1.082260281244543272e-02 1.082260281244543272e-02
8.926926926926928019e+00 1.105040892224783654e-02 1.105040892224783654e-02
8.898898898898899290e+00 1.128230816837668890e-02 1.128230816837668890e-02
8.870870870870870561e+00 1.151832031126403394e-02 1.151832031126403394e-02
8.842842842842841833e+00 1.175846079970562820e-02 1.175846079970562820e-02
8.814814814814814881e+00 1.200274029145214673e-02 1.200274029145214673e-02
8.786786786786787928e+00 1.225116430377555000e-02 1.225116430377555000e-02
8.758758758758759200e+00 1.250373289449256860e-02 1.250373289449256860e-02
8.730730730730730471e+00 1.276044035128120861e-02 1.276044035128120861e-02
8.702702702702701743e+00 1.302127489312517213e-02 1.302127489312517213e-02
8.674674674674674790e+00 1.328621838797428532e-02 1.328621838797428532e-02
8.646646646646647838e+00 1.355524609091260380e-02 1.355524609091260380e-02
8.618618618618619109e+00 1.382832640726401087e-02 1.382832640726401087e-02
8.590590590590590381e+00 1.410542068512885168e-02 1.410542068512885168e-02
8.562562562562561652e+00 1.438648304181839449e-02 1.438648304181839449e-02
8.534534534534534700e+00 1.467146022852915468e-02 1.467146022852915468e-02
8.506506506506507748e+00 1.496029154686452124e-02 1.496029154686452124e-02
8.478478478478479019e+00 1.525290913955660264e-02 1.525290913955660264e-02
8.450450450450450290e+00 1.554923812537531598e-02 1.554923812537531598e-02
8.422422422422421562e+00 1.584919628661005456e-02 1.584919628661005456e-02
8.394394394394394610e+00 1.615269415550959348e-02 1.615269415550959348e-02
8.366366366366367657e+00 1.645963518138769677e-02 1.645963518138769677e-02
8.338338338338338929e+00 1.676991595297747453e-02 1.676991595297747453e-02
8.310310310310310200e+00 1.708342647542029219e-02 1.708342647542029219e-02
8.282282282282281471e+00 1.740005050032079892e-02 1.740005050032079892e-02
8.254254254254254519e+00 1.771966590633819102e-02 1.771966590633819102e-02
8.226226226226227567e+00 1.804214512684624433e-02 1.804214512684624433e-02
8.198198198198198838e+00 1.836735562030912886e-02 1.836735562030912886e-02
8.170170170170170110e+00 1.869516037821619334e-02 1.869516037821619334e-02
8.142142142142141381e+00 1.902541853527383447e-02 1.902541853527383447e-02
8.114114114114114429e+00 1.935798646035860604e-02 1.935798646035860604e-02
8.086086086086085700e+00 1.969271804222421166e-02 1.969271804222421166e-02
8.058058058058058748e+00 2.002946498257451857e-02 2.002946498257451857e-02
8.030030030030030019e+00 2.036807738815420155e-02 2.036807738815420155e-02
8.002002002002001291e+00 2.070840436266644172e-02 2.070840436266644172e-02
7.973973973973974338e+00 2.105029458949157772e-02 2.105029458949157772e-02
7.945945945945945610e+00 2.139359689881185564e-02 2.139359689881185564e-02
7.917917917917917769e+00 2.173816081324197666e-02 2.173816081324197666e-02
7.889889889889889929e+00 2.208383706666502966e-02 2.208383706666502966e-02
7.861861861861862089e+00 2.243047809165598511e-02 2.243047809165598511e-02
7.833833833833834248e+00 2.277793847157165430e-02 2.277793847157165430e-02
7.805805805805805520e+00 2.312607529866736802e-02 2.312607529866736802e-02
7.777777777777777679e+00 2.347474845873741278e-02 2.347474845873741278e-02
7.749749749749749839e+00 2.382382112488838632e-02 2.382382112488838632e-02
7.721721721721721998e+00 2.417316007434729130e-02 2.417316007434729130e-02
7.693693693693694158e+00 2.452263592727474753e-02 2.452263592727474753e-02
7.665665665665665429e+00 2.487212334224194604e-02 2.487212334224194604e-02
7.637637637637637589e+00 2.522150116962624047e-02 2.522150116962624047e-02
7.609609609609609748e+00 2.557065256469745126e-02 2.557065256469745126e-02
7.581581581581581908e+00 2.591946506260113872e-02 2.591946506260113872e-02
7.553553553553553179e+00 2.626783061779760717e-02 2.626783061779760717e-02
7.525525525525525339e+00 2.661564562163016082e-02 2.661564562163016082e-02
7.497497497497497498e+00 2.696281154922806206e-02 2.696281154922806206e-02
7.469469469469469658e+00 2.730923527862760478e-02 2.730923527862760478e-02
7.441441441441441818e+00 2.765482801676275373e-02 2.765482801676275373e-02
7.413413413413413089e+00 2.799950511713525034e-02 2.799950511713525034e-02
7.385385385385385248e+00 2.834318597755706992e-02 2.834318597755706992e-02
7.357357357357357408e+00 2.868579392426787167e-02 2.868579392426787167e-02
7.329329329329329568e+00 2.902725608503819305e-02 2.902725608503819305e-02
7.301301301301301727e+00 2.936750325369206355e-02 2.936750325369206355e-02
7.273273273273272999e+00 2.970646974828854495e-02 2.970646974828854495e-02
7.245245245245245158e+00 3.004409326282954026e-02 3.004409326282954026e-02
7.217217217217217318e+00 3.038031459919339830e-02 3.038031459919339830e-02
7.189189189189189477e+00 3.071507746851149731e-02 3.071507746851149731e-02
7.161161161161161637e+00 3.104832851911347794e-02 3.104832851911347794e-02
7.133133133133132908e+00 3.138001719467967132e-02 3.138001719467967132e-02
7.105105105105105068e+00 3.171009557896397463e-02 3.171009557896397463e-02
7.077077077077077227e+00 3.203851824470957399e-02 3.203851824470957399e-02
7.049049049049049387e+00 3.236524210760186038e-02 3.236524210760186038e-02
7.021021021021020658e+00 3.269022628593455659e-02 3.269022628593455659e-02
6.992992992992992818e+00 3.301343196647641559e-02 3.301343196647641559e-02
6.964964964964964977e+00 3.333482203065678967e-02 3.333482203065678967e-02
6.936936936936937137e+00 3.365436029576215904e-02 3.365436029576215904e-02
6.908908908908909297e+00 3.397201199217626116e-02 3.397201199217626116e-02
6.880880880880880568e+00 3.428774383499297307e-02 3.428774383499297307e-02
6.852852852852852727e+00 3.460152393351095812e-02 3.460152393351095812e-02
6.824824824824824887e+00 3.491332170667083012e-02 3.491332170667083012e-02
6.796796796796797047e+00 3.522310780423743709e-02 3.522310780423743709e-02
6.768768768768769206e+00 3.553085403351590593e-02 3.553085403351590593e-02
6.740740740740740478e+00 3.583653330181051783e-02 3.583653330181051783e-02
6.712712712712712637e+00 3.614011996510194114e-02 3.614011996510194114e-02
6.684684684684684797e+00 3.644158998608506422e-02 3.644158998608506422e-02
6.656656656656656956e+00 3.674092044239136989e-02 3.674092044239136989e-02
6.628628628628629116e+00 3.703808944354761157e-02 3.703808944354761157e-02
6.600600600600600387e+00 3.733307608605417049e-02 3.733307608605417049e-02
6.572572572572572547e+00 3.762586041315900409e-02 3.762586041315900409e-02
6.544544544544544706e+00 3.791642337908988220e-02 3.791642337908988220e-02
6.516516516516516866e+00 3.820474681576457171e-02 3.820474681576457171e-02
6.488488488488488137e+00 3.849081327319341800e-02 3.849081327319341800e-02
6.460460460460460297e+00 3.877460583000380545e-02 3.877460583000380545e-02
6.432432432432432456e+00 3.905610819037484693e-02 3.905610819037484693e-02
6.404404404404404616e+00 3.933530467850180484e-02 3.933530467850180484e-02
6.376376376376376776e+00 3.961218022100387176e-02 3.961218022100387176e-02
6.348348348348348047e+00 3.988672033241642823e-02 3.988672033241642823e-02
6.320320320320320207e+00 4.015891110350208737e-02 4.015891110350208737e-02
6.292292292292292366e+00 4.042873916170500181e-02 4.042873916170500181e-02
6.264264264264264526e+00 4.069619146242890728e-02 4.069619146242890728e-02
6.236236236236236685e+00 4.096125551838718237e-02 4.096125551838718237e-02
6.208208208208207957e+00 4.122391957090758285e-02 4.122391957090758285e-02
6.180180180180180116e+00 4.148417259804776380e-02 4.148417259804776380e-02
6.152152152152152276e+00 4.174200432137040173e-02 4.174200432137040173e-02
6.124124124124124435e+00 4.199740521263748555e-02 4.199740521263748555e-02
6.096096096096096595e+00 4.225036640026479107e-02 4.225036640026479107e-02
6.068068068068067866e+00 4.250087844436481466e-02 4.250087844436481466e-02
6.040040040040040026e+00 4.274893157017748552e-02 4.274893157017748552e-02
6.012012012012012185e+00 4.299451648023482064e-02 4.299451648023482064e-02
5.983983983983984345e+00 4.323762436770145490e-02 4.323762436770145490e-02
5.955955955955955616e+00 4.347824691446772194e-02 4.347824691446772194e-02
5.927927927927928664e+00 4.371637629102046591e-02 4.371637629102046591e-02
5.899899899899899935e+00 4.395200507088691672e-02 4.395200507088691672e-02
5.871871871871871207e+00 4.418512605632319429e-02 4.418512605632319429e-02
5.843843843843844255e+00 4.441573281634916132e-02 4.441573281634916132e-02
5.815815815815815526e+00 4.464381985667448260e-02 4.464381985667448260e-02
5.787787787787788574e+00 4.486938263899075546e-02 4.486938263899075546e-02
5.759759759759759845e+00 4.509241759824236112e-02 4.509241759824236112e-02
5.731731731731731116e+00 4.531292224542841918e-02 4.531292224542841918e-02
5.703703703703704164e+00 4.553089606950281448e-02 4.553089606950281448e-02
5.675675675675675436e+00 4.574634003371432639e-02 4.574634003371432639e-02
5.647647647647648483e+00 4.595925588139546797e-02 4.595925588139546797e-02
5.619619619619619755e+00 4.616964612952245001e-02 4.616964612952245001e-02
5.591591591591591026e+00 4.637751407436815909e-02 4.637751407436815909e-02
5.563563563563564074e+00 4.658286385958237963e-02 4.658286385958237963e-02
5.535535535535535345e+00 4.678570103788307760e-02 4.678570103788307760e-02
5.507507507507508393e+00 4.698603239470490467e-02 4.698603239470490467e-02
5.479479479479479664e+00 4.718386564873054689e-02 4.718386564873054689e-02
5.451451451451450936e+00 4.737920944486521263e-02 4.737920944486521263e-02
5.423423423423423984e+00 4.757207334588345327e-02 4.757207334588345327e-02
5.395395395395395255e+00 4.776246543576845305e-02 4.776246543576845305e-02
5.367367367367368303e+00 4.795038783624062245e-02 4.795038783624062245e-02
5.339339339339339574e+00 4.813584246509085285e-02 4.813584246509085285e-02
5.311311311311310845e+00 4.831883229357879228e-02 4.831883229357879228e-02
5.283283283283283893e+00 4.849936134775956892e-02 4.849936134775956892e-02
5.255255255255255165e+00 4.867743637442495386e-02 4.867743637442495386e-02
5.227227227227226436e+00 4.885307779046938609e-02 4.885307779046938609e-02
5.199199199199199484e+00 4.902631271133352231e-02 4.902631271133352231e-02
5.171171171171170755e+00 4.919716912028358063e-02 4.919716912028358063e-02
5.143143143143143803e+00 4.936567581582672337e-02 4.936567581582672337e-02
5.115115115115115074e+00 4.953185999160859831e-02 4.953185999160859831e-02
5.087087087087086346e+00 4.969572869466479942e-02 4.969572869466479942e-02
5.059059059059059393e+00 4.985727901692874747e-02 4.985727901692874747e-02
5.031031031031030665e+00 5.001650884758136045e-02 5.001650884758136045e-02
5.003003003003003712e+00 5.017341697050638899e-02 5.017341697050638899e-02
4.974974974974974984e+00 5.032801049128569210e-02 5.032801049128569210e-02
4.946946946946946255e+00 5.048033104612224126e-02 5.048033104612224126e-02
4.918918918918919303e+00 5.063043111885666414e-02 5.063043111885666414e-02
4.890890890890890574e+00 5.077836465213200062e-02 5.077836465213200062e-02
4.862862862862863622e+00 5.092418634915201608e-02 5.092418634915201608e-02
4.834834834834834894e+00 5.106792755100438008e-02 5.106792755100438008e-02
4.806806806806806165e+00 5.120958894713344145e-02 5.120958894713344145e-02
4.778778778778779213e+00 5.134916972156819415e-02 5.134916972156819415e-02
4.750750750750750484e+00 5.148666956898514946e-02 5.148666956898514946e-02
4.722722722722723532e+00 5.162210117315822744e-02 5.162210117315822744e-02
4.694694694694694803e+00 5.175551834898989290e-02 5.175551834898989290e-02
4.666666666666666075e+00 5.188698408784609556e-02 5.188698408784609556e-02
4.638638638638639122e+00 5.201656240827400024e-02 5.201656240827400024e-02
4.610610610610610394e+00 5.214430948190451609e-02 5.214430948190451609e-02
4.582582582582583441e+00 5.227023985480495211e-02 5.227023985480495211e-02
4.554554554554554713e+00 5.239435618397231265e-02 5.239435618397231265e-02
4.526526526526525984e+00 5.251666202975720926e-02 5.251666202975720926e-02
4.498498498498499032e+00 5.263717654173772492e-02 5.263717654173772492e-02
4.470470470470470303e+00 5.275597996241481596e-02 5.275597996241481596e-02
4.442442442442443351e+00 5.287316942604052689e-02 5.287316942604052689e-02
4.414414414414414622e+00 5.298884352124189762e-02 5.298884352124189762e-02
4.386386386386385894e+00 5.310308055710109137e-02 5.310308055710109137e-02
4.358358358358358942e+00 5.321591376734362278e-02 5.321591376734362278e-02
4.330330330330330213e+00 5.332736975330003987e-02 5.332736975330003987e-02
4.302302302302303261e+00 5.343747375265527760e-02 5.343747375265527760e-02
4.274274274274274532e+00 5.354624600746632490e-02 5.354624600746632490e-02
4.246246246246245803e+00 5.365370480532066777e-02 5.365370480532066777e-02
4.218218218218218851e+00 5.375987035287910221e-02 5.375987035287910221e-02
4.190190190190190123e+00 5.386478959315495196e-02 5.386478959315495196e-02
4.162162162162161394e+00 5.396857155974616599e-02 5.396857155974616599e-02
4.134134134134134442e+00 5.407133492675926523e-02 5.407133492675926523e-02
4.106106106106105713e+00 5.417318946382428113e-02 5.417318946382428113e-02
4.078078078078078761e+00 5.427418828147487911e-02 5.427418828147487911e-02
4.050050050050050032e+00 5.437436310364552466e-02 5.437436310364552466e-02
4.022022022022021304e+00 5.447374868923134800e-02 5.447374868923134800e-02
3.993993993993994351e+00 5.457241165415829126e-02 5.457241165415829126e-02
3.965965965965965623e+00 5.467043897116401902e-02 5.467043897116401902e-02
3.937937937937938671e+00 5.476791885229176371e-02 5.476791885229176371e-02
3.909909909909909942e+00 5.486493753173755927e-02 5.486493753173755927e-02
3.881881881881881213e+00 5.496157875815527172e-02 5.496157875815527172e-02
3.853853853853854261e+00 5.505792375266392591e-02 5.505792375266392591e-02
3.825825825825825532e+00 5.515403834485629875e-02 5.515403834485629875e-02
3.797797797797798580e+00 5.524998038887415919e-02 5.524998038887415919e-02
3.769769769769769852e+00 5.534581384045129254e-02 5.534581384045129254e-02
3.741741741741741123e+00 5.544163362414175622e-02 5.544163362414175622e-02
3.713713713713714171e+00 5.553754645410320656e-02 5.553754645410320656e-02
3.685685685685685442e+00 5.563366476162290297e-02 5.563366476162290297e-02
3.657657657657658490e+00 5.573011058498991005e-02 5.573011058498991005e-02
3.629629629629629761e+00 5.582700351879806011e-02 5.582700351879806011e-02
3.601601601601601033e+00 5.592443171382140144e-02 5.592443171382140144e-02
3.573573573573574080e+00 5.602246007270469258e-02 5.602246007270469258e-02
3.545545545545545352e+00 5.612116098810689818e-02 5.612116098810689818e-02
3.517517517517518399e+00 5.622062554614544461e-02 5.622062554614544461e-02
3.489489489489489671e+00 5.632094822428860420e-02 5.632094822428860420e-02
3.461461461461460942e+00 5.642226597678932226e-02 5.642226597678932226e-02
3.433433433433433990e+00 5.652475180900757429e-02 5.652475180900757429e-02
3.405405405405405261e+00 5.662858257575562049e-02 5.662858257575562049e-02
3.377377377377378309e+00 5.673393156683684962e-02 5.673393156683684962e-02
3.349349349349349581e+00 5.684092000697443803e-02 5.684092000697443803e-02
3.321321321321320852e+00 5.694948341472926695e-02 5.694948341472926695e-02
3.293293293293293900e+00 5.705957058875698457e-02 5.705957058875698457e-02
3.265265265265265171e+00 5.717152024017082418e-02 5.717152024017082418e-02
3.237237237237238219e+00 5.728579213408431514e-02 5.728579213408431514e-02
3.209209209209209490e+00 5.740241367578446940e-02 5.740241367578446940e-02
3.181181181181180762e+00 5.752119636947355952e-02 5.752119636947355952e-02
3.153153153153153809e+00 5.764237019311782562e-02 5.764237019311782562e-02
3.125125125125125081e+00 5.776640535275940486e-02 5.776640535275940486e-02
3.097097097097096352e+00 5.789335282571441560e-02 5.789335282571441560e-02
3.069069069069069400e+00 5.802304693149874792e-02 5.802304693149874792e-02
3.041041041041040671e+00 5.815575808024288362e-02 5.815575808024288362e-02
3.013013013013013719e+00 5.829194171053869722e-02 5.829194171053869722e-02
2.984984984984984990e+00 5.843180332971747992e-02 5.843180332971747992e-02
2.956956956956956262e+00 5.857544796089957095e-02 5.857544796089957095e-02
2.928928928928929309e+00 5.872296233898393475e-02 5.872296233898393475e-02
2.900900900900900581e+00 5.887437195927553574e-02 5.887437195927553574e-02
2.872872872872873629e+00 5.902965897039971072e-02 5.902965897039971072e-02
2.844844844844844900e+00 5.918946442479806891e-02 5.918946442479806891e-02
2.816816816816816171e+00 5.935457609500711940e-02 5.935457609500711940e-02
2.788788788788789219e+00 5.952439954703768465e-02 5.952439954703768465e-02
2.760760760760760490e+00 5.969880398440646774e-02 5.969880398440646774e-02
2.732732732732733538e+00 5.987870451237971292e-02 5.987870451237971292e-02
2.704704704704704810e+00 6.006407388184002022e-02 6.006407388184002022e-02
2.676676676676676081e+00 6.025492697002583775e-02 6.025492697002583775e-02
2.648648648648649129e+00 6.045203785399521496e-02 6.045203785399521496e-02
2.620620620620620400e+00 6.065547532170501022e-02 6.065547532170501022e-02
2.592592592592593448e+00 6.086519512352460415e-02 6.086519512352460415e-02
2.564564564564564719e+00 6.108146116108575246e-02 6.108146116108575246e-02
2.536536536536535991e+00 6.130449455345374221e-02 6.130449455345374221e-02
2.508508508508509038e+00 6.153489634827561533e-02 6.153489634827561533e-02
2.480480480480480310e+00 6.177306651471421023e-02 6.177306651471421023e-02
2.452452452452453358e+00 6.201861805688037993e-02 6.201861805688037993e-02
2.424424424424424629e+00 6.227178940332948887e-02 6.227178940332948887e-02
2.396396396396395900e+00 6.253349738193798857e-02 6.253349738193798857e-02
2.368368368368368948e+00 6.280358297549600011e-02 6.280358297549600011e-02
2.340340340340340219e+00 6.308187950304983138e-02 6.308187950304983138e-02
2.312312312312313267e+00 6.336997604580453525e-02 6.336997604580453525e-02
2.284284284284284539e+00 6.366704352539216683e-02 6.366704352539216683e-02
2.256256256256255810e+00 6.397353298920815945e-02 6.397353298920815945e-02
2.228228228228228858e+00 6.428964936260869734e-02 6.428964936260869734e-02
2.200200200200200129e+00 6.461553313263457277e-02 6.461553313263457277e-02
2.172172172172171400e+00 6.495207612782290252e-02 6.495207612782290252e-02
2.144144144144144448e+00 6.529944019809875988e-02 6.529944019809875988e-02
2.116116116116115720e+00 6.565757393811999520e-02 6.565757393811999520e-02
2.088088088088088767e+00 6.602693376835035155e-02 6.602693376835035155e-02
2.060060060060060039e+00 6.640734106577032836e-02 6.640734106577032836e-02
2.032032032032031310e+00 6.679995502514773920e-02 6.679995502514773920e-02
2.004004004004004358e+00 6.720281146093398661e-02 6.720281146093398661e-02
1.975975975975975629e+00 6.761853341177552490e-02 6.761853341177552490e-02
1.947947947947948677e+00 6.804566872938641597e-02 6.804566872938641597e-02
1.919919919919919948e+00 6.848596022752836965e-02 6.848596022752836965e-02
1.891891891891891220e+00 6.893813479444517445e-02 6.893813479444517445e-02
1.863863863863864268e+00 6.940403266028401241e-02 6.940403266028401241e-02
1.835835835835835539e+00 6.988152182163742676e-02 6.988152182163742676e-02
1.807807807807808587e+00 7.037253825711502209e-02 7.037253825711502209e-02
1.779779779779779858e+00 7.087624655467301971e-02 7.087624655467301971e-02
1.751751751751751129e+00 7.139262245429039977e-02 7.139262245429039977e-02
1.723723723723724177e+00 7.192174679375550050e-02 7.192174679375550050e-02
1.695695695695695449e+00 7.246421087569986097e-02 7.246421087569986097e-02
1.667667667667668496e+00 7.301978105401335517e-02 7.301978105401335517e-02
1.639639639639639768e+00 7.358741684186564935e-02 7.358741684186564935e-02
1.611611611611611039e+00 7.416682434927575340e-02 7.416682434927575340e-02
1.583583583583584087e+00 7.475965489297876909e-02 7.475965489297876909e-02
1.555555555555555358e+00 7.536358062055539819e-02 7.536358062055539819e-02
1.527527527527528406e+00 7.598087465637236304e-02 7.598087465637236304e-02
1.499499499499499677e+00 7.660750973137042674e-02 7.660750973137042674e-02
1.471471471471470949e+00 7.724564478680512325e-02 7.724564478680512325e-02
1.443443443443443996e+00 7.789455069558290368e-02 7.789455069558290368e-02
1.415415415415415268e+00 7.855156269832035132e-02 7.855156269832035132e-02
1.387387387387388316e+00 7.921880360431195200e-02 7.921880360431195200e-02
1.359359359359359587e+00 7.989369991190263531e-02 7.989369991190263531e-02
1.331331331331330858e+00 8.057645062285838378e-02 8.057645062285838378e-02
1.303303303303303906e+00 8.126449593745183053e-02 8.126449593745183053e-02
1.275275275275275177e+00 8.195880823831548645e-02 8.195880823831548645e-02
1.247247247247248225e+00 8.265607210308660580e-02 8.265607210308660580e-02
1.219219219219219497e+00 8.335684376849483712e-02 8.335684376849483712e-02
1.191191191191190768e+00 8.405984990008714963e-02 8.405984990008714963e-02
1.163163163163163816e+00 8.476302987603129280e-02 8.476302987603129280e-02
1.135135135135135087e+00 8.546423511197220879e-02 8.546423511197220879e-02
1.107107107107106359e+00 8.616311087526770662e-02 8.616311087526770662e-02
1.079079079079079406e+00 8.685828404525003377e-02 8.685828404525003377e-02
1.051051051051050678e+00 8.754565525268419302e-02 8.754565525268419302e-02
1.023023023023023725e+00 8.822555752390939809e-02 8.822555752390939809e-02
9.949949949949949968e-01 8.889824165528201205e-02 8.889824165528201205e-02
9.669669669669662682e-01 8.955833983655712982e-02 8.955833983655712982e-02
9.389389389389393159e-01 9.020528502832521334e-02 9.020528502832521334e-02
9.109109109109105873e-01 9.083685293888450751e-02 9.083685293888450751e-02
8.828828828828836350e-01 9.144957985476824536e-02 9.144957985476824536e-02
8.548548548548549064e-01 9.204566164115547677e-02 9.204566164115547677e-02
8.268268268268261778e-01 9.262083961991365855e-02 9.262083961991365855e-02
7.987987987987992256e-01 9.317074506382096166e-02 9.317074506382096166e-02
7.707707707707704969e-01 9.369858622484307509e-02 9.369858622484307509e-02
7.427427427427435447e-01 9.419795515322894330e-02 9.419795515322894330e-02
7.147147147147148161e-01 9.466896598630925030e-02 9.466896598630925030e-02
6.866866866866860875e-01 9.510914105290298182e-02 9.510914105290298182e-02
6.586586586586591352e-01 9.551823384159574548e-02 9.551823384159574548e-02
6.306306306306304066e-01 9.589310162844633112e-02 9.589310162844633112e-02
6.026026026026034543e-01 9.623477819362083463e-02 9.623477819362083463e-02
5.745745745745747257e-01 9.653957202887888944e-02 9.653957202887888944e-02
5.465465465465459971e-01 9.680985739590582118e-02 9.680985739590582118e-02
5.185185185185190448e-01 9.704409349583520417e-02 9.704409349583520417e-02
4.904904904904903162e-01 9.724142425810604340e-02 9.724142425810604340e-02
4.624624624624633640e-01 9.740240529240415390e-02 9.740240529240415390e-02
4.344344344344346354e-01 9.752966608729164710e-02 9.752966608729164710e-02
4.064064064064059068e-01 9.762482112458260863e-02 9.762482112458260863e-02
3.783783783783789545e-01 9.768835358504700250e-02 9.768835358504700250e-02
3.503503503503502259e-01 9.772357825194337433e-02 9.772357825194337433e-02
3.223223223223232736e-01 9.773509921098769149e-02 9.773509921098769149e-02
2.942942942942945450e-01 9.772369612491048352e-02 9.772369612491048352e-02
2.662662662662658164e-01 9.769681076649054663e-02 9.769681076649054663e-02
2.382382382382388641e-01 9.765605057354655172e-02 9.765605057354655172e-02
2.102102102102101355e-01 9.760488791623175842e-02 9.760488791623175842e-02
1.821821821821831833e-01 9.754926003457964345e-02 9.754926003457964345e-02
1.541541541541544547e-01 9.749358191561867393e-02 9.749358191561867393e-02
1.261261261261257260e-01 9.744010550381086710e-02 9.744010550381086710e-02
9.809809809809877379e-02 9.739216241006246055e-02 9.739216241006246055e-02
7.007007007007004518e-02 9.735471480288836188e-02 9.735471480288836188e-02
4.204204204204131656e-02 9.732806132929296139e-02 9.732806132929296139e-02
1.401401401401436431e-02 9.731345467131639893e-02 9.731345467131639893e-02
-1.401401401401436431e-02 9.731432343053933454e-02 9.731432343053933454e-02
-4.204204204204131656e-02 9.732694170686966018e-02 9.732694170686966018e-02
-7.007007007007004518e-02 9.735320664387094036e-02 9.735320664387094036e-02
-9.809809809809877379e-02 9.739045165392939962e-02 9.739045165392939962e-02
-1.261261261261257260e-01 9.743870292670625544e-02 9.743870292670625544e-02
-1.541541541541544547e-01 9.749152879885977785e-02 9.749152879885977785e-02
-1.821821821821814069e-01 9.754871634226161548e-02 9.754871634226161548e-02
-2.102102102102101355e-01 9.760394404595866547e-02 9.760394404595866547e-02
-2.382382382382388641e-01 9.765416159724306377e-02 9.765416159724306377e-02
-2.662662662662658164e-01 9.769493452116902177e-02 9.769493452116902177e-02
-2.942942942942945450e-01 9.772294520830047959e-02 9.772294520830047959e-02
-3.223223223223214973e-01 9.773372698097126943e-02 9.773372698097126943e-02
-3.503503503503502259e-01 9.772295264272921889e-02 9.772295264272921889e-02
-3.783783783783789545e-01 9.768630349579386640e-02 9.768630349579386640e-02
-4.064064064064059068e-01 9.762323771969752539e-02 9.762323771969752539e-02
-4.344344344344346354e-01 9.752933335634551837e-02 9.752933335634551837e-02
-4.624624624624615876e-01 9.740259839228009031e-02 9.740259839228009031e-02
-4.904904904904903162e-01 9.724102799740586001e-02 9.724102799740586001e-02
-5.185185185185190448e-01 9.704373612589750620e-02 9.704373612589750620e-02
-5.465465465465459971e-01 9.681041290015925116e-02 9.681041290015925116e-02
-5.745745745745747257e-01 9.654221855520388196e-02 9.654221855520388196e-02
-6.026026026026016780e-01 9.623603180654777267e-02 9.623603180654777267e-02
-6.306306306306304066e-01 9.589608256151879728e-02 9.589608256151879728e-02
-6.586586586586591352e-01 9.552001486745866077e-02 9.552001486745866077e-02
-6.866866866866860875e-01 9.511195698344260263e-02 9.511195698344260263e-02
-7.147147147147148161e-01 9.467192665887974590e-02 9.467192665887974590e-02
-7.427427427427417683e-01 9.420150935195978348e-02 9.420150935195978348e-02
-7.707707707707704969e-01 9.370191732387590788e-02 9.370191732387590788e-02
-7.987987987987992256e-01 9.317669713256919450e-02 9.317669713256919450e-02
-8.268268268268261778e-01 9.262607617172627372e-02 9.262607617172627372e-02
-8.548548548548549064e-01 9.205247295950420849e-02 9.205247295950420849e-02
-8.828828828828836350e-01 9.145716085272274920e-02 9.145716085272274920e-02
-9.109109109109105873e-01 9.084405098583653304e-02 9.084405098583653304e-02
-9.389389389389393159e-01 9.021238940665725348e-02 9.021238940665725348e-02
-9.669669669669662682e-01 8.956649500412205978e-02 8.956649500412205978e-02
-9.949949949949949968e-01 8.890731777346123910e-02 8.890731777346123910e-02
-1.023023023023023725e+00 8.823624875846358684e-02 8.823624875846358684e-02
-1.051051051051050678e+00 8.755554715882445105e-02 8.755554715882445105e-02
-1.079079079079079406e+00 8.686702608074620136e-02 8.686702608074620136e-02
-1.107107107107106359e+00 8.617301904196958406e-02 8.617301904196958406e-02
-1.135135135135135087e+00 8.547355282743157590e-02 8.547355282743157590e-02
-1.163163163163163816e+00 8.477176987922394047e-02 8.477176987922394047e-02
-1.191191191191190768e+00 8.406954272540255457e-02 8.406954272540255457e-02
-1.219219219219219497e+00 8.336730474409893843e-02 8.336730474409893843e-02
-1.247247247247246449e+00 8.266608129219783774e-02 8.266608129219783774e-02
-1.275275275275275177e+00 8.196827579908504136e-02 8.196827579908504136e-02
-1.303303303303303906e+00 8.127371808898505023e-02 8.127371808898505023e-02
-1.331331331331330858e+00 8.058519332705652016e-02 8.058519332705652016e-02
-1.359359359359359587e+00 7.990366582647005778e-02 7.990366582647005778e-02
-1.387387387387386539e+00 7.922829726803452821e-02 7.922829726803452821e-02
-1.415415415415415268e+00 7.856037067613047542e-02 7.856037067613047542e-02
-1.443443443443443996e+00 7.790274420561578428e-02 7.790274420561578428e-02
-1.471471471471470949e+00 7.725373254832228198e-02 7.725373254832228198e-02
-1.499499499499499677e+00 7.661494564511554806e-02 7.661494564511554806e-02
-1.527527527527526630e+00 7.598705863521962312e-02 7.598705863521962312e-02
-1.555555555555555358e+00 7.537079913852848256e-02 7.537079913852848256e-02
-1.583583583583584087e+00 7.476614864027301965e-02 7.476614864027301965e-02
-1.611611611611611039e+00 7.417314241957059795e-02 7.417314241957059795e-02
-1.639639639639639768e+00 7.359252253354472972e-02 7.359252253354472972e-02
-1.667667667667666720e+00 7.302437480769773115e-02 7.302437480769773115e-02
-1.695695695695695449e+00 7.246863451806831447e-02 7.246863451806831447e-02
-1.723723723723724177e+00 7.192613129560186669e-02 7.192613129560186669e-02
-1.751751751751751129e+00 7.139570544716268563e-02 7.139570544716268563e-02
-1.779779779779779858e+00 7.087857727976637490e-02 7.087857727976637490e-02
-1.807807807807806810e+00 7.037429569922207251e-02 7.037429569922207251e-02
-1.835835835835835539e+00 6.988357700363501124e-02 6.988357700363501124e-02
-1.863863863863864268e+00 6.940509431637792437e-02 6.940509431637792437e-02
-1.891891891891891220e+00 6.893901440048356977e-02 6.893901440048356977e-02
-1.919919919919919948e+00 6.848631346813169318e-02 6.848631346813169318e-02
-1.947947947947948677e+00 6.804598756466094522e-02 6.804598756466094522e-02
-1.975975975975975629e+00 6.761786799913252488e-02 6.761786799913252488e-02
-2.004004004004002581e+00 6.720183070593026275e-02 6.720183070593026275e-02
-2.032032032032031310e+00 6.679757636390504238e-02 6.679757636390504238e-02
-2.060060060060060039e+00 6.640549682865122538e-02 6.640549682865122538e-02
-2.088088088088088767e+00 6.602462301004638490e-02 6.602462301004638490e-02
-2.116116116116117496e+00 6.565522099243696619e-02 6.565522099243696619e-02
-2.144144144144142672e+00 6.529676970748107823e-02 6.529676970748107823e-02
-2.172172172172171400e+00 6.494885746433827489e-02 6.494885746433827489e-02
-2.200200200200200129e+00 6.461198351689284580e-02 6.461198351689284580e-02
-2.228228228228228858e+00 6.428583083230002271e-02 6.428583083230002271e-02
-2.256256256256257586e+00 6.396894896668713082e-02 6.396894896668713082e-02
-2.284284284284282762e+00 6.366190441920123455e-02 6.366190441920123455e-02
-2.312312312312311491e+00 6.336480027279058069e-02 6.336480027279058069e-02
-2.340340340340340219e+00 6.307683044184915488e-02 6.307683044184915488e-02
-2.368368368368368948e+00 6.279773797693545545e-02 6.279773797693545545e-02
-2.396396396396397677e+00 6.252724794371034012e-02 6.252724794371034012e-02
-2.424424424424422853e+00 6.226539199762178012e-02 6.226539199762178012e-02
-2.452452452452451581e+00 6.201176430107621651e-02 6.201176430107621651e-02
-2.480480480480480310e+00 6.176583922939705290e-02 6.176583922939705290e-02
-2.508508508508509038e+00 6.152774238494759795e-02 6.152774238494759795e-02
-2.536536536536537767e+00 6.129713369536248652e-02 6.129713369536248652e-02
-2.564564564564562943e+00 6.107379793209807145e-02 6.107379793209807145e-02
-2.592592592592591672e+00 6.085737543062090527e-02 6.085737543062090527e-02
-2.620620620620620400e+00 6.064738835073499312e-02 6.064738835073499312e-02
-2.648648648648649129e+00 6.044413095918026863e-02 6.044413095918026863e-02
-2.676676676676677857e+00 6.024719183255432264e-02 6.024719183255432264e-02
-2.704704704704703033e+00 6.005592114951504440e-02 6.005592114951504440e-02
-2.732732732732731762e+00 5.987047703794158571e-02 5.987047703794158571e-02
-2.760760760760760490e+00 5.969044841013551594e-02 5.969044841013551594e-02
-2.788788788788789219e+00 5.951539858147728013e-02 5.951539858147728013e-02
-2.816816816816817948e+00 5.934567143819895890e-02 5.934567143819895890e-02
-2.844844844844843124e+00 5.918103408750309546e-02 5.918103408750309546e-02
-2.872872872872871852e+00 5.902089565844460123e-02 5.902089565844460123e-02
-2.900900900900900581e+00 5.886514544164137691e-02 5.886514544164137691e-02
-2.928928928928929309e+00 5.871371678299467517e-02 5.871371678299467517e-02
-2.956956956956958038e+00 5.856644158808759631e-02 5.856644158808759631e-02
-2.984984984984983214e+00 5.842303634073540974e-02 5.842303634073540974e-02
-3.013013013013011943e+00 5.828318148754119826e-02 5.828318148754119826e-02
-3.041041041041040671e+00 5.814677487012526180e-02 5.814677487012526180e-02
-3.069069069069069400e+00 5.801373736913370549e-02 5.801373736913370549e-02
-3.097097097097098128e+00 5.788383861617040632e-02 5.788383861617040632e-02
-3.125125125125123304e+00 5.775690652872229880e-02 5.775690652872229880e-02
-3.153153153153152033e+00 5.763293293662452577e-02 5.763293293662452577e-02
-3.181181181181180762e+00 5.751180137536198583e-02 5.751180137536198583e-02
-3.209209209209209490e+00 5.739319927618416473e-02 5.739319927618416473e-02
-3.237237237237238219e+00 5.727688459854123060e-02 5.727688459854123060e-02
-3.265265265265263395e+00 5.716274777325924816e-02 5.716274777325924816e-02
-3.293293293293292123e+00 5.705066490709715527e-02 5.705066490709715527e-02
-3.321321321321320852e+00 5.694046329518839822e-02 5.694046329518839822e-02
-3.349349349349349581e+00 5.683198724225024118e-02 5.683198724225024118e-02
-3.377377377377378309e+00 5.672514321180419788e-02 5.672514321180419788e-02
-3.405405405405403485e+00 5.661984905525494632e-02 5.661984905525494632e-02
-3.433433433433432214e+00 5.651601220287664346e-02 5.651601220287664346e-02
-3.461461461461460942e+00 5.641352796905456379e-02 5.641352796905456379e-02
-3.489489489489489671e+00 5.631223837884610783e-02 5.631223837884610783e-02
-3.517517517517518399e+00 5.621195928107115825e-02 5.621195928107115825e-02
-3.545545545545547128e+00 5.611255898706482559e-02 5.611255898706482559e-02
-3.573573573573572304e+00 5.601397721212054287e-02 5.601397721212054287e-02
-3.601601601601601033e+00 5.591614278124901194e-02 5.591614278124901194e-02
-3.629629629629629761e+00 5.581890977189452041e-02 5.581890977189452041e-02
-3.657657657657658490e+00 5.572211238747194068e-02 5.572211238747194068e-02
-3.685685685685687218e+00 5.562565085018965350e-02 5.562565085018965350e-02
-3.713713713713712394e+00 5.552950564181943077e-02 5.552950564181943077e-02
-3.741741741741741123e+00 5.543365371506601275e-02 5.543365371506601275e-02
-3.769769769769769852e+00 5.533800551142757651e-02 5.533800551142757651e-02
-3.797797797797798580e+00 5.524244066555660665e-02 5.524244066555660665e-02
-3.825825825825827309e+00 5.514682629547484199e-02 5.514682629547484199e-02
-3.853853853853852485e+00 5.505100134095892300e-02 5.505100134095892300e-02
-3.881881881881881213e+00 5.495480381964891470e-02 5.495480381964891470e-02
-3.909909909909909942e+00 5.485814818581345037e-02 5.485814818581345037e-02
-3.937937937937938671e+00 5.476107666363318194e-02 5.476107666363318194e-02
-3.965965965965967399e+00 5.466364084347744706e-02 5.466364084347744706e-02
-3.993993993993992575e+00 5.456580024067653190e-02 5.456580024067653190e-02
-4.022022022022021304e+00 5.446738418046861291e-02 5.446738418046861291e-02
-4.050050050050050032e+00 5.436821386669655337e-02 5.436821386669655337e-02
-4.078078078078078761e+00 5.426817487555467973e-02 5.426817487555467973e-02
-4.106106106106107489e+00 5.416725669435213525e-02 5.416725669435213525e-02
-4.134134134134132665e+00 5.406545880359220346e-02 5.406545880359220346e-02
-4.162162162162161394e+00 5.396275628202495261e-02 5.396275628202495261e-02
-4.190190190190190123e+00 5.385905876705667644e-02 5.385905876705667644e-02
-4.218218218218218851e+00 5.375426540667022773e-02 5.375426540667022773e-02
-4.246246246246247580e+00 5.364828178765701505e-02 5.364828178765701505e-02
-4.274274274274272756e+00 5.354105485111056856e-02 5.354105485111056856e-02
-4.302302302302301484e+00 5.343254862099446056e-02 5.343254862099446056e-02
-4.330330330330330213e+00 5.332272727335849588e-02 5.332272727335849588e-02
-4.358358358358358942e+00 5.321154547082533603e-02 5.321154547082533603e-02
-4.386386386386387670e+00 5.309894562372859811e-02 5.309894562372859811e-02
-4.414414414414412846e+00 5.298487118129379531e-02 5.298487118129379531e-02
-4.442442442442441575e+00 5.286926820449317638e-02 5.286926820449317638e-02
-4.470470470470470303e+00 5.275208820141396443e-02 5.275208820141396443e-02
-4.498498498498499032e+00 5.263328406688903838e-02 5.263328406688903838e-02
-4.526526526526527761e+00 5.251280767257742593e-02 5.251280767257742593e-02
-4.554554554554552936e+00 5.239061178657217210e-02 5.239061178657217210e-02
-4.582582582582581665e+00 5.226665688664531434e-02 5.226665688664531434e-02
-4.610610610610610394e+00 5.214090746433373141e-02 5.214090746433373141e-02
-4.638638638638639122e+00 5.201333051831957821e-02 5.201333051831957821e-02
-4.666666666666667851e+00 5.188389343108616714e-02 5.188389343108616714e-02
-4.694694694694693027e+00 5.175255785533119934e-02 5.175255785533119934e-02
-4.722722722722721755e+00 5.161928388731518158e-02 5.161928388731518158e-02
-4.750750750750750484e+00 5.148403138514092564e-02 5.148403138514092564e-02
-4.778778778778779213e+00 5.134676152042548514e-02 5.134676152042548514e-02
-4.806806806806807941e+00 5.120744350578394083e-02 5.120744350578394083e-02
-4.834834834834833117e+00 5.106605044085148898e-02 5.106605044085148898e-02
-4.862862862862861846e+00 5.092255716984403491e-02 5.092255716984403491e-02
-4.890890890890890574e+00 5.077693998794566288e-02 5.077693998794566288e-02
-4.918918918918919303e+00 5.062917151292475187e-02 5.062917151292475187e-02
-4.946946946946948032e+00 5.047922076031424732e-02 5.047922076031424732e-02
-4.974974974974973208e+00 5.032705674595390477e-02 5.032705674595390477e-02
-5.003003003003001936e+00 5.017264859899295271e-02 5.017264859899295271e-02
-5.031031031031030665e+00 5.001596663004220789e-02 5.001596663004220789e-02
-5.059059059059059393e+00 4.985698568218422527e-02 4.985698568218422527e-02
-5.087087087087088122e+00 4.969568325804305658e-02 4.969568325804305658e-02
-5.115115115115113298e+00 4.953203885660029115e-02 4.953203885660029115e-02
-5.143143143143142026e+00 4.936603403202515644e-02 4.936603403202515644e-02
-5.171171171171170755e+00 4.919765483733544442e-02 4.919765483733544442e-02
-5.199199199199199484e+00 4.902689334428581014e-02 4.902689334428581014e-02
-5.227227227227228212e+00 4.885374263970196362e-02 4.885374263970196362e-02
-5.255255255255253388e+00 4.867819621448908618e-02 4.867819621448908618e-02
-5.283283283283282117e+00 4.850024793207956264e-02 4.850024793207956264e-02
-5.311311311311310845e+00 4.831988874474589524e-02 4.831988874474589524e-02
-5.339339339339339574e+00 4.813710304496635756e-02 4.813710304496635756e-02
-5.367367367367368303e+00 4.795187515285067453e-02 4.795187515285067453e-02
-5.395395395395393479e+00 4.776419028822079249e-02 4.776419028822079249e-02
-5.423423423423422207e+00 4.757403457813764308e-02 4.757403457813764308e-02
-5.451451451451450936e+00 4.738139475373569914e-02 4.738139475373569914e-02
-5.479479479479479664e+00 4.718625680785060172e-02 4.718625680785060172e-02
-5.507507507507508393e+00 4.698860726387479869e-02 4.698860726387479869e-02
-5.535535535535537122e+00 4.678843381185331107e-02 4.678843381185331107e-02
-5.563563563563562298e+00 4.658572532789976434e-02 4.658572532789976434e-02
-5.591591591591591026e+00 4.638047195169107267e-02 4.638047195169107267e-02
-5.619619619619619755e+00 4.617267065674508786e-02 4.617267065674508786e-02
-5.647647647647648483e+00 4.596232964006307514e-02 4.596232964006307514e-02
-5.675675675675677212e+00 4.574945902946844778e-02 4.574945902946844778e-02
-5.703703703703702388e+00 4.553406976979039456e-02 4.553406976979039456e-02
-5.731731731731731116e+00 4.531617359078542878e-02 4.531617359078542878e-02
-5.759759759759759845e+00 4.509578283827633816e-02 4.509578283827633816e-02
-5.787787787787788574e+00 4.487290258552964484e-02 4.487290258552964484e-02
-5.815815815815817302e+00 4.464752625625803550e-02 4.464752625625803550e-02
-5.843843843843842478e+00 4.441964688814602907e-02 4.441964688814602907e-02
-5.871871871871871207e+00 4.418925819891375562e-02 4.418925819891375562e-02
-5.899899899899899935e+00 4.395635459987679711e-02 4.395635459987679711e-02
-5.927927927927928664e+00 4.372093121034191510e-02 4.372093121034191510e-02
-5.955955955955957393e+00 4.348298656464610890e-02 4.348298656464610890e-02
-5.983983983983982569e+00 4.324252947358320220e-02 4.324252947358320220e-02
-6.012012012012011297e+00 4.299957160558882940e-02 4.299957160558882940e-02
-6.040040040040040026e+00 4.275412535497295080e-02 4.275412535497295080e-02
-6.068068068068068754e+00 4.250620381565414080e-02 4.250620381565414080e-02
-6.096096096096097483e+00 4.225582075463684556e-02 4.225582075463684556e-02
-6.124124124124122659e+00 4.200299052064940947e-02 4.200299052064940947e-02
-6.152152152152151388e+00 4.174772484407397038e-02 4.174772484407397038e-02
-6.180180180180180116e+00 4.149003139805679252e-02 4.149003139805679252e-02
-6.208208208208208845e+00 4.122991813183135568e-02 4.122991813183135568e-02
-6.236236236236237573e+00 4.096739364439604125e-02 4.096739364439604125e-02
-6.264264264264262749e+00 4.070246719308258376e-02 4.070246719308258376e-02
-6.292292292292291478e+00 4.043514870314945248e-02 4.043514870314945248e-02
-6.320320320320320207e+00 4.016544878410086006e-02 4.016544878410086006e-02
-6.348348348348348935e+00 3.989337938396684408e-02 3.989337938396684408e-02
-6.376376376376377664e+00 3.961895435971688612e-02 3.961895435971688612e-02
-6.404404404404402840e+00 3.934218834261267450e-02 3.934218834261267450e-02
-6.432432432432431568e+00 3.906309659843656273e-02 3.906309659843656273e-02
-6.460460460460460297e+00 3.878169503332009466e-02 3.878169503332009466e-02
-6.488488488488489025e+00 3.849800020234873943e-02 3.849800020234873943e-02
-6.516516516516517754e+00 3.821202932117815504e-02 3.821202932117815504e-02
-6.544544544544542930e+00 3.792380022908695136e-02 3.792380022908695136e-02
-6.572572572572571659e+00 3.763333090058266356e-02 3.763333090058266356e-02
-6.600600600600600387e+00 3.734063971044850050e-02 3.734063971044850050e-02
-6.628628628628629116e+00 3.704574581334556249e-02 3.704574581334556249e-02
-6.656656656656657844e+00 3.674866918076453992e-02 3.674866918076453992e-02
-6.684684684684683020e+00 3.644943063628625080e-02 3.644943063628625080e-02
-6.712712712712711749e+00 3.614805189464473378e-02 3.614805189464473378e-02
-6.740740740740740478e+00 3.584455560492697673e-02 3.584455560492697673e-02
-6.768768768768769206e+00 3.553896540334765264e-02 3.553896540334765264e-02
-6.796796796796797935e+00 3.523130602858655369e-02 3.523130602858655369e-02
-6.824824824824823111e+00 3.492160333160632124e-02 3.492160333160632124e-02
-6.852852852852851839e+00 3.460988427158721153e-02 3.460988427158721153e-02
-6.880880880880880568e+00 3.429617698502187423e-02 3.429617698502187423e-02
-6.908908908908909297e+00 3.398051086305470259e-02 3.398051086305470259e-02
-6.936936936936938025e+00 3.366291663553958730e-02 3.366291663553958730e-02
-6.964964964964963201e+00 3.334342646191312126e-02 3.334342646191312126e-02
-6.992992992992991930e+00 3.302207402893407584e-02 3.302207402893407584e-02
-7.021021021021020658e+00 3.269889448203341931e-02 3.269889448203341931e-02
-7.049049049049049387e+00 3.237392392386746059e-02 3.237392392386746059e-02
-7.077077077077078116e+00 3.204720016899098578e-02 3.204720016899098578e-02
-7.105105105105103291e+00 3.171876312386751051e-02 3.171876312386751051e-02
-7.133133133133132020e+00 3.138865492413969033e-02 3.138865492413969033e-02
-7.161161161161160749e+00 3.105692007788535616e-02 3.105692007788535616e-02
-7.189189189189189477e+00 3.072360561447171068e-02 3.072360561447171068e-02
-7.217217217217218206e+00 3.038876123843842550e-02 3.038876123843842550e-02
-7.245245245245243382e+00 3.005243948766901652e-02 3.005243948766901652e-02
-7.273273273273272110e+00 2.971469597574047036e-02 2.971469597574047036e-02
-7.301301301301300839e+00 2.937559043296355740e-02 2.937559043296355740e-02
-7.329329329329329568e+00 2.903518653632440258e-02 2.903518653632440258e-02
-7.357357357357358296e+00 2.869355144448239303e-02 2.869355144448239303e-02
-7.385385385385383472e+00 2.835075593272849345e-02 2.835075593272849345e-02
-7.413413413413412201e+00 2.800687453387318282e-02 2.800687453387318282e-02
-7.441441441441440929e+00 2.766198567214227938e-02 2.766198567214227938e-02
-7.469469469469469658e+00 2.731617178779448263e-02 2.731617178779448263e-02
-7.497497497497498387e+00 2.696951944999053871e-02 2.696951944999053871e-02
-7.525525525525523562e+00 2.662211945527549750e-02 2.662211945527549750e-02
-7.553553553553552291e+00 2.627406687222292106e-02 2.627406687222292106e-02
-7.581581581581581020e+00 2.592546071651895961e-02 2.592546071651895961e-02
-7.609609609609609748e+00 2.557640412374145508e-02 2.557640412374145508e-02
-7.637637637637638477e+00 2.522700462915643260e-02 2.522700462915643260e-02
-7.665665665665667206e+00 2.487737417255631023e-02 2.487737417255631023e-02
-7.693693693693692381e+00 2.452762906596128376e-02 2.452762906596128376e-02
-7.721721721721721110e+00 2.417788992524777872e-02 2.417788992524777872e-02
-7.749749749749749839e+00 2.382828156296569466e-02 2.382828156296569466e-02
-7.777777777777778567e+00 2.347893283997929195e-02 2.347893283997929195e-02
-7.805805805805807296e+00 2.312997647403238974e-02 2.312997647403238974e-02
-7.833833833833832472e+00 2.278154880389015452e-02 2.278154880389015452e-02
-7.861861861861861200e+00 2.243378969636963122e-02 2.243378969636963122e-02
-7.889889889889889929e+00 2.208684305585286584e-02 2.208684305585286584e-02
-7.917917917917918658e+00 2.174085578365217084e-02 2.174085578365217084e-02
-7.945945945945947386e+00 2.139597700924153120e-02 2.139597700924153120e-02
-7.973973973973972562e+00 2.105235762178191139e-02 2.105235762178191139e-02
-8.002002002002001291e+00 2.071014976639511465e-02 2.071014976639511465e-02
-8.030030030030030019e+00 2.036950630903332574e-02 2.036950630903332574e-02
-8.058058058058058748e+00 2.003058027478745590e-02 2.003058027478745590e-02
-8.086086086086087477e+00 1.969352426515366336e-02 1.969352426515366336e-02
-8.114114114114112652e+00 1.935848986036497674e-02 1.935848986036497674e-02
-8.142142142142141381e+00 1.902562701337391290e-02 1.902562701337391290e-02
-8.170170170170170110e+00 1.869508344289079818e-02 1.869508344289079818e-02
-8.198198198198198838e+00 1.836700409034892553e-02 1.836700409034892553e-02
-8.226226226226227567e+00 1.804153057341440630e-02 1.804153057341440630e-02
-8.254254254254252743e+00 1.771880049658117184e-02 1.771880049658117184e-02
-8.282282282282281471e+00 1.739894689504176487e-02 1.739894689504176487e-02
-8.310310310310310200e+00 1.708209772647503732e-02 1.708209772647503732e-02
-8.338338338338338929e+00 1.676837540136873195e-02 1.676837540136873195e-02
-8.366366366366367657e+00 1.645789635704234324e-02 1.645789635704234324e-02
-8.394394394394392833e+00 1.615077067970415933e-02 1.615077067970415933e-02
-8.422422422422421562e+00 1.584710177796485112e-02 1.584710177796485112e-02
-8.450450450450450290e+00 1.554698611026875989e-02 1.554698611026875989e-02
-8.478478478478479019e+00 1.525051296772108635e-02 1.525051296772108635e-02
-8.506506506506507748e+00 1.495776431281932786e-02 1.495776431281932786e-02
-8.534534534534532924e+00 1.466881470397469502e-02 1.466881470397469502e-02
-8.562562562562561652e+00 1.438373168501903138e-02 1.438373168501903138e-02
-8.590590590590590381e+00 1.410257564828270964e-02 1.410257564828270964e-02
-8.618618618618619109e+00 1.382539949379369727e-02 1.382539949379369727e-02
-8.646646646646647838e+00 1.355224871567367942e-02 1.355224871567367942e-02
-8.674674674674673014e+00 1.328316154227404330e-02 1.328316154227404330e-02
-8.702702702702701743e+00 1.301816911470608101e-02 1.301816911470608101e-02
-8.730730730730730471e+00 1.275729569931318211e-02 1.275729569931318211e-02
-8.758758758758759200e+00 1.250055892951890471e-02 1.250055892951890471e-02
-8.786786786786787928e+00 1.224797007247394043e-02 1.224797007247394043e-02
-8.814814814814813104e+00 1.199953431600107000e-02 1.199953431600107000e-02
-8.842842842842841833e+00 1.175525107149056822e-02 1.175525107149056822e-02
-8.870870870870870561e+00 1.151511428861539191e-02 1.151511428861539191e-02
-8.898898898898899290e+00 1.127911277800068036e-02 1.127911277800068036e-02
-8.926926926926928019e+00 1.104723056258052373e-02 1.104723056258052373e-02
-8.954954954954953195e+00 1.081944735029656546e-02 1.081944735029656546e-02
-8.982982982982981923e+00 1.059573872666018553e-02 1.059573872666018553e-02
-9.011011011011010652e+00 1.037607638927691943e-02 1.037607638927691943e-02
-9.039039039039039380e+00 1.016042846690569379e-02 1.016042846690569379e-02
-9.067067067067068109e+00 9.948759830553356720e-03 9.948759830553356720e-03
-9.095095095095093285e+00 9.741032394585416587e-03 9.741032394585416587e-03
-9.123123123123122014e+00 9.537205406577183367e-03 9.537205406577183367e-03
-9.151151151151150742e+00 9.337235724908769449e-03 9.337235724908769449e-03
-9.179179179179179471e+00 9.141078083360530682e-03 9.141078083360530682e-03
-9.207207207207208199e+00 8.948685342195353276e-03 8.948685342195353276e-03
-9.235235235235233375e+00 8.760008725416826986e-03 8.760008725416826986e-03
-9.263263263263262104e+00 8.574998044070495859e-03 8.574998044070495859e-03
-9.291291291291290833e+00 8.393601905609811634e-03 8.393601905609811634e-03
-9.319319319319319561e+00 8.215767909478621442e-03 8.215767909478621442e-03
-9.347347347347348290e+00 8.041442816064014315e-03 8.041442816064014315e-03
-9.375375375375373466e+00 7.870572592927112948e-03 7.870572592927112948e-03
-9.403403403403402194e+00 7.703102610875172361e-03 7.703102610875172361e-03
-9.431431431431430923e+00 7.538977859681536553e-03 7.538977859681536553e-03
-9.459459459459459651e+00 7.378143084315229479e-03 7.378143084315229479e-03
-9.487487487487488380e+00 7.220542908903254675e-03 7.220542908903254675e-03
-9.515515515515513556e+00 7.066121949851017145e-03 7.066121949851017145e-03
-9.543543543543542285e+00 6.914824918712047380e-03 6.914824918712047380e-03
-9.571571571571571013e+00 6.766596715401347259e-03 6.766596715401347259e-03
-9.599599599599599742e+00 6.621382512342227113e-03 6.621382512342227113e-03
-9.627627627627628470e+00 6.479127830127682196e-03 6.479127830127682196e-03
-9.655655655655657199e+00 6.339778605263150270e-03 6.339778605263150270e-03
-9.683683683683682375e+00 6.203281250540116157e-03 6.203281250540116157e-03
-9.711711711711711104e+00 6.069582708569809179e-03 6.069582708569809179e-03
-9.739739739739739832e+00 5.938630498984355868e-03 5.938630498984355868e-03
-9.767767767767768561e+00 5.810372759788689709e-03 5.810372759788689709e-03
-9.795795795795797289e+00 5.684758283056698565e-03 5.684758283056698565e-03
-9.823823823823822465e+00 5.561736412969759367e-03 5.561736412969759367e-03
-9.851851851851851194e+00 5.441256856783533227e-03 5.441256856783533227e-03
-9.879879879879879923e+00 5.323270000616871743e-03 5.323270000616871743e-03
-9.907907907907908651e+00 5.207726985882797470e-03 5.207726985882797470e-03
-9.935935935935937380e+00 5.094579725729972766e-03 5.094579725729972766e-03
-9.963963963963962556e+00 4.983780918177441351e-03 4.983780918177441351e-03
-9.991991991991991284e+00 4.875284056246715313e-03 4.875284056246715313e-03
-1.002002002002002001e+01 4.769043435373679536e-03 4.769043435373679536e-03
-1.004804804804804874e+01 4.665014158361599321e-03 4.665014158361599321e-03
-1.007607607607607747e+01 4.563152138117299722e-03 4.563152138117299722e-03
-1.010410410410410265e+01 4.463414098393660157e-03 4.463414098393660157e-03
-1.013213213213213137e+01 4.365757572744114780e-03 4.365757572744114780e-03
-1.016016016016016010e+01 4.270140901878540993e-03 4.270140901878540993e-03
-1.018818818818818883e+01 4.176523229594197514e-03 4.176523229594197514e-03
-1.021621621621621756e+01 4.084864497441253670e-03 4.084864497441253670e-03
-1.024424424424424274e+01 3.995125438268939781e-03 3.995125438268939781e-03
-1.027227227227227146e+01 3.907267568785726709e-03 3.907267568785726709e-03
-1.030030030030030019e+01 3.821253181255705907e-03 3.821253181255705907e-03
-1.032832832832832892e+01 3.737045226027694862e-03 3.737045226027694862e-03
-1.035635635635635765e+01 3.654606754035740878e-03 3.654606754035740878e-03
-1.038438438438438283e+01 3.573901338234871956e-03 3.573901338234871956e-03
-1.041241241241241156e+01 3.494893317529558421e-03 3.494893317529558421e-03
-1.044044044044044028e+01 3.417547785679736494e-03 3.417547785679736494e-03
-1.046846846846846901e+01 3.341830579361640755e-03 3.341830579361640755e-03
-1.049649649649649774e+01 3.267708265929897705e-03 3.267708265929897705e-03
-1.052452452452452292e+01 3.195148130941316902e-03 3.195148130941316902e-03
-1.055255255255255165e+01 3.124118165494820052e-03 3.124118165494820052e-03
-1.058058058058058037e+01 3.054587053436685733e-03 3.054587053436685733e-03
-1.060860860860860910e+01 2.986524158474926707e-03 2.986524158474926707e-03
-1.063663663663663783e+01 2.919899511242398781e-03 2.919899511242398781e-03
-1.066466466466466301e+01 2.854683796343803186e-03 2.854683796343803186e-03
-1.069269269269269174e+01 2.790848339418014381e-03 2.790848339418014381e-03
-1.072072072072072046e+01 2.728365094243753817e-03 2.728365094243753817e-03
-1.074874874874874919e+01 2.667206629913250124e-03 2.667206629913250124e-03
-1.077677677677677792e+01 2.607346118095856848e-03 2.607346118095856848e-03
-1.080480480480480310e+01 2.548757320410854552e-03 2.548757320410854552e-03
-1.083283283283283183e+01 2.491414575926253257e-03 2.491414575926253257e-03
-1.086086086086086056e+01 2.435292788798405425e-03 2.435292788798405425e-03
-1.088888888888888928e+01 2.380367387591432893e-03 2.380367387591432893e-03
-1.091691691691691801e+01 2.326613877238550843e-03 2.326613877238550843e-03
-1.094494494494494319e+01 2.274007928291112580e-03 2.274007928291112580e-03
-1.097297297297297192e+01 2.222525743797728204e-03 2.222525743797728204e-03
-1.100100100100100065e+01 2.172144058679987069e-03 2.172144058679987069e-03
-1.102902902902902937e+01 2.122840127881843106e-03 2.122840127881843106e-03
-1.105705705705705810e+01 2.074591714712404906e-03 2.074591714712404906e-03
-1.108508508508508328e+01 2.027377079387231943e-03 2.027377079387231943e-03
-1.111311311311311201e+01 1.981174967772153690e-03 1.981174967772153690e-03
-1.114114114114114074e+01 1.935964600332855997e-03 1.935964600332855997e-03
-1.116916916916916946e+01 1.891725661292415709e-03 1.891725661292415709e-03
-1.119719719719719819e+01 1.848438287998430216e-03 1.848438287998430216e-03
-1.122522522522522337e+01 1.806083060500600183e-03 1.806083060500600183e-03
-1.125325325325325210e+01 1.764640991339030225e-03 1.764640991339030225e-03
-1.128128128128128083e+01 1.724093515543088798e-03 1.724093515543088798e-03
-1.130930930930930955e+01 1.684422480840003537e-03 1.684422480840003537e-03
-1.133733733733733828e+01 1.645610138072149458e-03 1.645610138072149458e-03
-1.136536536536536346e+01 1.607639131821498929e-03 1.607639131821498929e-03
-1.139339339339339219e+01 1.570492491239395237e-03 1.570492491239395237e-03
-1.142142142142142092e+01 1.534153621079607788e-03 1.534153621079607788e-03
-1.144944944944944965e+01 1.498606292932233791e-03 1.498606292932233791e-03
-1.147747747747747837e+01 1.463834636655945640e-03 1.463834636655945640e-03
-1.150550550550550355e+01 1.429823132005815338e-03 1.429823132005815338e-03
-1.153353353353353228e+01 1.396556430837451838e-03 1.396556430837451838e-03
-1.156156156156156101e+01 1.364018736367789706e-03 1.364018736367789706e-03
-1.158958958958958974e+01 1.332194386122160590e-03 1.332194386122160590e-03
-1.161761761761761846e+01 1.301068081077881231e-03 1.301068081077881231e-03
-1.164564564564564719e+01 1.270624876445398824e-03 1.270624876445398824e-03
-1.167367367367367237e+01 1.240850172666517742e-03 1.240850172666517742e-03
-1.170170170170170110e+01 1.211729706654593713e-03 1.211729706654593713e-03
-1.172972972972972983e+01 1.183249543270576245e-03 1.183249543270576245e-03
-1.175775775775775855e+01 1.155396067028761171e-03 1.155396067028761171e-03
-1.178578578578578728e+01 1.128155974026323833e-03 1.128155974026323833e-03
-1.181381381381381246e+01 1.101516264090730054e-03 1.101516264090730054e-03
-1.184184184184184119e+01 1.075464233139234848e-03 1.075464233139234848e-03
-1.186986986986986992e+01 1.049987465744851595e-03 1.049987465744851595e-03
-1.189789789789789864e+01 1.025073827903163820e-03 1.025073827903163820e-03
-1.192592592592592737e+01 1.000711459994591294e-03 1.000711459994591294e-03
-1.195395395395395255e+01 9.768887699367662276e-04 9.768887699367662276e-04
-1.198198198198198128e+01 9.535944265217999663e-04 9.535944265217999663e-04
-1.201001001001001001e+01 9.308173529333937891e-04 9.308173529333937891e-04
-1.203803803803803874e+01 9.085467204387631017e-04 9.085467204387631017e-04
-1.206606606606606746e+01 8.867719422505742884e-04 8.867719422505742884e-04
-1.209409409409409264e+01 8.654826675541431400e-04 8.654826675541431400e-04
-1.212212212212212137e+01 8.446687756952667245e-04 8.446687756952667245e-04
-1.215015015015015010e+01 8.243203705242359899e-04 8.243203705242359899e-04
-1.217817817817817883e+01 8.044277748915921100e-04 8.044277748915921100e-04
-1.220620620620620755e+01 7.849815252913986199e-04 7.849815252913986199e-04
-1.223423423423423273e+01 7.659723701489421681e-04 7.659723701489421681e-04
-1.226226226226226146e+01 7.473913277268010198e-04 7.473913277268010198e-04
-1.229029029029029019e+01 7.292296678803038713e-04 7.292296678803038713e-04
-1.231831831831831892e+01 7.114788450912832825e-04 7.114788450912832825e-04
-1.234634634634634764e+01 6.941304922205499602e-04 6.941304922205499602e-04
-1.237437437437437282e+01 6.771764166618534937e-04 6.771764166618534937e-04
-1.240240240240240155e+01 6.606085965784524658e-04 6.606085965784524658e-04
-1.243043043043043028e+01 6.444191772207992584e-04 6.444191772207992584e-04
-1.245845845845845901e+01 6.286004673237617114e-04 6.286004673237617114e-04
-1.248648648648648773e+01 6.131449355819036532e-04 6.131449355819036532e-04
-1.251451451451451291e+01 5.980452072012976345e-04 5.980452072012976345e-04
-1.254254254254254164e+01 5.832940605263655385e-04 5.832940605263655385e-04
-1.257057057057057037e+01 5.688844237402914143e-04 5.688844237402914143e-04
-1.259859859859859910e+01 5.548093716374971097e-04 5.548093716374971097e-04
-1.262662662662662783e+01 5.410621224667541088e-04 5.410621224667541088e-04
-1.265465465465465300e+01 5.276360348434857911e-04 5.276360348434857911e-04
-1.268268268268268173e+01 5.145246047298297244e-04 5.145246047298297244e-04
-1.271071071071071046e+01 5.017214624810829469e-04 5.017214624810829469e-04
-1.273873873873873919e+01 4.892203699571156779e-04 4.892203699571156779e-04
-1.276676676676676792e+01 4.770152176974127895e-04 4.770152176974127895e-04
-1.279479479479479309e+01 4.651000221583936932e-04 4.651000221583936932e-04
-1.282282282282282182e+01 4.534689230116798939e-04 4.534689230116798939e-04
-1.285085085085085055e+01 4.421161805020313923e-04 4.421161805020313923e-04
-1.287887887887887928e+01 4.310361728636417336e-04 4.310361728636417336e-04
-1.290690690690690801e+01 4.202233937935574465e-04 4.202233937935574465e-04
-1.293493493493493318e+01 4.096724499809740083e-04 4.096724499809740083e-04
-1.296296296296296191e+01 3.993780586911903460e-04 3.993780586911903460e-04
-1.299099099099099064e+01 3.893350454030465417e-04 3.893350454030465417e-04
-1.301901901901901937e+01 3.795383414986463750e-04 3.795383414986463750e-04
-1.304704704704704810e+01 3.699828379808452867e-04 3.699828379808452867e-04
-1.307507507507507327e+01 3.606624706858546419e-04 3.606624706858546419e-04
-1.310310310310310200e+01 3.515708411020665729e-04 3.515708411020665729e-04
-1.313113113113113073e+01 3.427017003505597155e-04 3.427017003505597155e-04
-1.315915915915915946e+01 3.340489472391193742e-04 3.340489472391193742e-04
-1.318718718718718819e+01 3.256066241144359532e-04 3.256066241144359532e-04
-1.321521521521521336e+01 3.173689128545477043e-04 3.173689128545477043e-04
-1.324324324324324209e+01 3.093301309962273420e-04 3.093301309962273420e-04
-1.327127127127127082e+01 3.014847279922481648e-04 3.014847279922481648e-04
-1.329929929929929955e+01 2.938272815936476281e-04 2.938272815936476281e-04
-1.332732732732732828e+01 2.863524943523392549e-04 2.863524943523392549e-04
-1.335535535535535345e+01 2.790551902395969203e-04 2.790551902395969203e-04
-1.338338338338338218e+01 2.719303113761211018e-04 2.719303113761211018e-04
-1.341141141141141091e+01 2.649729148695888149e-04 2.649729148695888149e-04
-1.343943943943943964e+01 2.581781697557256105e-04 2.581781697557256105e-04
-1.346746746746746837e+01 2.515413540391286170e-04 2.515413540391286170e-04
-1.349549549549549354e+01 2.450578518302061666e-04 2.450578518302061666e-04
-1.352352352352352227e+01 2.387231505747435217e-04 2.387231505747435217e-04
-1.355155155155155100e+01 2.325328383727621930e-04 2.325328383727621930e-04
-1.357957957957957973e+01 2.264826013834433602e-04 2.264826013834433602e-04
-1.360760760760760846e+01 2.205682213130439608e-04 2.205682213130439608e-04
-1.363563563563563363e+01 2.147855729828367392e-04 2.147855729828367392e-04
-1.366366366366366236e+01 2.091306219742254040e-04 2.091306219742254040e-04
-1.369169169169169109e+01 2.035994223483099169e-04 2.035994223483099169e-04
-1.371971971971971982e+01 1.981881144372592502e-04 1.981881144372592502e-04
-1.374774774774774855e+01 1.928929227049763718e-04 1.928929227049763718e-04
-1.377577577577577728e+01 1.877101536746213716e-04 1.877101536746213716e-04
-1.380380380380380245e+01 1.826361939206600383e-04 1.826361939206600383e-04
-1.383183183183183118e+01 1.776675081231870318e-04 1.776675081231870318e-04
-1.385985985985985991e+01 1.728006371823738929e-04 1.728006371823738929e-04
-1.388788788788788864e+01 1.680321963909503838e-04 1.680321963909503838e-04
-1.391591591591591737e+01 1.633588736627299739e-04 1.633588736627299739e-04
-1.394394394394394254e+01 1.587774278152510540e-04 1.587774278152510540e-04
-1.397197197197197127e+01 1.542846869046798127e-04 1.542846869046798127e-04
-1.400000000000000000e+01 1.498775466112006673e-04 1.498775466112006673e-04
