1.400000000000000000e+01 1.011832965097217906e-03 1.011832965097217906e-03
1.397197197197197127e+01 1.024563106146889708e-03 1.024563106146889708e-03
1.394394394394394432e+01 1.037466527850791197e-03 1.037466527850791197e-03
1.391591591591591559e+01 1.050545932384042971e-03 1.050545932384042971e-03
1.388788788788788864e+01 1.063804070895262108e-03 1.063804070895262108e-03
1.385985985985985991e+01 1.077243744534733859e-03 1.077243744534733859e-03
1.383183183183183118e+01 1.090867805507399202e-03 1.090867805507399202e-03
1.380380380380380423e+01 1.104679158151474026e-03 1.104679158151474026e-03
1.377577577577577550e+01 1.118680760042672613e-03 1.118680760042672613e-03
1.374774774774774855e+01 1.132875623125380055e-03 1.132875623125380055e-03
1.371971971971971982e+01 1.147266814871504559e-03 1.147266814871504559e-03
1.369169169169169109e+01 1.161857459467636544e-03 1.161857459467636544e-03
1.366366366366366414e+01 1.176650739031326809e-03 1.176650739031326809e-03
1.363563563563563541e+01 1.191649894857279559e-03 1.191649894857279559e-03
1.360760760760760846e+01 1.206858228694274778e-03 1.206858228694274778e-03
1.357957957957957973e+01 1.222279104053695942e-03 1.222279104053695942e-03
1.355155155155155100e+01 1.237915947550535887e-03 1.237915947550535887e-03
1.352352352352352405e+01 1.253772250277800440e-03 1.253772250277800440e-03
1.349549549549549532e+01 1.269851569215217938e-03 1.269851569215217938e-03
1.346746746746746837e+01 1.286157528673265117e-03 1.286157528673265117e-03
1.343943943943943964e+01 1.302693821773475607e-03 1.302693821773475607e-03
1.341141141141141091e+01 1.319464211966090740e-03 1.319464211966090740e-03
1.338338338338338396e+01 1.336472534586396425e-03 1.336472534586396425e-03
1.335535535535535523e+01 1.353722698450053781e-03 1.353722698450053781e-03
1.332732732732732828e+01 1.371218687488955090e-03 1.371218687488955090e-03
1.329929929929929955e+01 1.388964562429044003e-03 1.388964562429044003e-03
1.327127127127127082e+01 1.406964462511092707e-03 1.406964462511092707e-03
1.324324324324324387e+01 1.425222607255660547e-03 1.425222607255660547e-03
1.321521521521521514e+01 1.443743298273538183e-03 1.443743298273538183e-03
1.318718718718718641e+01 1.462530921122948612e-03 1.462530921122948612e-03
1.315915915915915946e+01 1.481589947214890894e-03 1.481589947214890894e-03
1.313113113113113073e+01 1.500924935768035810e-03 1.500924935768035810e-03
1.310310310310310378e+01 1.520540535814569058e-03 1.520540535814569058e-03
1.307507507507507505e+01 1.540441488258525006e-03 1.540441488258525006e-03
1.304704704704704632e+01 1.560632627988120871e-03 1.560632627988120871e-03
1.301901901901901937e+01 1.581118886043632842e-03 1.581118886043632842e-03
1.299099099099099064e+01 1.601905291842600255e-03 1.601905291842600255e-03
1.296296296296296369e+01 1.622996975464147205e-03 1.622996975464147205e-03
1.293493493493493496e+01 1.644399169993700270e-03 1.644399169993700270e-03
1.290690690690690623e+01 1.666117213929796783e-03 1.666117213929796783e-03
1.287887887887887928e+01 1.688156553655477485e-03 1.688156553655477485e-03
1.285085085085085055e+01 1.710522745975927425e-03 1.710522745975927425e-03
1.282282282282282360e+01 1.733221460724240076e-03 1.733221460724240076e-03
1.279479479479479487e+01 1.756258483437433873e-03 1.756258483437433873e-03
1.276676676676676614e+01 1.779639718104753356e-03 1.779639718104753356e-03
1.273873873873873919e+01 1.803371189990419024e-03 1.803371189990419024e-03
1.271071071071071046e+01 1.827459048533112236e-03 1.827459048533112236e-03
1.268268268268268173e+01 1.851909570324420393e-03 1.851909570324420393e-03
1.265465465465465478e+01 1.876729162168686406e-03 1.876729162168686406e-03
1.262662662662662605e+01 1.901924364226666338e-03 1.901924364226666338e-03
1.259859859859859910e+01 1.927501853245516643e-03 1.927501853245516643e-03
1.257057057057057037e+01 1.953468445877782483e-03 1.953468445877782483e-03
1.254254254254254164e+01 1.979831102092237047e-03 1.979831102092237047e-03
1.251451451451451469e+01 2.006596928679099581e-03 2.006596928679099581e-03
1.248648648648648596e+01 2.033773182851868200e-03 2.033773182851868200e-03
1.245845845845845901e+01 2.061367275949694666e-03 2.061367275949694666e-03
1.243043043043043028e+01 2.089386777243074089e-03 2.089386777243074089e-03
1.240240240240240155e+01 2.117839417845841093e-03 2.117839417845841093e-03
1.237437437437437460e+01 2.146733094736736312e-03 2.146733094736736312e-03
1.234634634634634587e+01 2.176075874893883440e-03 2.176075874893883440e-03
1.231831831831831892e+01 2.205875999545480175e-03 2.205875999545480175e-03
1.229029029029029019e+01 2.236141888540357694e-03 2.236141888540357694e-03
1.226226226226226146e+01 2.266882144841878520e-03 2.266882144841878520e-03
1.223423423423423451e+01 2.298105559149014356e-03 2.298105559149014356e-03
1.220620620620620578e+01 2.329821114648326572e-03 2.329821114648326572e-03
1.217817817817817883e+01 2.362037991900841401e-03 2.362037991900841401e-03
1.215015015015015010e+01 2.394765573867821407e-03 2.394765573867821407e-03
1.212212212212212137e+01 2.428013451079818596e-03 2.428013451079818596e-03
1.209409409409409442e+01 2.461791426953214169e-03 2.461791426953214169e-03
1.206606606606606569e+01 2.496109523257646675e-03 2.496109523257646675e-03
1.203803803803803874e+01 2.530977985739887078e-03 2.530977985739887078e-03
1.201001001001001001e+01 2.566407289908669703e-03 2.566407289908669703e-03
1.198198198198198128e+01 2.602408146984952920e-03 2.602408146984952920e-03
1.195395395395395433e+01 2.638991510022492808e-03 2.638991510022492808e-03
1.192592592592592560e+01 2.676168580203680276e-03 2.676168580203680276e-03
1.189789789789789864e+01 2.713950813315575607e-03 2.713950813315575607e-03
1.186986986986986992e+01 2.752349926411414016e-03 2.752349926411414016e-03
1.184184184184184119e+01 2.791377904662747326e-03 2.791377904662747326e-03
1.181381381381381424e+01 2.831047008407585990e-03 2.831047008407585990e-03
1.178578578578578551e+01 2.871369780399993243e-03 2.871369780399993243e-03
1.175775775775775855e+01 2.912359053266635675e-03 2.912359053266635675e-03
1.172972972972972983e+01 2.954027957175936296e-03 2.954027957175936296e-03
1.170170170170170110e+01 2.996389927725540397e-03 2.996389927725540397e-03
1.167367367367367414e+01 3.039458714054231632e-03 3.039458714054231632e-03
1.164564564564564542e+01 3.083248387182753111e-03 3.083248387182753111e-03
1.161761761761761846e+01 3.127773348590342714e-03 3.127773348590342714e-03
1.158958958958958974e+01 3.173048339033045923e-03 3.173048339033045923e-03
1.156156156156156101e+01 3.219088447609311752e-03 3.219088447609311752e-03
1.153353353353353405e+01 3.265909121078773309e-03 3.265909121078773309e-03
1.150550550550550533e+01 3.313526173440022125e-03 3.313526173440022125e-03
1.147747747747747837e+01 3.361955795773083518e-03 3.361955795773083518e-03
1.144944944944944965e+01 3.411214566352276795e-03 3.411214566352276795e-03
1.142142142142142092e+01 3.461319461034942455e-03 3.461319461034942455e-03
1.139339339339339396e+01 3.512287863931414476e-03 3.512287863931414476e-03
1.136536536536536524e+01 3.564137578361449652e-03 3.564137578361449652e-03
1.133733733733733828e+01 3.616886838101903996e-03 3.616886838101903996e-03
1.130930930930930955e+01 3.670554318930300923e-03 3.670554318930300923e-03
1.128128128128128083e+01 3.725159150468703058e-03 3.725159150468703058e-03
1.125325325325325387e+01 3.780720928331818536e-03 3.780720928331818536e-03
1.122522522522522515e+01 3.837259726581864101e-03 3.837259726581864101e-03
1.119719719719719819e+01 3.894796110493207314e-03 3.894796110493207314e-03
1.116916916916916946e+01 3.953351149629510085e-03 3.953351149629510085e-03
1.114114114114114074e+01 4.012946431234202735e-03 4.012946431234202735e-03
1.111311311311311378e+01 4.073604073934850196e-03 4.073604073934850196e-03
1.108508508508508505e+01 4.135346741760746389e-03 4.135346741760746389e-03
1.105705705705705810e+01 4.198197658472026771e-03 4.198197658472026771e-03
1.102902902902902937e+01 4.262180622197417681e-03 4.262180622197417681e-03
1.100100100100100065e+01 4.327320020376086186e-03 4.327320020376086186e-03
1.097297297297297192e+01 4.393640844997568316e-03 4.393640844997568316e-03
1.094494494494494496e+01 4.461168708131901806e-03 4.461168708131901806e-03
1.091691691691691801e+01 4.529929857740054577e-03 4.529929857740054577e-03
1.088888888888888928e+01 4.599951193752399234e-03 4.599951193752399234e-03
1.086086086086086056e+01 4.671260284400391254e-03 4.671260284400391254e-03
1.083283283283283183e+01 4.743885382784357799e-03 4.743885382784357799e-03
1.080480480480480487e+01 4.817855443655759927e-03 4.817855443655759927e-03
1.077677677677677615e+01 4.893200140389846776e-03 4.893200140389846776e-03
1.074874874874874919e+01 4.969949882121071048e-03 4.969949882121071048e-03
1.072072072072072046e+01 5.048135831008608750e-03 5.048135831008608750e-03
1.069269269269269174e+01 5.127789919594631131e-03 5.127789919594631131e-03
1.066466466466466478e+01 5.208944868212943453e-03 5.208944868212943453e-03
1.063663663663663606e+01 5.291634202399860681e-03 5.291634202399860681e-03
1.060860860860860910e+01 5.375892270252534931e-03 5.375892270252534931e-03
1.058058058058058037e+01 5.461754259673428681e-03 5.461754259673428681e-03
1.055255255255255165e+01 5.549256215431552612e-03 5.549256215431552612e-03
1.052452452452452469e+01 5.638435055963068182e-03 5.638435055963068182e-03
1.049649649649649596e+01 5.729328589824516163e-03 5.729328589824516163e-03
1.046846846846846901e+01 5.821975531701889181e-03 5.821975531701889181e-03
1.044044044044044028e+01 5.916415517868246071e-03 5.916415517868246071e-03
1.041241241241241156e+01 6.012689120970346468e-03 6.012689120970346468e-03
1.038438438438438460e+01 6.110837864012087610e-03 6.110837864012087610e-03
1.035635635635635587e+01 6.210904233389121995e-03 6.210904233389121995e-03
1.032832832832832892e+01 6.312931690813521762e-03 6.312931690813521762e-03
1.030030030030030019e+01 6.416964683951690250e-03 6.416964683951690250e-03
1.027227227227227146e+01 6.523048655580948943e-03 6.523048655580948943e-03
1.024424424424424451e+01 6.631230051052239803e-03 6.631230051052239803e-03
1.021621621621621578e+01 6.741556323826415446e-03 6.741556323826415446e-03
1.018818818818818883e+01 6.854075938830430335e-03 6.854075938830430335e-03
1.016016016016016010e+01 6.968838373358030892e-03 6.968838373358030892e-03
1.013213213213213137e+01 7.085894115215635343e-03 7.085894115215635343e-03
1.010410410410410442e+01 7.205294657789916395e-03 7.205294657789916395e-03
1.007607607607607569e+01 7.327092491687892985e-03 7.327092491687892985e-03
1.004804804804804874e+01 7.451341092573758769e-03 7.451341092573758769e-03
1.002002002002002001e+01 7.578094904799841450e-03 7.578094904799841450e-03
9.991991991991991284e+00 7.707409320400753806e-03 7.707409320400753806e-03
9.963963963963964332e+00 7.839340652991797984e-03 7.839340652991797984e-03
9.935935935935935603e+00 7.973946106088132188e-03 7.973946106088132188e-03
9.907907907907908651e+00 8.111283735329277017e-03 8.111283735329277017e-03
9.879879879879879923e+00 8.251412404070459020e-03 8.251412404070459020e-03
9.851851851851851194e+00 8.394391731777363710e-03 8.394391731777363710e-03
9.823823823823824242e+00 8.540282034639841077e-03 8.540282034639841077e-03
9.795795795795795513e+00 8.689144257801378543e-03 8.689144257801378543e-03
9.767767767767768561e+00 8.841039898587459839e-03 8.841039898587459839e-03
9.739739739739739832e+00 8.996030920107981471e-03 8.996030920107981471e-03
9.711711711711711104e+00 9.154179654606671088e-03 9.154179654606671088e-03
9.683683683683684151e+00 9.315548695937635529e-03 9.315548695937635529e-03
9.655655655655655423e+00 9.480200780565222959e-03 9.480200780565222959e-03
9.627627627627628470e+00 9.648198656510537097e-03 9.648198656510537097e-03
9.599599599599599742e+00 9.819604939709328587e-03 9.819604939709328587e-03
9.571571571571571013e+00 9.994481957299567246e-03 9.994481957299567246e-03
9.543543543543542285e+00 1.017289157742853195e-02 1.017289157742853195e-02
9.515515515515515332e+00 1.035489502526697018e-02 1.035489502526697018e-02
9.487487487487488380e+00 1.054055268501862506e-02 1.054055268501862506e-02
9.459459459459459651e+00 1.072992388784718525e-02 1.072992388784718525e-02
9.431431431431430923e+00 1.092306668580008550e-02 1.092306668580008550e-02
9.403403403403402194e+00 1.112003761198574608e-02 1.112003761198574608e-02
9.375375375375375242e+00 1.132089142746244004e-02 1.132089142746244004e-02
9.347347347347348290e+00 1.152568085552343503e-02 1.152568085552343503e-02
9.319319319319319561e+00 1.173445630431155760e-02 1.173445630431155760e-02
9.291291291291290833e+00 1.194726557896470462e-02 1.194726557896470462e-02
9.263263263263262104e+00 1.216415358478161596e-02 1.216415358478161596e-02
9.235235235235235152e+00 1.238516202319689917e-02 1.238516202319689917e-02
9.207207207207208199e+00 1.261032908266236652e-02 1.261032908266236652e-02
9.179179179179179471e+00 1.283968912684159761e-02 1.283968912684159761e-02
9.151151151151150742e+00 1.307327238282756689e-02 1.307327238282756689e-02
9.123123123123122014e+00 1.331110463237494997e-02 1.331110463237494997e-02
9.095095095095095061e+00 1.355320690941681783e-02 1.355320690941681783e-02
9.067067067067068109e+00 1.379959520734768720e-02 1.379959520734768720e-02
9.039039039039039380e+00 1.405028019972477844e-02 1.405028019972477844e-02
9.011011011011010652e+00 1.430526697816961006e-02 1.430526697816961006e-02
8.982982982982981923e+00 1.456455481129630830e-02 1.456455481129630830e-02
8.954954954954954971e+00 1.482813692846243238e-02 1.482813692846243238e-02
8.926926926926928019e+00 1.509600033202132541e-02 1.509600033202132541e-02
8.898898898898899290e+00 1.536812564154706358e-02 1.536812564154706358e-02
8.870870870870870561e+00 1.564448697320092868e-02 1.564448697320092868e-02
8.842842842842841833e+00 1.592505185701652629e-02 1.592505185701652629e-02
8.814814814814814881e+00 1.620978119439869455e-02 1.620978119439869455e-02
8.786786786786787928e+00 1.649862925757658930e-02 1.649862925757658930e-02
8.758758758758759200e+00 1.679154373212693452e-02 1.679154373212693452e-02
8.730730730730730471e+00 1.708846580301482190e-02 1.708846580301482190e-02
8.702702702702701743e+00 1.738933028388954527e-02 1.738933028388954527e-02
8.674674674674674790e+00 1.769406578868390131e-02 1.769406578868390131e-02
8.646646646646647838e+00 1.800259494386655112e-02 1.800259494386655112e-02
8.618618618618619109e+00 1.831483463899674646e-02 1.831483463899674646e-02
8.590590590590590381e+00 1.863069631264799297e-02 1.863069631264799297e-02
8.562562562562561652e+00 1.895008627021497680e-02 1.895008627021497680e-02
8.534534534534534700e+00 1.927290602965313696e-02 1.927290602965313696e-02
8.506506506506507748e+00 1.959905269082788670e-02 1.959905269082788670e-02
8.478478478478479019e+00 1.992841932387568252e-02 1.992841932387568252e-02
8.450450450450450290e+00 2.026089537180246133e-02 2.026089537180246133e-02
8.422422422422421562e+00 2.059636706246608176e-02 2.059636706246608176e-02
8.394394394394394610e+00 2.093471782510334181e-02 2.093471782510334181e-02
8.366366366366367657e+00 2.127582870666172229e-02 2.127582870666172229e-02
8.338338338338338929e+00 2.161957878337501457e-02 2.161957878337501457e-02
8.310310310310310200e+00 2.196584556327048701e-02 2.196584556327048701e-02
8.282282282282281471e+00 2.231450537559686448e-02 2.231450537559686448e-02
8.254254254254254519e+00 2.266543374353635273e-02 2.266543374353635273e-02
8.226226226226227567e+00 2.301850573701176225e-02 2.301850573701176225e-02
8.198198198198198838e+00 2.337359630275771469e-02 2.337359630275771469e-02
8.170170170170170110e+00 2.373058056935917551e-02 2.373058056935917551e-02
8.142142142142141381e+00 2.408933412545015071e-02 2.408933412545015071e-02
8.114114114114114429e+00 2.444973326976992989e-02 2.444973326976992989e-02
8.086086086086085700e+00 2.481165523228774997e-02 2.481165523228774997e-02
8.058058058058058748e+00 2.517497836610757891e-02 2.517497836610757891e-02
8.030030030030030019e+00 2.553958231035253351e-02 2.553958231035253351e-02
8.002002002002001291e+00 2.590534812468032674e-02 2.590534812468032674e-02
7.973973973973974338e+00 2.627215839649747753e-02 2.627215839649747753e-02
7.945945945945945610e+00 2.663989732230287802e-02 2.663989732230287802e-02
7.917917917917917769e+00 2.700845076489764504e-02 2.700845076489764504e-02
7.889889889889889929e+00 2.737770628844124823e-02 2.737770628844124823e-02
7.861861861861862089e+00 2.774755317350025008e-02 2.774755317350025008e-02
7.833833833833834248e+00 2.811788241433911886e-02 2.811788241433911886e-02
7.805805805805805520e+00 2.848858670083128861e-02 2.848858670083128861e-02
7.777777777777777679e+00 2.885956038721614741e-02 2.885956038721614741e-02
7.749749749749749839e+00 2.923069944992218519e-02 2.923069944992218519e-02
7.721721721721721998e+00 2.960190143656864226e-02 2.960190143656864226e-02
7.693693693693694158e+00 2.997306540809759404e-02 2.997306540809759404e-02
7.665665665665665429e+00 3.034409187581271761e-02 3.034409187581271761e-02
7.637637637637637589e+00 3.071488273490899368e-02 3.071488273490899368e-02
7.609609609609609748e+00 3.108534119587999175e-02 3.108534119587999175e-02
7.581581581581581908e+00 3.145537171499203366e-02 3.145537171499203366e-02
7.553553553553553179e+00 3.182487992482775641e-02 3.182487992482775641e-02
7.525525525525525339e+00 3.219377256572555218e-02 3.219377256572555218e-02
7.497497497497497498e+00 3.256195741878500916e-02 3.256195741878500916e-02
7.469469469469469658e+00 3.292934324097082643e-02 3.292934324097082643e-02
7.441441441441441818e+00 3.329583970272675941e-02 3.329583970272675941e-02
7.413413413413413089e+00 3.366135732838879124e-02 3.366135732838879124e-02
7.385385385385385248e+00 3.402580743973598193e-02 3.402580743973598193e-02
7.357357357357357408e+00 3.438910210281551083e-02 3.438910210281551083e-02
7.329329329329329568e+00 3.475115407816058155e-02 3.475115407816058155e-02
7.301301301301301727e+00 3.511187677454335326e-02 3.511187677454335326e-02
7.273273273273272999e+00 3.547118420636838354e-02 3.547118420636838354e-02
7.245245245245245158e+00 3.582899095480341495e-02 3.582899095480341495e-02
7.217217217217217318e+00 3.618521213274506626e-02 3.618521213274506626e-02
7.189189189189189477e+00 3.653976335371961898e-02 3.653976335371961898e-02
7.161161161161161637e+00 3.689256070482532790e-02 3.689256070482532790e-02
7.133133133133132908e+00 3.724352072382694501e-02 3.724352072382694501e-02
7.105105105105105068e+00 3.759256038051783655e-02 3.759256038051783655e-02
7.077077077077077227e+00 3.793959706246746721e-02 3.793959706246746721e-02
7.049049049049049387e+00 3.828454856526818106e-02 3.828454856526818106e-02
7.021021021021020658e+00 3.862733308738905413e-02 3.862733308738905413e-02
6.992992992992992818e+00 3.896786922969659728e-02 3.896786922969659728e-02
6.964964964964964977e+00 3.930607599981122968e-02 3.930607599981122968e-02
6.936936936936937137e+00 3.964187282136355517e-02 3.964187282136355517e-02
6.908908908908909297e+00 3.997517954811603824e-02 3.997517954811603824e-02
6.880880880880880568e+00 4.030591648300386326e-02 4.030591648300386326e-02
6.852852852852852727e+00 4.063400440208807252e-02 4.063400440208807252e-02
6.824824824824824887e+00 4.095936458338081398e-02 4.095936458338081398e-02
6.796796796796797047e+00 4.128191884047260896e-02 4.128191884047260896e-02
6.768768768768769206e+00 4.160158956085982518e-02 4.160158956085982518e-02
6.740740740740740478e+00 4.191829974883860832e-02 4.191829974883860832e-02
6.712712712712712637e+00 4.223197307280322083e-02 4.223197307280322083e-02
6.684684684684684797e+00 4.254253391675669183e-02 4.254253391675669183e-02
6.656656656656656956e+00 4.284990743581463396e-02 4.284990743581463396e-02
6.628628628628629116e+00 4.315401961546024706e-02 4.315401961546024706e-02
6.600600600600600387e+00 4.345479733428481844e-02 4.345479733428481844e-02
6.572572572572572547e+00 4.375216842989392008e-02 4.375216842989392008e-02
6.544544544544544706e+00 4.404606176772591503e-02 4.404606176772591503e-02
6.516516516516516866e+00 4.433640731253720574e-02 4.433640731253720574e-02
6.488488488488488137e+00 4.462313620209906739e-02 4.462313620209906739e-02
6.460460460460460297e+00 4.490618082281323808e-02 4.490618082281323808e-02
6.432432432432432456e+00 4.518547488690978498e-02 4.518547488690978498e-02
6.404404404404404616e+00 4.546095351088048908e-02 4.546095351088048908e-02
6.376376376376376776e+00 4.573255329479675863e-02 4.573255329479675863e-02
6.348348348348348047e+00 4.600021240216059515e-02 4.600021240216059515e-02
6.320320320320320207e+00 4.626387063993633864e-02 4.626387063993633864e-02
6.292292292292292366e+00 4.652346953841211136e-02 4.652346953841211136e-02
6.264264264264264526e+00 4.677895243054293328e-02 4.677895243054293328e-02
6.236236236236236685e+00 4.703026453043022970e-02 4.703026453043022970e-02
6.208208208208207957e+00 4.727735301059635825e-02 4.727735301059635825e-02
6.180180180180180116e+00 4.752016707772100529e-02 4.752016707772100529e-02
6.152152152152152276e+00 4.775865804648822543e-02 4.775865804648822543e-02
6.124124124124124435e+00 4.799277941122641333e-02 4.799277941122641333e-02
6.096096096096096595e+00 4.822248691514656460e-02 4.822248691514656460e-02
6.068068068068067866e+00 4.844773861673892096e-02 4.844773861673892096e-02
6.040040040040040026e+00 4.866849495306739548e-02 4.866849495306739548e-02
6.012012012012012185e+00 4.888471879969929351e-02 4.888471879969929351e-02
5.983983983983984345e+00 4.909637552700647778e-02 4.909637552700647778e-02
5.955955955955955616e+00 4.930343305259360376e-02 4.930343305259360376e-02
5.927927927927928664e+00 4.950586188962321360e-02 4.950586188962321360e-02
5.899899899899899935e+00 4.970363519082796055e-02 4.970363519082796055e-02
5.871871871871871207e+00 4.989672878801999778e-02 4.989672878801999778e-02
5.843843843843844255e+00 5.008512122692854174e-02 5.008512122692854174e-02
5.815815815815815526e+00 5.026879379721967828e-02 5.026879379721967828e-02
5.787787787787788574e+00 5.044773055757629382e-02 5.044773055757629382e-02
5.759759759759759845e+00 5.062191835574090387e-02 5.062191835574090387e-02
5.731731731731731116e+00 5.079134684344247669e-02 5.079134684344247669e-02
5.703703703703704164e+00 5.095600848614950662e-02 5.095600848614950662e-02
5.675675675675675436e+00 5.111589856771208557e-02 5.111589856771208557e-02
5.647647647647648483e+00 5.127101518982084966e-02 5.127101518982084966e-02
5.619619619619619755e+00 5.142135926632149939e-02 5.142135926632149939e-02
5.591591591591591026e+00 5.156693451246212312e-02 5.156693451246212312e-02
5.563563563563564074e+00 5.170774742916284944e-02 5.170774742916284944e-02
5.535535535535535345e+00 5.184380728242232728e-02 5.184380728242232728e-02
5.507507507507508393e+00 5.197512607800139350e-02 5.197512607800139350e-02
5.479479479479479664e+00 5.210171853154892119e-02 5.210171853154892119e-02
5.451451451451450936e+00 5.222360203435652548e-02 5.222360203435652548e-02
5.423423423423423984e+00 5.234079661495202873e-02 5.234079661495202873e-02
5.395395395395395255e+00 5.245332489676104992e-02 5.245332489676104992e-02
5.367367367367368303e+00 5.256121205208415248e-02 5.256121205208415248e-02
5.339339339339339574e+00 5.266448575265510884e-02 5.266448575265510884e-02
5.311311311311310845e+00 5.276317611706111271e-02 5.276317611706111271e-02
5.283283283283283893e+00 5.285731565534061011e-02 5.285731565534061011e-02
5.255255255255255165e+00 5.294693921102652107e-02 5.294693921102652107e-02
5.227227227227226436e+00 5.303208390093560459e-02 5.303208390093560459e-02
5.199199199199199484e+00 5.311278905304916281e-02 5.311278905304916281e-02
5.171171171171170755e+00 5.318909614279865306e-02 5.318909614279865306e-02
5.143143143143143803e+00 5.326104872807894963e-02 5.326104872807894963e-02
5.115115115115115074e+00 5.332869238331080369e-02 5.332869238331080369e-02
5.087087087087086346e+00 5.339207463286980287e-02 5.339207463286980287e-02
5.059059059059059393e+00 5.345124488419453201e-02 5.345124488419453201e-02
5.031031031031030665e+00 5.350625436087673437e-02 5.350625436087673437e-02
5.003003003003003712e+00 5.355715603602596159e-02 5.355715603602596159e-02
4.974974974974974984e+00 5.360400456618704540e-02 5.360400456618704540e-02
4.946946946946946255e+00 5.364685622607212601e-02 5.364685622607212601e-02
4.918918918918919303e+00 5.368576884435023039e-02 5.368576884435023039e-02
4.890890890890890574e+00 5.372080174071797859e-02 5.372080174071797859e-02
4.862862862862863622e+00 5.375201566454565483e-02 5.375201566454565483e-02
4.834834834834834894e+00 5.377947273511460985e-02 5.377947273511460985e-02
4.806806806806806165e+00 5.380323638349394227e-02 5.380323638349394227e-02
4.778778778778779213e+00 5.382337129638203183e-02 5.382337129638203183e-02
4.750750750750750484e+00 5.383994336190228713e-02 5.383994336190228713e-02
4.722722722722723532e+00 5.385301961737769955e-02 5.385301961737769955e-02
4.694694694694694803e+00 5.386266819907341991e-02 5.386266819907341991e-02
4.666666666666666075e+00 5.386895829385806439e-02 5.386895829385806439e-02
4.638638638638639122e+00 5.387196009269449443e-02 5.387196009269449443e-02
4.610610610610610394e+00 5.387174474583451833e-02 5.387174474583451833e-02
4.582582582582583441e+00 5.386838431956005729e-02 5.386838431956005729e-02
4.554554554554554713e+00 5.386195175428955956e-02 5.386195175428955956e-02
4.526526526526525984e+00 5.385252082385451333e-02 5.385252082385451333e-02
4.498498498498499032e+00 5.384016609575382334e-02 5.384016609575382334e-02
4.470470470470470303e+00 5.382496289221369579e-02 5.382496289221369579e-02
4.442442442442443351e+00 5.380698725207368888e-02 5.380698725207368888e-02
4.414414414414414622e+00 5.378631589331961393e-02 5.378631589331961393e-02
4.386386386386385894e+00 5.376302617585820148e-02 5.376302617585820148e-02
4.358358358358358942e+00 5.373719606533081811e-02 5.373719606533081811e-02
4.330330330330330213e+00 5.370890409813847827e-02 5.370890409813847827e-02
4.302302302302303261e+00 5.367822934816764840e-02 5.367822934816764840e-02
4.274274274274274532e+00 5.364525139594176345e-02 5.364525139594176345e-02
4.246246246246245803e+00 5.361005030112471481e-02 5.361005030112471481e-02
4.218218218218218851e+00 5.357270657948697695e-02 5.357270657948697695e-02
4.190190190190190123e+00 5.353330118559073564e-02 5.353330118559073564e-02
4.162162162162161394e+00 5.349191550253078187e-02 5.349191550253078187e-02
4.134134134134134442e+00 5.344863134006301586e-02 5.344863134006301586e-02
4.106106106106105713e+00 5.340353094233729614e-02 5.340353094233729614e-02
4.078078078078078761e+00 5.335669700621721578e-02 5.335669700621721578e-02
4.050050050050050032e+00 5.330821271081125773e-02 5.330821271081125773e-02
4.022022022022021304e+00 5.325816175853516354e-02 5.325816175853516354e-02
3.993993993993994351e+00 5.320662842751347488e-02 5.320662842751347488e-02
3.965965965965965623e+00 5.315369763313299717e-02 5.315369763313299717e-02
3.937937937937938671e+00 5.309945499820171999e-02 5.309945499820171999e-02
3.909909909909909942e+00 5.304398692952172478e-02 5.304398692952172478e-02
3.881881881881881213e+00 5.298738069828404229e-02 5.298738069828404229e-02
3.853853853853854261e+00 5.292972452161230634e-02 5.292972452161230634e-02
3.825825825825825532e+00 5.287110764258073914e-02 5.287110764258073914e-02
3.797797797797798580e+00 5.281162040623711695e-02 5.281162040623711695e-02
3.769769769769769852e+00 5.275135432955662534e-02 5.275135432955662534e-02
3.741741741741741123e+00 5.269040216379714675e-02 5.269040216379714675e-02
3.713713713713714171e+00 5.262885794836712899e-02 5.262885794836712899e-02
3.685685685685685442e+00 5.256681705599475229e-02 5.256681705599475229e-02
3.657657657657658490e+00 5.250437622963589901e-02 5.250437622963589901e-02
3.629629629629629761e+00 5.244163361213267233e-02 5.244163361213267233e-02
3.601601601601601033e+00 5.237868877023348774e-02 5.237868877023348774e-02
3.573573573573574080e+00 5.231564271537737093e-02 5.231564271537737093e-02
3.545545545545545352e+00 5.225259792098098377e-02 5.225259792098098377e-02
3.517517517517518399e+00 5.218965833977101676e-02 5.218965833977101676e-02
3.489489489489489671e+00 5.212692942342420782e-02 5.212692942342420782e-02
3.461461461461460942e+00 5.206451814583497317e-02 5.206451814583497317e-02
3.433433433433433990e+00 5.200253303153625634e-02 5.200253303153625634e-02
3.405405405405405261e+00 5.194108419055425141e-02 5.194108419055425141e-02
3.377377377377378309e+00 5.188028336072401242e-02 5.188028336072401242e-02
3.349349349349349581e+00 5.182024395825690632e-02 5.182024395825690632e-02
3.321321321321320852e+00 5.176108113714335268e-02 5.176108113714335268e-02
3.293293293293293900e+00 5.170291185780248600e-02 5.170291185780248600e-02
3.265265265265265171e+00 5.164585496525793407e-02 5.164585496525793407e-02
3.237237237237238219e+00 5.159003127702950497e-02 5.159003127702950497e-02
3.209209209209209490e+00 5.153556368087493234e-02 5.153556368087493234e-02
3.181181181181180762e+00 5.148257724256031370e-02 5.148257724256031370e-02
3.153153153153153809e+00 5.143119932458137950e-02 5.143119932458137950e-02
3.125125125125125081e+00 5.138155971396771854e-02 5.138155971396771854e-02
3.097097097097096352e+00 5.133379075996484520e-02 5.133379075996484520e-02
3.069069069069069400e+00 5.128802752311330260e-02 5.128802752311330260e-02
3.041041041041040671e+00 5.124440793535679772e-02 5.124440793535679772e-02
3.013013013013013719e+00 5.120307297156878601e-02 5.120307297156878601e-02
2.984984984984984990e+00 5.116416683299030571e-02 5.116416683299030571e-02
2.956956956956956262e+00 5.112783714316190137e-02 5.112783714316190137e-02
2.928928928928929309e+00 5.109423515702350010e-02 5.109423515702350010e-02
2.900900900900900581e+00 5.106351598395082042e-02 5.106351598395082042e-02
2.872872872872873629e+00 5.103583882559532131e-02 5.103583882559532131e-02
2.844844844844844900e+00 5.101136722949409924e-02 5.101136722949409924e-02
2.816816816816816171e+00 5.099026935951941897e-02 5.099026935951941897e-02
2.788788788788789219e+00 5.097271828434605384e-02 5.097271828434605384e-02
2.760760760760760490e+00 5.095889228523825532e-02 5.095889228523825532e-02
2.732732732732733538e+00 5.094897518514441420e-02 5.094897518514441420e-02
2.704704704704704810e+00 5.094315669949057296e-02 5.094315669949057296e-02
2.676676676676676081e+00 5.094163280981620773e-02 5.094163280981618691e-02
2.648648648648649129e+00 5.094460616386188578e-02 5.094460616386186497e-02
2.620620620620620400e+00 5.095228650326378422e-02 5.095228650326376341e-02
2.592592592592593448e+00 5.096489112082781825e-02 5.096489112082775580e-02
2.564564564564564719e+00 5.098264534955874311e-02 5.098264534955863903e-02
2.536536536536535991e+00 5.100578308575889896e-02 5.100578308575864223e-02
2.508508508508509038e+00 5.103454734865117692e-02 5.103454734865065651e-02
2.480480480480480310e+00 5.106919087912114436e-02 5.106919087912004801e-02
2.452452452452453358e+00 5.110997678030902019e-02 5.110997678030681363e-02
2.424424424424424629e+00 5.115717920291594500e-02 5.115717920291144860e-02
2.396396396396395900e+00 5.121108407821206576e-02 5.121108407820307296e-02
2.368368368368368948e+00 5.127198990185143773e-02 5.127198990183354232e-02
2.340340340340340219e+00 5.134020857169672297e-02 5.134020857166136931e-02
2.312312312312313267e+00 5.141606628294619064e-02 5.141606628287700292e-02
2.284284284284284539e+00 5.149990448360237255e-02 5.149990448346816047e-02
2.256256256256255810e+00 5.159208089381043388e-02 5.159208089355227234e-02
2.228228228228228858e+00 5.169297059288577301e-02 5.169297059239347236e-02
2.200200200200200129e+00 5.180296717707625481e-02 5.180296717614545771e-02
2.172172172172171400e+00 5.192248399124212155e-02 5.192248398949730892e-02
2.144144144144144448e+00 5.205195543750249648e-02 5.205195543425976401e-02
2.116116116116115720e+00 5.219183836365047513e-02 5.219183835767537971e-02
2.088088088088088767e+00 5.234261353380257470e-02 5.234261352288684804e-02
2.060060060060060039e+00 5.250478718330353622e-02 5.250478716353203235e-02
2.032032032032031310e+00 5.267889265933691639e-02 5.267889262383040200e-02
2.004004004004004358e+00 5.286549214798097474e-02 5.286549208475993522e-02
1.975975975975975629e+00 5.306517848757542205e-02 5.306517837596521486e-02
1.947947947947948677e+00 5.327857706721694786e-02 5.327857687185561658e-02
1.919919919919919948e+00 5.350634780796645340e-02 5.350634746891185650e-02
1.891891891891891220e+00 5.374918722237441437e-02 5.374918663892788023e-02
1.863863863863864268e+00 5.400783054553583845e-02 5.400782955004543306e-02
1.835835835835835539e+00 5.428305393556761421e-02 5.428305225141250717e-02
1.807807807807808587e+00 5.457567673087973525e-02 5.457567390573526273e-02
1.779779779779779858e+00 5.488656375319569264e-02 5.488655905406452512e-02
1.751751751751751129e+00 5.521662764434948772e-02 5.521661989406305426e-02
1.723723723723724177e+00 5.556683122302621264e-02 5.556681854807305615e-02
1.695695695695695449e+00 5.593818984699647223e-02 5.593816929241034880e-02
1.667667667667668496e+00 5.633177376685936238e-02 5.633174071389508708e-02
1.639639639639639768e+00 5.674871045936683706e-02 5.674865775372096854e-02
1.611611611611611039e+00 5.719018693269130316e-02 5.719010359242926445e-02
1.583583583583584087e+00 5.765745200327553055e-02 5.765732132309199509e-02
1.555555555555555358e+00 5.815181855501820596e-02 5.815161535294884748e-02
1.527527527527528406e+00 5.867466580740721138e-02 5.867435246685361733e-02
1.499499499499499677e+00 5.922744164069186634e-02 5.922696247914614048e-02
1.471471471471470949e+00 5.981166505318150778e-02 5.981093839332694839e-02
1.443443443443443996e+00 6.042892885575644468e-02 6.042783597839149895e-02
1.415415415415415268e+00 6.108090276945975228e-02 6.107927268486294803e-02
1.387387387387388316e+00 6.176933711633876556e-02 6.176692579606214706e-02
1.359359359359359587e+00 6.249606734442916117e-02 6.249252970570033650e-02
1.331331331331330858e+00 6.326301968147822474e-02 6.325787221106517200e-02
1.303303303303303906e+00 6.407221824501280194e-02 6.406478969274473356e-02
1.275275275275275177e+00 6.492579395198179448e-02 6.491516102655361942e-02
1.247247247247248225e+00 6.582599555184683038e-02 6.581090003162040625e-02
1.219219219219219497e+00 6.677520303387035616e-02 6.675394619170041399e-02
1.191191191191190768e+00 6.777594350963313252e-02 6.774625328360088516e-02
1.163163163163163816e+00 6.883090941956014619e-02 6.878977539420742804e-02
1.135135135135135087e+00 6.994297853049238900e-02 6.988644959253438593e-02
1.107107107107106359e+00 7.111523465583451109e-02 7.103817423409228282e-02
1.079079079079079406e+00 7.235098732401494537e-02 7.224678150591175296e-02
1.051051051051050678e+00 7.365378774149497487e-02 7.351400237515876013e-02
1.023023023023023725e+00 7.502743735176908846e-02 7.484142159154731633e-02
9.949949949949949968e-01 7.647598415459717913e-02 7.623041987900724958e-02
9.669669669669662682e-01 7.800370067518387629e-02 7.768209987234009350e-02
9.389389389389393159e-01 7.961503613370808641e-02 7.919719175216088924e-02
9.109109109109105873e-01 8.131453396169922854e-02 8.077593386281713139e-02
8.828828828828836350e-01 8.310670419101177930e-02 8.241792265381098215e-02
8.548548548548549064e-01 8.499583839696227272e-02 8.412192498945234020e-02
8.268268268268261778e-01 8.698575309622660900e-02 8.588564443170765283e-02
7.987987987987992256e-01 8.907944702652784152e-02 8.770543267763629414e-02
7.707707707707704969e-01 8.952202782900869904e-02 8.957594091587056662e-02
7.427427427427435447e-01 9.175391385073744521e-02 9.148971892468311939e-02
7.147147147147148161e-01 9.408003841784121080e-02 9.343679935527450520e-02
6.866866866866860875e-01 9.649360693950045920e-02 9.540435535323259220e-02
6.586586586586591352e-01 9.818877831902789177e-02 9.737658534711955693e-02
6.306306306306304066e-01 1.007073980594437174e-01 9.933503498412797617e-02
6.026026026026034543e-01 1.032672319600815569e-01 1.012595731225780643e-01
5.745745745745747257e-01 1.027501234876464359e-01 1.031301621645517724e-01
5.465465465465459971e-01 1.051794287783610615e-01 1.049293918333131376e-01
5.185185185185190448e-01 1.068745609790943546e-01 1.066454652721884194e-01
4.904904904904903162e-01 1.091772798722070031e-01 1.082748709939981013e-01
4.624624624624633640e-01 1.114088096270089007e-01 1.098233325397322824e-01
4.344344344344346354e-01 1.122106542403435575e-01 1.113031992278505355e-01
4.064064064064059068e-01 1.141777322444358506e-01 1.127261525665210345e-01
3.783783783783789545e-01 1.159938242233189143e-01 1.140925393208582356e-01
3.503503503503502259e-01 1.175944698003044964e-01 1.153818532005311814e-01
3.223223223223232736e-01 1.188892722290558202e-01 1.165508461261203776e-01
2.942942942942945450e-01 1.197778266379001255e-01 1.175449270345952646e-01
2.662662662662658164e-01 1.201825202020079392e-01 1.183234383807735685e-01
2.382382382382388641e-01 1.200880264875588271e-01 1.188888901268115583e-01
2.102102102102101355e-01 1.195646196991595744e-01 1.193001144329745161e-01
1.821821821821831833e-01 1.187541553840850694e-01 1.196544080109280817e-01
1.541541541541544547e-01 1.178217130416474301e-01 1.200474240645697938e-01
1.261261261261257260e-01 1.169038320262690972e-01 1.205372323339944235e-01
9.809809809809877379e-02 1.160862874226553654e-01 1.211272121721960193e-01
7.007007007007004518e-02 1.154156859134617547e-01 1.217602904121876661e-01
4.204204204204131656e-02 1.149218268277797661e-01 1.223222468709952437e-01
1.401401401401436431e-02 1.146310434873609313e-01 1.226727991255887745e-01
-1.401401401401436431e-02 1.145702301272759627e-01 1.227102535684734125e-01
-4.204204204204131656e-02 1.147675837010050937e-01 1.224304528373493378e-01
-7.007007007007004518e-02 1.152472873340770199e-01 1.219284171895729380e-01
-9.809809809809877379e-02 1.160110907842392403e-01 1.213414250653852000e-01
-1.261261261261257260e-01 1.170127306566386000e-01 1.207837773465886277e-01
-1.541541541541544547e-01 1.181448980704236235e-01 1.203135746524379435e-01
-1.821821821821814069e-01 1.192495333524706824e-01 1.199278982044065106e-01
-2.102102102102101355e-01 1.201446728491481208e-01 1.195687213279146566e-01
-2.382382382382388641e-01 1.206599503066108497e-01 1.191411239898618052e-01
-2.662662662662658164e-01 1.206755433222902185e-01 1.185496829961753956e-01
-2.942942942942945450e-01 1.201505527267456158e-01 1.177375722010824965e-01
-3.223223223223214973e-01 1.191240386035384152e-01 1.167030690253403058e-01
-3.503503503503502259e-01 1.176881332526278356e-01 1.154862301713872191e-01
-3.783783783783789545e-01 1.159505359676998165e-01 1.141406960016952410e-01
-4.064064064064059068e-01 1.140051000733892095e-01 1.127096725952141248e-01
-4.344344344344346354e-01 1.131897530869730717e-01 1.112153223213443870e-01
-4.624624624624615876e-01 1.109427447491764251e-01 1.096607544700596848e-01
-4.904904904904903162e-01 1.086260740648539724e-01 1.080389612620303030e-01
-5.185185185185190448e-01 1.062551023898897218e-01 1.063425027374765852e-01
-5.465465465465459971e-01 1.045401844386022600e-01 1.045698902408501441e-01
-5.745745745745747257e-01 1.020809558501913350e-01 1.027276563867040166e-01
-6.026026026026016780e-01 1.025883283391990364e-01 1.008292235429108785e-01
-6.306306306306304066e-01 1.000385134285074612e-01 9.889227001139858086e-02
-6.586586586586591352e-01 9.754693536172011348e-02 9.693592043553607429e-02
-6.866866866866860875e-01 9.591477921912580640e-02 9.497849886522920226e-02
-7.147147147147148161e-01 9.355116555599095329e-02 9.303611246623709474e-02
-7.427427427427417683e-01 9.295795483857112462e-02 9.112202513331450759e-02
-7.707707707707704969e-01 9.072690082196468997e-02 8.924661565215753767e-02
-7.987987987987992256e-01 8.860155164172779652e-02 8.741767354022396408e-02
-8.268268268268261778e-01 8.657997800433915592e-02 8.564082791835353481e-02
-8.548548548548549064e-01 8.465894462244723251e-02 8.391997997164131473e-02
-8.828828828828836350e-01 8.283440134323781512e-02 8.225767833670619145e-02
-9.109109109109105873e-01 8.110185900391121694e-02 8.065542196194709634e-02
-9.389389389389393159e-01 7.945666239186656432e-02 7.911389700580699624e-02
-9.669669669669662682e-01 7.789417993745080537e-02 7.763316099669696768e-02
-9.949949949949949968e-01 7.640992912609882726e-02 7.621278673029159567e-02
-1.023023023023023725e+00 7.499965337571597168e-02 7.485197541925142639e-02
-1.051051051051050678e+00 7.365936281445963074e-02 7.354964586395067172e-02
-1.079079079079079406e+00 7.238534878125432726e-02 7.230450454810315175e-02
-1.107107107107106359e+00 7.117417991664644339e-02 7.111510045078224540e-02
-1.135135135135135087e+00 7.002268620690196843e-02 6.997986772311828862e-02
-1.163163163163163816e+00 6.892793602912383744e-02 6.889715888534775345e-02
-1.191191191191190768e+00 6.788721005600761860e-02 6.786527075328611935e-02
-1.219219219219219497e+00 6.689797484974084607e-02 6.688246491173889530e-02
-1.247247247247246449e+00 6.595785804822011655e-02 6.594698414726565816e-02
-1.275275275275275177e+00 6.506462628322076669e-02 6.505706589371210158e-02
-1.303303303303303906e+00 6.421616637287501372e-02 6.421095344215377310e-02
-1.331331331331330858e+00 6.341046989369501785e-02 6.340690542915095040e-02
-1.359359359359359587e+00 6.264562094274822579e-02 6.264320394153773119e-02
-1.387387387387386539e+00 6.191978672384942234e-02 6.191816145429417106e-02
-1.415415415415415268e+00 6.123121050605116050e-02 6.123012673956447494e-02
-1.443443443443443996e+00 6.057820648291390581e-02 6.057748983849837315e-02
-1.471471471471470949e+00 5.995915608498991051e-02 5.995868616340487012e-02
-1.499499499499499677e+00 5.937250534788141715e-02 5.937219978767176165e-02
-1.527527527527526630e+00 5.881676299782188228e-02 5.881656597611376047e-02
-1.555555555555555358e+00 5.829049898958406362e-02 5.829037301774814966e-02
-1.583583583583584087e+00 5.779234329626398159e-02 5.779226342855285636e-02
-1.611611611611611039e+00 5.732098478577072470e-02 5.732093457420075339e-02
-1.639639639639639768e+00 5.687517008456707823e-02 5.687513878289002234e-02
-1.667667667667666720e+00 5.645370236316297335e-02 5.645368301413316442e-02
-1.695695695695695449e+00 5.605544000674323596e-02 5.605542814700289339e-02
-1.723723723723724177e+00 5.567929515636878962e-02 5.567928794841058709e-02
-1.751751751751751129e+00 5.532423212182827066e-02 5.532422777805443698e-02
-1.779779779779779858e+00 5.498926567764684387e-02 5.498926308205225044e-02
-1.807807807807806810e+00 5.467345926010774848e-02 5.467345772224297545e-02
-1.835835835835835539e+00 5.437592308642088396e-02 5.437592218296266600e-02
-1.863863863863864268e+00 5.409581221823596409e-02 5.409581169197192480e-02
-1.891891891891891220e+00 5.383232459122773428e-02 5.383232428727773022e-02
-1.919919919919919948e+00 5.358469903102565379e-02 5.358469885696497820e-02
-1.947947947947948677e+00 5.335221327315765177e-02 5.335221317432589649e-02
-1.975975975975975629e+00 5.313418200305668193e-02 5.313418194741668238e-02
-2.004004004004002581e+00 5.292995493330306112e-02 5.292995490224532140e-02
-2.032032032032031310e+00 5.273891492429894773e-02 5.273891490711028057e-02
-2.060060060060060039e+00 5.256047615869745282e-02 5.256047614926549760e-02
-2.088088088088088767e+00 5.239408237719884315e-02 5.239408237206732294e-02
-2.116116116116117496e+00 5.223920518103038896e-02 5.223920517826233928e-02
-2.144144144144142672e+00 5.209534240489729906e-02 5.209534240341689298e-02
-2.172172172172171400e+00 5.196201656287492004e-02 5.196201656208993686e-02
-2.200200200200200129e+00 5.183877336858977447e-02 5.183877336817707682e-02
-2.228228228228228858e+00 5.172518033009114446e-02 5.172518032987603182e-02
-2.256256256256257586e+00 5.162082541902293653e-02 5.162082541891177545e-02
-2.284284284284282762e+00 5.152531581305114933e-02 5.152531581299420183e-02
-2.312312312312311491e+00 5.143827670996480028e-02 5.143827670993585816e-02
-2.340340340340340219e+00 5.135935021143402807e-02 5.135935021141945639e-02
-2.368368368368368948e+00 5.128819427407229486e-02 5.128819427406502290e-02
-2.396396396396397677e+00 5.122448172535507688e-02 5.122448172535146865e-02
-2.424424424424422853e+00 5.116789934150427904e-02 5.116789934150251656e-02
-2.452452452452451581e+00 5.111814698395140272e-02 5.111814698395054923e-02
-2.480480480480480310e+00 5.107493679159273020e-02 5.107493679159231387e-02
-2.508508508508509038e+00 5.103799242583031276e-02 5.103799242583011847e-02
-2.536536536536537767e+00 5.100704836533580255e-02 5.100704836533569847e-02
-2.564564564564562943e+00 5.098184924751937575e-02 5.098184924751933411e-02
-2.592592592592591672e+00 5.096214925376085780e-02 5.096214925376085780e-02
-2.620620620620620400e+00 5.094771153555761878e-02 5.094771153555760490e-02
-2.648648648648649129e+00 5.093830767886307898e-02 5.093830767886307898e-02
-2.676676676676677857e+00 5.093371720401945052e-02 5.093371720401945052e-02
-2.704704704704703033e+00 5.093372709882978966e-02 5.093372709882978966e-02
-2.732732732732731762e+00 5.093813138246024164e-02 5.093813138246024164e-02
-2.760760760760760490e+00 5.094673069800881304e-02 5.094673069800881304e-02
-2.788788788788789219e+00 5.095933193178351500e-02 5.095933193178351500e-02
-2.816816816816817948e+00 5.097574785811303383e-02 5.097574785811303383e-02
-2.844844844844843124e+00 5.099579680628191919e-02 5.099579680628191919e-02
-2.872872872872871852e+00 5.101930234837519229e-02 5.101930234837519229e-02
-2.900900900900900581e+00 5.104609300759584134e-02 5.104609300759584134e-02
-2.928928928928929309e+00 5.107600198515661882e-02 5.107600198515661882e-02
-2.956956956956958038e+00 5.110886690446064806e-02 5.110886690446064806e-02
-2.984984984984983214e+00 5.114452957139437039e-02 5.114452957139437039e-02
-3.013013013013011943e+00 5.118283574964523075e-02 5.118283574964523075e-02
-3.041041041041040671e+00 5.122363495003723344e-02 5.122363495003723344e-02
-3.069069069069069400e+00 5.126678023295157954e-02 5.126678023295157954e-02
-3.097097097097098128e+00 5.131212802296705733e-02 5.131212802296705733e-02
-3.125125125125123304e+00 5.135953793491596781e-02 5.135953793491596781e-02
-3.153153153153152033e+00 5.140887261060929359e-02 5.140887261060929359e-02
-3.181181181181180762e+00 5.145999756553503585e-02 5.145999756553503585e-02
-3.209209209209209490e+00 5.151278104490209647e-02 5.151278104490209647e-02
-3.237237237237238219e+00 5.156709388913577330e-02 5.156709388913577330e-02
-3.265265265265263395e+00 5.162280940698284887e-02 5.162280940698284887e-02
-3.293293293293292123e+00 5.167980325507443018e-02 5.167980325507443018e-02
-3.321321321321320852e+00 5.173795332550401582e-02 5.173795332550401582e-02
-3.349349349349349581e+00 5.179713964015615624e-02 5.179713964015615624e-02
-3.377377377377378309e+00 5.185724425128898640e-02 5.185724425128898640e-02
-3.405405405405403485e+00 5.191815114796918817e-02 5.191815114796918817e-02
-3.433433433433432214e+00 5.197974616798454323e-02 5.197974616798454323e-02
-3.461461461461460942e+00 5.204191691488352367e-02 5.204191691488352367e-02
-3.489489489489489671e+00 5.210455267981582705e-02 5.210455267981582705e-02
-3.517517517517518399e+00 5.216754436786898846e-02 5.216754436786898846e-02
-3.545545545545547128e+00 5.223078442861825432e-02 5.223078442861825432e-02
-3.573573573573572304e+00 5.229416679062701134e-02 5.229416679062701134e-02
-3.601601601601601033e+00 5.235758679965393098e-02 5.235758679965393098e-02
-3.629629629629629761e+00 5.242094116034393819e-02 5.242094116034393819e-02
-3.657657657657658490e+00 5.248412788159970144e-02 5.248412788159970144e-02
-3.685685685685687218e+00 5.254704622510138201e-02 5.254704622510138201e-02
-3.713713713713712394e+00 5.260959665537497110e-02 5.260959665537497110e-02
-3.741741741741741123e+00 5.267168079336571190e-02 5.267168079336571190e-02
-3.769769769769769852e+00 5.273320137276735209e-02 5.273320137276735209e-02
-3.797797797797798580e+00 5.279406219884286849e-02 5.279406219884286849e-02
-3.825825825825827309e+00 5.285416810962432349e-02 5.285416810962432349e-02
-3.853853853853852485e+00 5.291342493939572844e-02 5.291342493939572844e-02
-3.881881881881881213e+00 5.297173948437615409e-02 5.297173948437615409e-02
-3.909909909909909942e+00 5.302901947053378917e-02 5.302901947053378917e-02
-3.937937937937938671e+00 5.308517352347542212e-02 5.308517352347542212e-02
-3.965965965965967399e+00 5.314011114036763794e-02 5.314011114036763794e-02
-3.993993993993992575e+00 5.319374266386041328e-02 5.319374266386041328e-02
-4.022022022022021304e+00 5.324597925799254977e-02 5.324597925799254977e-02
-4.050050050050050032e+00 5.329673288607297832e-02 5.329673288607297832e-02
-4.078078078078078761e+00 5.334591629068617669e-02 5.334591629068617669e-02
-4.106106106106107489e+00 5.339344297597888034e-02 5.339344297597888034e-02
-4.134134134134132665e+00 5.343922719098170154e-02 5.343922719098170154e-02
-4.162162162162161394e+00 5.348318391534414434e-02 5.348318391534414434e-02
-4.190190190190190123e+00 5.352522884733937336e-02 5.352522884733937336e-02
-4.218218218218218851e+00 5.356527839400171409e-02 5.356527839400171409e-02
-4.246246246246247580e+00 5.360324966344875292e-02 5.360324966344875292e-02
-4.274274274274272756e+00 5.363906045944578233e-02 5.363906045944578233e-02
-4.302302302302301484e+00 5.367262927827391727e-02 5.367262927827391727e-02
-4.330330330330330213e+00 5.370387530796657399e-02 5.370387530796657399e-02
-4.358358358358358942e+00 5.373271842998066095e-02 5.373271842998066095e-02
-4.386386386386387670e+00 5.375907922336897737e-02 5.375907922336897737e-02
-4.414414414414412846e+00 5.378287897152114749e-02 5.378287897152114749e-02
-4.442442442442441575e+00 5.380403967153657430e-02 5.380403967153657430e-02
-4.470470470470470303e+00 5.382248404629137728e-02 5.382248404629137728e-02
-4.498498498498499032e+00 5.383813555929168465e-02 5.383813555929168465e-02
-4.526526526526527761e+00 5.385091843253338173e-02 5.385091843253338173e-02
-4.554554554554552936e+00 5.386075766675328669e-02 5.386075766675328669e-02
-4.582582582582581665e+00 5.386757906461731721e-02 5.386757906461731721e-02
-4.610610610610610394e+00 5.387130925698034589e-02 5.387130925698034589e-02
-4.638638638638639122e+00 5.387187573206984881e-02 5.387187573206984881e-02
-4.666666666666667851e+00 5.386920686759390231e-02 5.386920686759390231e-02
-4.694694694694693027e+00 5.386323196576426470e-02 5.386323196576426470e-02
-4.722722722722721755e+00 5.385388129120993739e-02 5.385388129120993739e-02
-4.750750750750750484e+00 5.384108611174189679e-02 5.384108611174189679e-02
-4.778778778778779213e+00 5.382477874191381184e-02 5.382477874191381184e-02
-4.806806806806807941e+00 5.380489258930692270e-02 5.380489258930692270e-02
-4.834834834834833117e+00 5.378136220345029750e-02 5.378136220345029750e-02
-4.862862862862861846e+00 5.375412332726960118e-02 5.375412332726960118e-02
-4.890890890890890574e+00 5.372311295094051725e-02 5.372311295094051725e-02
-4.918918918918919303e+00 5.368826936800905059e-02 5.368826936800905059e-02
-4.946946946946948032e+00 5.364953223368718049e-02 5.364953223368718049e-02
-4.974974974974973208e+00 5.360684262494513214e-02 5.360684262494513214e-02
-5.003003003003001936e+00 5.356014310228930653e-02 5.356014310228930653e-02
-5.031031031031030665e+00 5.350937777314834082e-02 5.350937777314834082e-02
-5.059059059059059393e+00 5.345449235654823467e-02 5.345449235654823467e-02
-5.087087087087088122e+00 5.339543424882943479e-02 5.339543424882943479e-02
-5.115115115115113298e+00 5.333215259014781329e-02 5.333215259014781329e-02
-5.143143143143142026e+00 5.326459833148751433e-02 5.326459833148751433e-02
-5.171171171171170755e+00 5.319272430190358919e-02 5.319272430190358919e-02
-5.199199199199199484e+00 5.311648527570007189e-02 5.311648527570007189e-02
-5.227227227227228212e+00 5.303583803924260404e-02 5.303583803924260404e-02
-5.255255255255253388e+00 5.295074145709625923e-02 5.295074145709625923e-02
-5.283283283283282117e+00 5.286115653717578244e-02 5.286115653717578244e-02
-5.311311311311310845e+00 5.276704649459149077e-02 5.276704649459149077e-02
-5.339339339339339574e+00 5.266837681387386699e-02 5.266837681387386699e-02
-5.367367367367368303e+00 5.256511530926189640e-02 5.256511530926189640e-02
-5.395395395395393479e+00 5.245723218272527189e-02 5.245723218272527189e-02
-5.423423423423422207e+00 5.234470007943060194e-02 5.234470007943060194e-02
-5.451451451451450936e+00 5.222749414036886167e-02 5.222749414036886167e-02
-5.479479479479479664e+00 5.210559205183855347e-02 5.210559205183855347e-02
-5.507507507507508393e+00 5.197897409150655651e-02 5.197897409150655651e-02
-5.535535535535537122e+00 5.184762317078352167e-02 5.184762317078352167e-02
-5.563563563563562298e+00 5.171152487326714092e-02 5.171152487326714092e-02
-5.591591591591591026e+00 5.157066748902407183e-02 5.157066748902407183e-02
-5.619619619619619755e+00 5.142504204450172589e-02 5.142504204450172589e-02
-5.647647647647648483e+00 5.127464232788162685e-02 5.127464232788162685e-02
-5.675675675675677212e+00 5.111946490970898510e-02 5.111946490970898510e-02
-5.703703703703702388e+00 5.095950915865744835e-02 5.095950915865744835e-02
-5.731731731731731116e+00 5.079477725231262841e-02 5.079477725231262841e-02
-5.759759759759759845e+00 5.062527418288379627e-02 5.062527418288379627e-02
-5.787787787787788574e+00 5.045100775776254626e-02 5.045100775776254626e-02
-5.815815815815817302e+00 5.027198859489014071e-02 5.027198859489014071e-02
-5.843843843843842478e+00 5.008823011301269390e-02 5.008823011301269390e-02
-5.871871871871871207e+00 4.989974851674687517e-02 4.989974851674687517e-02
-5.899899899899899935e+00 4.970656277651648580e-02 4.970656277651648580e-02
-5.927927927927928664e+00 4.950869460343878398e-02 4.950869460343878398e-02
-5.955955955955957393e+00 4.930616841925664767e-02 4.930616841925664767e-02
-5.983983983983982569e+00 4.909901132143808244e-02 4.909901132143808244e-02
-6.012012012012011297e+00 4.888725304358917251e-02 4.888725304358917251e-02
-6.040040040040040026e+00 4.867092591134859758e-02 4.867092591134859758e-02
-6.068068068068068754e+00 4.845006479395402160e-02 4.845006479395402160e-02
-6.096096096096097483e+00 4.822470705169139282e-02 4.822470705169139282e-02
-6.124124124124122659e+00 4.799489247945641635e-02 4.799489247945641635e-02
-6.152152152152151388e+00 4.776066324667532781e-02 4.776066324667532781e-02
-6.180180180180180116e+00 4.752206383384875721e-02 4.752206383384875721e-02
-6.208208208208208845e+00 4.727914096598273552e-02 4.727914096598273552e-02
-6.236236236236237573e+00 4.703194354316943271e-02 4.703194354316943271e-02
-6.264264264264262749e+00 4.678052256876093912e-02 4.678052256876093912e-02
-6.292292292292291478e+00 4.652493107532893607e-02 4.652493107532893607e-02
-6.320320320320320207e+00 4.626522404873253252e-02 4.626522404873253252e-02
-6.348348348348348935e+00 4.600145835064546607e-02 4.600145835064546607e-02
-6.376376376376377664e+00 4.573369263987942662e-02 4.573369263987942662e-02
-6.404404404404402840e+00 4.546198729284688100e-02 4.546198729284688100e-02
-6.432432432432431568e+00 4.518640432350944092e-02 4.518640432350944092e-02
-6.460460460460460297e+00 4.490700730316271594e-02 4.490700730316271594e-02
-6.488488488488489025e+00 4.462386128040993216e-02 4.462386128040993216e-02
-6.516516516516517754e+00 4.433703270167798499e-02 4.433703270167798499e-02
-6.544544544544542930e+00 4.404658933262937254e-02 4.404658933262937254e-02
-6.572572572572571659e+00 4.375260018082145763e-02 4.375260018082145763e-02
-6.600600600600600387e+00 4.345513541996125217e-02 4.345513541996125217e-02
-6.628628628628629116e+00 4.315426631609334956e-02 4.315426631609334956e-02
-6.656656656656657844e+00 4.285006515601449267e-02 4.285006515601449267e-02
-6.684684684684683020e+00 4.254260517836908756e-02 4.254260517836908756e-02
-6.712712712712711749e+00 4.223196050767109161e-02 4.223196050767109161e-02
-6.740740740740740478e+00 4.191820609150800209e-02 4.191820609150800209e-02
-6.768768768768769206e+00 4.160141764124523217e-02 4.160141764124523217e-02
-6.796796796796797935e+00 4.128167157649623165e-02 4.128167157649623165e-02
-6.824824824824823111e+00 4.095904497360108171e-02 4.095904497360108171e-02
-6.852852852852851839e+00 4.063361551833079288e-02 4.063361551833079288e-02
-6.880880880880880568e+00 4.030546146300974242e-02 4.030546146300974242e-02
-6.908908908908909297e+00 3.997466158821762205e-02 3.997466158821762205e-02
-6.936936936936938025e+00 3.964129516920395641e-02 3.964129516920395641e-02
-6.964964964964963201e+00 3.930544194711649980e-02 3.930544194711649980e-02
-6.992992992992991930e+00 3.896718210511308789e-02 3.896718210511308789e-02
-7.021021021021020658e+00 3.862659624939696057e-02 3.862659624939696057e-02
-7.049049049049049387e+00 3.828376539518194011e-02 3.828376539518194011e-02
-7.077077077077078116e+00 3.793877095753435402e-02 3.793877095753435402e-02
-7.105105105105103291e+00 3.759169474712420467e-02 3.759169474712420467e-02
-7.133133133133132020e+00 3.724261897082087325e-02 3.724261897082087325e-02
-7.161161161161160749e+00 3.689162623696749799e-02 3.689162623696749799e-02
-7.189189189189189477e+00 3.653879956527215228e-02 3.653879956527215228e-02
-7.217217217217218206e+00 3.618422240120863081e-02 3.618422240120863081e-02
-7.245245245245243382e+00 3.582797863481188699e-02 3.582797863481188699e-02
-7.273273273273272110e+00 3.547015262374945965e-02 3.547015262374945965e-02
-7.301301301301300839e+00 3.511082922055327321e-02 3.511082922055327321e-02
-7.329329329329329568e+00 3.475009380389762481e-02 3.475009380389762481e-02
-7.357357357357358296e+00 3.438803231381534070e-02 3.438803231381534070e-02
-7.385385385385383472e+00 3.402473129074837926e-02 3.402473129074837926e-02
-7.413413413413412201e+00 3.366027791833047650e-02 3.366027791833047650e-02
-7.441441441441440929e+00 3.329476006980020691e-02 3.329476006980020691e-02
-7.469469469469469658e+00 3.292826635793222323e-02 3.292826635793222323e-02
-7.497497497497498387e+00 3.256088618833868215e-02 3.256088618833868215e-02
-7.525525525525523562e+00 3.219270981601431852e-02 3.219270981601431852e-02
-7.553553553553552291e+00 3.182382840497990917e-02 3.182382840497990917e-02
-7.581581581581581020e+00 3.145433409068217750e-02 3.145433409068217750e-02
-7.609609609609609748e+00 3.108432004485289085e-02 3.108432004485289085e-02
-7.637637637637638477e+00 3.071388054241299542e-02 3.071388054241299542e-02
-7.665665665665667206e+00 3.034311102988687323e-02 3.034311102988687323e-02
-7.693693693693692381e+00 2.997210819465886619e-02 2.997210819465886619e-02
-7.721721721721721110e+00 2.960097003424978432e-02 2.960097003424978432e-02
-7.749749749749749839e+00 2.922979592462195478e-02 2.922979592462195478e-02
-7.777777777777778567e+00 2.885868668633578826e-02 2.885868668633578826e-02
-7.805805805805807296e+00 2.848774464719070615e-02 2.848774464719070615e-02
-7.833833833833832472e+00 2.811707369978806020e-02 2.811707369978806020e-02
-7.861861861861861200e+00 2.774677935226619110e-02 2.774677935226619110e-02
-7.889889889889889929e+00 2.737696877028494152e-02 2.737696877028494152e-02
-7.917917917917918658e+00 2.700775080817635967e-02 2.700775080817635967e-02
-7.945945945945947386e+00 2.663923602707212943e-02 2.663923602707212943e-02
-7.973973973973972562e+00 2.627153669781032500e-02 2.627153669781032500e-02
-8.002002002002001291e+00 2.590476678626669679e-02 2.590476678626669679e-02
-8.030030030030030019e+00 2.553904191888214589e-02 2.553904191888214589e-02
-8.058058058058058748e+00 2.517447932625001966e-02 2.517447932625001966e-02
-8.086086086086087477e+00 2.481119776278848527e-02 2.481119776278848527e-02
-8.114114114114112652e+00 2.444931740075572540e-02 2.444931740075572540e-02
-8.142142142142141381e+00 2.408895969716163751e-02 2.408895969716163751e-02
-8.170170170170170110e+00 2.373024723248583559e-02 2.373024723248583559e-02
-8.198198198198198838e+00 2.337330352051558702e-02 2.337330352051558702e-02
-8.226226226226227567e+00 2.301825278906597869e-02 2.301825278906597869e-02
-8.254254254254252743e+00 2.266521973182245714e-02 2.266521973182245714e-02
-8.282282282282281471e+00 2.231432923204609148e-02 2.231432923204609148e-02
-8.310310310310310200e+00 2.196570605939184365e-02 2.196570605939184365e-02
-8.338338338338338929e+00 2.161947454159524398e-02 2.161947454159524398e-02
-8.366366366366367657e+00 2.127575821327706146e-02 2.127575821327706146e-02
-8.394394394394392833e+00 2.093467944465254513e-02 2.093467944465254513e-02
-8.422422422422421562e+00 2.059635905329787464e-02 2.059635905329787464e-02
-8.450450450450450290e+00 2.026091590258131958e-02 2.026091590258131958e-02
-8.478478478478479019e+00 1.992846649074901666e-02 1.992846649074901666e-02
-8.506506506506507748e+00 1.959912453496765947e-02 1.959912453496765947e-02
-8.534534534534532924e+00 1.927300055488234687e-02 1.927300055488234687e-02
-8.562562562562561652e+00 1.895020146043632087e-02 1.895020146043632087e-02
-8.590590590590590381e+00 1.863083014880724184e-02 1.863083014880724184e-02
-8.618618618618619109e+00 1.831498511533425147e-02 1.831498511533425147e-02
-8.646646646646647838e+00 1.800276008323795779e-02 1.800276008323795779e-02
-8.674674674674673014e+00 1.769424365676248306e-02 1.769424365676248306e-02
-8.702702702702701743e+00 1.738951900209648530e-02 1.738951900209648530e-02
-8.730730730730730471e+00 1.708866356005987394e-02 1.708866356005987394e-02
-8.758758758758759200e+00 1.679174879407719159e-02 1.679174879407719159e-02
-8.786786786786787928e+00 1.649883997640639102e-02 1.649883997640639102e-02
-8.814814814814813104e+00 1.620999601500671197e-02 1.620999601500671197e-02
-8.842842842842841833e+00 1.592526932272593163e-02 1.592526932272593163e-02
-8.870870870870870561e+00 1.564470572978618815e-02 1.564470572978618815e-02
-8.898898898898899290e+00 1.536834443985302806e-02 1.536834443985302806e-02
-8.926926926926928019e+00 1.509621802926110548e-02 1.509621802926110548e-02
-8.954954954954953195e+00 1.482835248829434890e-02 1.482835248829434890e-02
-8.982982982982981923e+00 1.456476730279292718e-02 1.456476730279292718e-02
-9.011011011011010652e+00 1.430547557379877044e-02 1.430547557379877044e-02
-9.039039039039039380e+00 1.405048417246682925e-02 1.405048417246682925e-02
-9.067067067067068109e+00 1.379979392707431952e-02 1.379979392707431952e-02
-9.095095095095093285e+00 1.355339983865510439e-02 1.355339983865510439e-02
-9.123123123123122014e+00 1.331129132157592848e-02 1.331129132157592848e-02
-9.151151151151150742e+00 1.307345246525335597e-02 1.307345246525335597e-02
-9.179179179179179471e+00 1.283986231317665004e-02 1.283986231317665004e-02
-9.207207207207208199e+00 1.261049515544671387e-02 1.261049515544671387e-02
-9.235235235235233375e+00 1.238532083116954119e-02 1.238532083116954119e-02
-9.263263263263262104e+00 1.216430503721233937e-02 1.216430503721233937e-02
-9.291291291291290833e+00 1.194740964004355893e-02 1.194740964004355893e-02
-9.319319319319319561e+00 1.173459298765403523e-02 1.173459298765403523e-02
-9.347347347347348290e+00 1.152581021884126720e-02 1.152581021884126720e-02
-9.375375375375373466e+00 1.132101356744049173e-02 1.132101356744049173e-02
-9.403403403403402194e+00 1.112015265939689072e-02 1.112015265939689072e-02
-9.431431431431430923e+00 1.092317480088266304e-02 1.092317480088266304e-02
-9.459459459459459651e+00 1.073002525596243421e-02 1.073002525596243421e-02
-9.487487487487488380e+00 1.054064751259935033e-02 1.054064751259935033e-02
-9.515515515515513556e+00 1.035498353606317465e-02 1.035498353606317465e-02
-9.543543543543542285e+00 1.017297400905113267e-02 1.017297400905113267e-02
-9.571571571571571013e+00 9.994558558059460363e-03 9.994558558059460363e-03
-9.599599599599599742e+00 9.819675965745228510e-03 9.819675965745228510e-03
-9.627627627627628470e+00 9.648264369196857260e-03 9.648264369196857260e-03
-9.655655655655657199e+00 9.480261444188809242e-03 9.480261444188809242e-03
-9.683683683683682375e+00 9.315604575630687112e-03 9.315604575630687112e-03
-9.711711711711711104e+00 9.154231014521506046e-03 9.154231014521506046e-03
-9.739739739739739832e+00 8.996078021819526455e-03 8.996078021819526455e-03
-9.767767767767768561e+00 8.841082999707552958e-03 8.841082999707552958e-03
-9.795795795795797289e+00 8.689183610789861026e-03 8.689183610789861026e-03
-9.823823823823822465e+00 8.540317885797042013e-03 8.540317885797042013e-03
-9.851851851851851194e+00 8.394424320402601308e-03 8.394424320402601308e-03
-9.879879879879879923e+00 8.251441961772309347e-03 8.251441961772309347e-03
-9.907907907907908651e+00 8.111310485473101003e-03 8.111310485473101003e-03
-9.935935935935937380e+00 7.973970263367477496e-03 7.973970263367477496e-03
-9.963963963963962556e+00 7.839362423110987979e-03 7.839362423110987979e-03
-9.991991991991991284e+00 7.707428899856301127e-03 7.707428899856301127e-03
-1.002002002002002001e+01 7.578112480749829398e-03 7.578112480749829398e-03
-1.004804804804804874e+01 7.451356842784303408e-03 7.451356842784303408e-03
-1.007607607607607747e+01 7.327106584547239503e-03 7.327106584547239503e-03
-1.010410410410410265e+01 7.205307252381095394e-03 7.205307252381095394e-03
-1.013213213213213137e+01 7.085905361439467746e-03 7.085905361439467746e-03
-1.016016016016016010e+01 6.968848412099215572e-03 6.968848412099215572e-03
-1.018818818818818883e+01 6.854084902159644603e-03 6.854084902159644603e-03
-1.021621621621621756e+01 6.741564335232502585e-03 6.741564335232502585e-03
-1.024424424424424274e+01 6.631237225698962019e-03 6.631237225698962019e-03
-1.027227227227227146e+01 6.523055100583182234e-03 6.523055100583182234e-03
-1.030030030030030019e+01 6.416970498666951621e-03 6.416970498666951621e-03
-1.032832832832832892e+01 6.312936967144685413e-03 6.312936967144685413e-03
-1.035635635635635765e+01 6.210909056094966046e-03 6.210909056094966046e-03
-1.038438438438438283e+01 6.110842311022699792e-03 6.110842311022699792e-03
-1.041241241241241156e+01 6.012693263704567241e-03 6.012693263704567241e-03
-1.044044044044044028e+01 5.916419421551104806e-03 5.916419421551104806e-03
-1.046846846846846901e+01 5.821979255679841578e-03 5.821979255679841578e-03
-1.049649649649649774e+01 5.729332187876942477e-03 5.729332187876942477e-03
-1.052452452452452292e+01 5.638438576608513497e-03 5.638438576608513497e-03
-1.055255255255255165e+01 5.549259702227498335e-03 5.549259702227498335e-03
-1.058058058058058037e+01 5.461757751508756510e-03 5.461757751508756510e-03
-1.060860860860860910e+01 5.375895801631658082e-03 5.375895801631658082e-03
-1.063663663663663783e+01 5.291637803718057462e-03 5.291637803718057462e-03
-1.066466466466466301e+01 5.208948566022346752e-03 5.208948566022346752e-03
-1.069269269269269174e+01 5.127793736860414980e-03 5.127793736860414980e-03
-1.072072072072072046e+01 5.048139787355319930e-03 5.048139787355319930e-03
-1.074874874874874919e+01 4.969953994068726684e-03 4.969953994068726684e-03
-1.077677677677677792e+01 4.893204421579882071e-03 4.893204421579882071e-03
-1.080480480480480310e+01 4.817859905066758375e-03 4.817859905066758375e-03
-1.083283283283283183e+01 4.743890032937584690e-03 4.743890032937584690e-03
-1.086086086086086056e+01 4.671265129555391554e-03 4.671265129555391554e-03
-1.088888888888888928e+01 4.599956238092665906e-03 4.599956238092665906e-03
-1.091691691691691801e+01 4.529935103549083061e-03 4.529935103549083061e-03
-1.094494494494494319e+01 4.461174155959706997e-03 4.461174155959706997e-03
-1.097297297297297192e+01 4.393646493818133270e-03 4.393646493818133270e-03
-1.100100100100100065e+01 4.327325867735823221e-03 4.327325867735823221e-03
-1.102902902902902937e+01 4.262186664355020055e-03 4.262186664355020055e-03
-1.105705705705705810e+01 4.198203890530012757e-03 4.198203890530012757e-03
-1.108508508508508328e+01 4.135353157788979397e-03 4.135353157788979397e-03
-1.111311311311311201e+01 4.073610667086343708e-03 4.073610667086343708e-03
-1.114114114114114074e+01 4.012953193853559600e-03 4.012953193853559600e-03
-1.116916916916916946e+01 3.953358073354281549e-03 3.953358073354281549e-03
-1.119719719719719819e+01 3.894803186348502668e-03 3.894803186348502668e-03
-1.122522522522522337e+01 3.837266945068475935e-03 3.837266945068475935e-03
-1.125325325325325210e+01 3.780728279508230056e-03 3.780728279508230056e-03
-1.128128128128128083e+01 3.725166624027238110e-03 3.725166624027238110e-03
-1.130930930930930955e+01 3.670561904267734613e-03 3.670561904267734613e-03
-1.133733733733733828e+01 3.616894524384779361e-03 3.616894524384779361e-03
-1.136536536536536346e+01 3.564145354586436068e-03 3.564145354586436068e-03
-1.139339339339339219e+01 3.512295718980845260e-03 3.512295718980845260e-03
-1.142142142142142092e+01 3.461327383727990075e-03 3.461327383727990075e-03
-1.144944944944944965e+01 3.411222545491855891e-03 3.411222545491855891e-03
-1.147747747747747837e+01 3.361963820188736737e-03 3.361963820188736737e-03
-1.150550550550550355e+01 3.313534232027107087e-03 3.313534232027107087e-03
-1.153353353353353228e+01 3.265917202834083856e-03 3.265917202834083856e-03
-1.156156156156156101e+01 3.219096541663391941e-03 3.219096541663391941e-03
-1.158958958958958974e+01 3.173056434679374579e-03 3.173056434679374579e-03
-1.161761761761761846e+01 3.127781435311584139e-03 3.127781435311584139e-03
-1.164564564564564719e+01 3.083256454674279494e-03 3.083256454674279494e-03
-1.167367367367367237e+01 3.039466752245077209e-03 3.039466752245077209e-03
-1.170170170170170110e+01 2.996397926796909653e-03 2.996397926796909653e-03
-1.172972972972972983e+01 2.954035907577542020e-03 2.954035907577542020e-03
-1.175775775775775855e+01 2.912366945730878159e-03 2.912366945730878159e-03
-1.178578578578578728e+01 2.871377605954219571e-03 2.871377605954219571e-03
-1.181381381381381246e+01 2.831054758384539578e-03 2.831054758384539578e-03
-1.184184184184184119e+01 2.791385570709289683e-03 2.791385570709289683e-03
-1.186986986986986992e+01 2.752357500495720803e-03 2.752357500495720803e-03
-1.189789789789789864e+01 2.713958287732871205e-03 2.713958287732871205e-03
-1.192592592592592737e+01 2.676175947580614056e-03 2.676175947580614056e-03
-1.195395395395395255e+01 2.638998763320279418e-03 2.638998763320279418e-03
-1.198198198198198128e+01 2.602415279501359840e-03 2.602415279501359840e-03
-1.201001001001001001e+01 2.566414295278991297e-03 2.566414295278991297e-03
-1.203803803803803874e+01 2.530984857936882573e-03 2.530984857936882573e-03
-1.206606606606606746e+01 2.496116256590635504e-03 2.496116256590635504e-03
-1.209409409409409264e+01 2.461798016066363368e-03 2.461798016066363368e-03
-1.212212212212212137e+01 2.428019890949628754e-03 2.428019890949628754e-03
-1.215015015015015010e+01 2.394771859800026714e-03 2.394771859800026714e-03
-1.217817817817817883e+01 2.362044119526615811e-03 2.362044119526615811e-03
-1.220620620620620755e+01 2.329827079919990357e-03 2.329827079919990357e-03
-1.223423423423423273e+01 2.298111358335217218e-03 2.298111358335217218e-03
-1.226226226226226146e+01 2.266887774522322561e-03 2.266887774522322561e-03
-1.229029029029029019e+01 2.236147345600157828e-03 2.236147345600157828e-03
-1.231831831831831892e+01 2.205881281169148542e-03 2.205881281169148542e-03
-1.234634634634634764e+01 2.176080978558989857e-03 2.176080978558989857e-03
-1.237437437437437282e+01 2.146738018207330206e-03 2.146738018207330206e-03
-1.240240240240240155e+01 2.117844159165589366e-03 2.117844159165589366e-03
-1.243043043043043028e+01 2.089391334728255434e-03 2.089391334728255434e-03
-1.245845845845845901e+01 2.061371648181966644e-03 2.061371648181966644e-03
-1.248648648648648773e+01 2.033777368670931958e-03 2.033777368670931958e-03
-1.251451451451451291e+01 2.006600927175244443e-03 2.006600927175244443e-03
-1.254254254254254164e+01 1.979834912598763246e-03 1.979834912598763246e-03
-1.257057057057057037e+01 1.953472067963410441e-03 1.953472067963410441e-03
-1.259859859859859910e+01 1.927505286706718626e-03 1.927505286706718626e-03
-1.262662662662662783e+01 1.901927609079978165e-03 1.901927609079978165e-03
-1.265465465465465300e+01 1.876732218643032812e-03 1.876732218643032812e-03
-1.268268268268268173e+01 1.851912438853415242e-03 1.851912438853415242e-03
-1.271071071071071046e+01 1.827461729747430512e-03 1.827461729747430512e-03
-1.273873873873873919e+01 1.803373684710179873e-03 1.803373684710179873e-03
-1.276676676676676792e+01 1.779642027331959728e-03 1.779642027331959728e-03
-1.279479479479479309e+01 1.756260608348497601e-03 1.756260608348497601e-03
-1.282282282282282182e+01 1.733223402662549453e-03 1.733223402662549453e-03
-1.285085085085085055e+01 1.710524506444540327e-03 1.710524506444540327e-03
-1.287887887887887928e+01 1.688158134309883894e-03 1.688158134309883894e-03
-1.290690690690690801e+01 1.666118616570783214e-03 1.666118616570783214e-03
-1.293493493493493318e+01 1.644400396560350601e-03 1.644400396560350601e-03
-1.296296296296296191e+01 1.622998028026915920e-03 1.622998028026915920e-03
-1.299099099099099064e+01 1.601906172596544425e-03 1.601906172596544425e-03
-1.301901901901901937e+01 1.581119597301753167e-03 1.581119597301753167e-03
-1.304704704704704810e+01 1.560633172174834141e-03 1.560633172174834141e-03
-1.307507507507507327e+01 1.540441867903288332e-03 1.540441867903288332e-03
-1.310310310310310200e+01 1.520540753545585868e-03 1.520540753545585868e-03
-1.313113113113113073e+01 1.500924994306170653e-03 1.500924994306170653e-03
-1.315915915915915946e+01 1.481589849367684428e-03 1.481589849367684428e-03
-1.318718718718718819e+01 1.462530669778776792e-03 1.462530669778776792e-03
-1.321521521521521336e+01 1.443742896395931036e-03 1.443742896395931036e-03
-1.324324324324324209e+01 1.425222057877737402e-03 1.425222057877737402e-03
-1.327127127127127082e+01 1.406963768730166769e-03 1.406963768730166769e-03
-1.329929929929929955e+01 1.388963727401365707e-03 1.388963727401365707e-03
-1.332732732732732828e+01 1.371217714424585992e-03 1.371217714424585992e-03
-1.335535535535535345e+01 1.353721590607899396e-03 1.353721590607899396e-03
-1.338338338338338218e+01 1.336471295269361578e-03 1.336471295269361578e-03
-1.341141141141141091e+01 1.319462844516396246e-03 1.319462844516396246e-03
-1.343943943943943964e+01 1.302692329568107005e-03 1.302692329568107005e-03
-1.346746746746746837e+01 1.286155915119545877e-03 1.286155915119545877e-03
-1.349549549549549354e+01 1.269849837746535749e-03 1.269849837746535749e-03
-1.352352352352352227e+01 1.253770404349465340e-03 1.253770404349465340e-03
-1.355155155155155100e+01 1.237913990635762214e-03 1.237913990635762214e-03
-1.357957957957957973e+01 1.222277039639712865e-03 1.222277039639712865e-03
-1.360760760760760846e+01 1.206856060278581246e-03 1.206856060278581246e-03
-1.363563563563563363e+01 1.191647625944006585e-03 1.191647625944006585e-03
-1.366366366366366236e+01 1.176648373127726606e-03 1.176648373127726606e-03
-1.369169169169169109e+01 1.161855000080700036e-03 1.161855000080700036e-03
-1.371971971971971982e+01 1.147264265504689467e-03 1.147264265504689467e-03
-1.374774774774774855e+01 1.132872987275455011e-03 1.132872987275455011e-03
-1.377577577577577728e+01 1.118678041196675315e-03 1.118678041196675315e-03
-1.380380380380380245e+01 1.104676359783785195e-03 1.104676359783785195e-03
-1.383183183183183118e+01 1.090864931076906746e-03 1.090864931076906746e-03
-1.385985985985985991e+01 1.077240797482123015e-03 1.077240797482123015e-03
-1.388788788788788864e+01 1.063801054640396227e-03 1.063801054640396227e-03
-1.391591591591591737e+01 1.050542850323444482e-03 1.050542850323444482e-03
-1.394394394394394254e+01 1.037463383355226223e-03 1.037463383355226223e-03
-1.397197197197197127e+01 1.024559902559035512e-03 1.024559902559035512e-03
-1.400000000000000000e+01 1.011829705729440495e-03 1.011829705729440495e-03
