1.400000000000000000e+01 4.003780233294765636e-03 3.930615165945538711e-03
1.397197197197197127e+01 4.040871206204854106e-03 4.003442172414943719e-03
1.394394394394394432e+01 4.078302887371455625e-03 4.077283361523813612e-03
1.391591591591591559e+01 4.153168797877423470e-03 4.152144124935119515e-03
1.388788788788788864e+01 4.229059178289746104e-03 4.228029612037863434e-03
1.385985985985985991e+01 4.305978912584616618e-03 4.304944718475377935e-03
1.383183183183183118e+01 4.383932619134999452e-03 4.382894074476556892e-03
1.380380380380380423e+01 4.462924638861818540e-03 4.461882032998167047e-03
1.377577577577577550e+01 4.542959023205957181e-03 4.541912657687031951e-03
1.374774774774774855e+01 4.624039521930877784e-03 4.622989710671957138e-03
1.371971971971971982e+01 4.706169570766562116e-03 4.705116640196072876e-03
1.369169169169169109e+01 4.789352278906427660e-03 4.788296568101159910e-03
1.366366366366366414e+01 4.873590416369791636e-03 4.872532277176588704e-03
1.363563563563563541e+01 4.958886401243452549e-03 4.957826198386358803e-03
1.360760760760760846e+01 5.045242286816941854e-03 5.044180397988777889e-03
1.357957957957957973e+01 5.132659748627027042e-03 5.131596564564376572e-03
1.355155155155155100e+01 5.221140071428083049e-03 5.220075995968603833e-03
1.352352352352352405e+01 5.310684136105992340e-03 5.309619586227016380e-03
1.349549549549549532e+01 5.401292406554298285e-03 5.400227812391643172e-03
1.346746746746746837e+01 5.492964916532437972e-03 5.491900721378322608e-03
1.343943943943943964e+01 5.585701256526908430e-03 5.584637916805907168e-03
1.341141141141141091e+01 5.679500560637363443e-03 5.678438545859298796e-03
1.338338338338338396e+01 5.774361493510665917e-03 5.773301286199370407e-03
1.335535535535535523e+01 5.870282237347018879e-03 5.869224332943921707e-03
1.332732732732732828e+01 5.967260479003385840e-03 5.966205385744826305e-03
1.329929929929929955e+01 6.065293397220405253e-03 6.064241635987672845e-03
1.327127127127127082e+01 6.164377650000055914e-03 6.163329754141138803e-03
1.324324324324324387e+01 6.264509362159218116e-03 6.263465877284465737e-03
1.321521521521521514e+01 6.365684074810031359e-03 6.364645596842173278e-03
1.318718718718718641e+01 6.467896598957005409e-03 6.466863946540643386e-03
1.315915915915915946e+01 6.571140972586613296e-03 6.570115199241732123e-03
1.313113113113113073e+01 6.675410446983802079e-03 6.674392374876012522e-03
1.310310310310310378e+01 6.780697473323262989e-03 6.779687745432501703e-03
1.307507507507507505e+01 6.886993727841110406e-03 6.885992968828123263e-03
1.304704704704704632e+01 6.994290233455083619e-03 6.993299078237950536e-03
1.301901901901901937e+01 7.102577378516839075e-03 7.101596471830963139e-03
1.299099099099099064e+01 7.211844907022260491e-03 7.210874902945879454e-03
1.296296296296296369e+01 7.322081909296599203e-03 7.321123470741281586e-03
1.293493493493493496e+01 7.433276813189353474e-03 7.432330611355226005e-03
1.290690690690690623e+01 7.545417375813994951e-03 7.544484089609646699e-03
1.287887887887887928e+01 7.658490675867877726e-03 7.657570991294731025e-03
1.285085085085085055e+01 7.772483106567684534e-03 7.771577716069085970e-03
1.282282282282282360e+01 7.887380369235657065e-03 7.886489971010700664e-03
1.279479479479479487e+01 8.003167467571714253e-03 8.002292764854262649e-03
1.276676676676676614e+01 8.119828702646237142e-03 8.118970402949503284e-03
1.273873873873873919e+01 8.237347668647740373e-03 8.236506482975020429e-03
1.271071071071071046e+01 8.355707249419180166e-03 8.354883891441696950e-03
1.268268268268268173e+01 8.474889615815812613e-03 8.474084801018215082e-03
1.265465465465465478e+01 8.594876223916613975e-03 8.594090668711465084e-03
1.262662662662662605e+01 8.715647814120253828e-03 8.714882234932670724e-03
1.259859859859859910e+01 8.837184411155423608e-03 8.836439523479018565e-03
1.257057057057057037e+01 8.959465325033862462e-03 8.958741842459897950e-03
1.254254254254254164e+01 9.082469152972999851e-03 9.081767786194063982e-03
1.251451451451451469e+01 9.206173782313404816e-03 9.205495238103659356e-03
1.248648648648648596e+01 9.330556394454370475e-03 9.329901374628355934e-03
1.245845845845845901e+01 9.455593469828982994e-03 9.454962670181050327e-03
1.243043043043043028e+01 9.581260793937909637e-03 9.580654903164721042e-03
1.240240240240240155e+01 9.707533464458770883e-03 9.706953163067119639e-03
1.237437437437437460e+01 9.834385939411962457e-03 9.833831858648304711e-03
1.234634634634634587e+01 9.961792217309282244e-03 9.961264727232656963e-03
1.231831831831831892e+01 1.008972589573871662e-02 1.008922504494701514e-02
1.229029029029029019e+01 1.021816018643537625e-02 1.021768629265131997e-02
1.226226226226226146e+01 1.034706793163783257e-02 1.034662155521428803e-02
1.223423423423423451e+01 1.047642158177894411e-02 1.047600331213160464e-02
1.220620620620620578e+01 1.060619304360848822e-02 1.060580345324493856e-02
1.217817817817817883e+01 1.073635365231120735e-02 1.073599329565257110e-02
1.215015015015015010e+01 1.086687418958061715e-02 1.086654360179904397e-02
1.212212212212212137e+01 1.099772490285262638e-02 1.099742459872788194e-02
1.209409409409409442e+01 1.112887552567935409e-02 1.112860599847865367e-02
1.206606606606606569e+01 1.126029529922001858e-02 1.126005701960498297e-02
1.203803803803803874e+01 1.139195299482179125e-02 1.139174640978621138e-02
1.201001001001001001e+01 1.152381693765970952e-02 1.152364246950236294e-02
1.198198198198198128e+01 1.165585503140084689e-02 1.165571307673674527e-02
1.195395395395395433e+01 1.178803478385427421e-02 1.178792571266823984e-02
1.192592592592592560e+01 1.192032333356453713e-02 1.192024748831067502e-02
1.189789789789789864e+01 1.205268747730298476e-02 1.205264517205335145e-02
1.186986986986986992e+01 1.218509369840776145e-02 1.218508521805367235e-02
1.184184184184184119e+01 1.231750819592003152e-02 1.231753379542898513e-02
1.181381381381381424e+01 1.244989691446092041e-02 1.244995681819213024e-02
1.178578578578578551e+01 1.258222557479076777e-02 1.258231997587202361e-02
1.175775775775775855e+01 1.271445970498958668e-02 1.271458876475778897e-02
1.172972972972972983e+01 1.284656467219509601e-02 1.284672851970291435e-02
1.170170170170170110e+01 1.297850571483260239e-02 1.297870444642306928e-02
1.167367367367367414e+01 1.311024797526885721e-02 1.311048165421968385e-02
1.164564564564564542e+01 1.324175652942856732e-02 1.324202518905956416e-02
1.161761761761761846e+01 1.337299634178412341e-02 1.337330006693906309e-02
1.158958958958958974e+01 1.350393221192641713e-02 1.350427129050144927e-02
1.156156156156156101e+01 1.363452878887717531e-02 1.363490350820086537e-02
1.153353353353353405e+01 1.376475058856447588e-02 1.376516100493115416e-02
1.150550550550550533e+01 1.389456201472584126e-02 1.389500807381335856e-02
1.147747747747747837e+01 1.402392745471725544e-02 1.402440906537555376e-02
1.144944944944944965e+01 1.415281138390567760e-02 1.415332842130827967e-02
1.142142142142142092e+01 1.428117840236690569e-02 1.428173070815792756e-02
1.139339339339339396e+01 1.440899326834694724e-02 1.440958065087327017e-02
1.136536536536536524e+01 1.453622093149186181e-02 1.453684316611950772e-02
1.133733733733733828e+01 1.466282656576215447e-02 1.466348339527576497e-02
1.130930930930930955e+01 1.478877560194892180e-02 1.478946673703284212e-02
1.128128128128128083e+01 1.491403375971043707e-02 1.491475887950939605e-02
1.125325325325325387e+01 1.503856707904989432e-02 1.503932583180710159e-02
1.122522522522522515e+01 1.516234195115710205e-02 1.516313395492709451e-02
1.119719719719719819e+01 1.528532514853972110e-02 1.528614999197304251e-02
1.116916916916916946e+01 1.540748385437239187e-02 1.540834109756887213e-02
1.114114114114114074e+01 1.552878569099539786e-02 1.552967486642249650e-02
1.111311311311311378e+01 1.564919874749799711e-02 1.565011936097045545e-02
1.108508508508508505e+01 1.576869160632531769e-02 1.576964313804211926e-02
1.105705705705705810e+01 1.588723336885165122e-02 1.588821527448603874e-02
1.102902902902902937e+01 1.600479367986718665e-02 1.600580539170548544e-02
1.100100100100100065e+01 1.612134275092935026e-02 1.612238367905416761e-02
1.097297297297297192e+01 1.623685129418390646e-02 1.623792091604812568e-02
1.094494494494494496e+01 1.635129020049985379e-02 1.635238849335294078e-02
1.091691691691691801e+01 1.646463046790249546e-02 1.646575799075881627e-02
1.088888888888888928e+01 1.657684321090624815e-02 1.657799992328521863e-02
1.086086086086086056e+01 1.668789967070728394e-02 1.668908501606737246e-02
1.083283283283283183e+01 1.679777131466407211e-02 1.679898463106688916e-02
1.080480480480480487e+01 1.690643019125048427e-02 1.690767079235811973e-02
1.077677677677677615e+01 1.701384903452100167e-02 1.701511621054276752e-02
1.074874874874874919e+01 1.712000128750532785e-02 1.712129430621726553e-02
1.072072072072072046e+01 1.722486112458603350e-02 1.722617923241996987e-02
1.069269269269269174e+01 1.732840347279021934e-02 1.732974589598850965e-02
1.066466466466466478e+01 1.743060403192950650e-02 1.743196997776166185e-02
1.063663663663663606e+01 1.753143929352700761e-02 1.753282795156368978e-02
1.060860860860860910e+01 1.763088655847405012e-02 1.763229710191369440e-02
1.058058058058058037e+01 1.772892395336412782e-02 1.773035554040748932e-02
1.055255255255255165e+01 1.782553044545655621e-02 1.782698222072372912e-02
1.052452452452452469e+01 1.792068585622737936e-02 1.792215695221204344e-02
1.049649649649649596e+01 1.801437087347042623e-02 1.801586041202582131e-02
1.046846846846846901e+01 1.810656706191692694e-02 1.810807415576782403e-02
1.044044044044044028e+01 1.819725687234781050e-02 1.819878062662271326e-02
1.041241241241241156e+01 1.828642364917172289e-02 1.828796316295623267e-02
1.038438438438438460e+01 1.837405128433006532e-02 1.837560600436646124e-02
1.035635635635635587e+01 1.846012294466941456e-02 1.846169429614539018e-02
1.032832832832832892e+01 1.854462083202825656e-02 1.854621233155951884e-02
1.030030030030030019e+01 1.862752624650958547e-02 1.862913892831945598e-02
1.027227227227227146e+01 1.870881964924824351e-02 1.871045259975045658e-02
1.024424424424424451e+01 1.878848107666171441e-02 1.879013307677310229e-02
1.021621621621621578e+01 1.886649147889827779e-02 1.886816130983866996e-02
1.018818818818818883e+01 1.894283302309509448e-02 1.894451946862688724e-02
1.016016016016016010e+01 1.901748909084012909e-02 1.901919093950227291e-02
1.013213213213213137e+01 1.909044427340755162e-02 1.909216032073454347e-02
1.010410410410410442e+01 1.916168436478160944e-02 1.916341341549826147e-02
1.007607607607607569e+01 1.923119635249286724e-02 1.923293722267579997e-02
1.004804804804804874e+01 1.929896840630006619e-02 1.930071992549715898e-02
1.002002002002002001e+01 1.936498986475923556e-02 1.936675087805855497e-02
9.991991991991991284e+00 1.942925121973027719e-02 1.943102058977054861e-02
9.963963963963964332e+00 1.949174409887911852e-02 1.949352070779412222e-02
9.935935935935935603e+00 1.955246124624122894e-02 1.955424399753098730e-02
9.907907907907908651e+00 1.961139650091908021e-02 1.961318432124137950e-02
9.879879879879879923e+00 1.966854477601993195e-02 1.967033661486911403e-02
9.851851851851851194e+00 1.972390275043584690e-02 1.972569686315979107e-02
9.823823823823824242e+00 1.977747059973086058e-02 1.977926208329839133e-02
9.795795795795795513e+00 1.982925220642067776e-02 1.983103386961054121e-02
9.767767767767768561e+00 1.987925509897770990e-02 1.988102356771646873e-02
9.739739739739739832e+00 1.992749038827307945e-02 1.992924464831819301e-02
9.711711711711711104e+00 1.997397198929885820e-02 1.997571132594495522e-02
9.683683683683684151e+00 2.001871480232929670e-02 2.002043852977521826e-02
9.655655655655655423e+00 2.006173441363702514e-02 2.006344187473945925e-02
9.627627627627628470e+00 2.010304706680997658e-02 2.010473763286865778e-02
9.599599599599599742e+00 2.014266963428611168e-02 2.014434270485683173e-02
9.571571571571571013e+00 2.018061958907842873e-02 2.018227459180969852e-02
9.543543543543542285e+00 2.021691497666656262e-02 2.021855136715590071e-02
9.515515515515515332e+00 2.025157438703549528e-02 2.025319164870105493e-02
9.487487487487488380e+00 2.028461692684609477e-02 2.028621457080932375e-02
9.459459459459459651e+00 2.031606219172627306e-02 2.031763975670149852e-02
9.431431431431430923e+00 2.034593023867586198e-02 2.034748729086268901e-02
9.403403403403402194e+00 2.037424155703321943e-02 2.037577769155679563e-02
9.375375375375375242e+00 2.040101568331190163e-02 2.040253188344898910e-02
9.347347347347348290e+00 2.042626738441764150e-02 2.042777116259611794e-02
9.319319319319319561e+00 2.045000609239001205e-02 2.045151038809491645e-02
9.291291291291290833e+00 2.047223602195157727e-02 2.047374579639138492e-02
9.263263263263262104e+00 2.049295628642660433e-02 2.049447123141865182e-02
9.235235235235235152e+00 2.051216236645774654e-02 2.051368153125682908e-02
9.207207207207208199e+00 2.052985000676230479e-02 2.053137248497124284e-02
9.179179179179179471e+00 2.054601585755150284e-02 2.054754078825061364e-02
9.151151151151150742e+00 2.056065742911443103e-02 2.056218399791418655e-02
9.123123123123122014e+00 2.057377304535541046e-02 2.057530048536463513e-02
9.095095095095095061e+00 2.058536179636859600e-02 2.058688938907147353e-02
9.067067067067068109e+00 2.059542349014053045e-02 2.059695056617614692e-02
9.039039039039039380e+00 2.060395860347771779e-02 2.060548454331653095e-02
9.011011011011010652e+00 2.061096823226162694e-02 2.061249246677387265e-02
8.982982982982981923e+00 2.061645404113874452e-02 2.061797605205056491e-02
8.954954954954954971e+00 2.062041859556697915e-02 2.062193753299100540e-02
8.926926926926928019e+00 2.062287032902652625e-02 2.062437961056172442e-02
8.898898898898899290e+00 2.062382697944940835e-02 2.062530731545773877e-02
8.870870870870870561e+00 2.062331553962354000e-02 2.062475113407160124e-02
8.842842842842841833e+00 2.062137213371533981e-02 2.062275930416497538e-02
8.814814814814814881e+00 2.061804151216247577e-02 2.061938033386166366e-02
8.786786786786787928e+00 2.061337191298853039e-02 2.061466258102072693e-02
8.758758758758759200e+00 2.060741145628736809e-02 2.060865420769341164e-02
8.730730730730730471e+00 2.060020802786709238e-02 2.060140313820186739e-02
8.702702702702701743e+00 2.059180924059981349e-02 2.059295702065916389e-02
8.674674674674674790e+00 2.058226239905283986e-02 2.058336319176029897e-02
8.646646646646647838e+00 2.057161446724182705e-02 2.057266864468431863e-02
8.618618618618619109e+00 2.055991203935692707e-02 2.056091999995854347e-02
8.590590590590590381e+00 2.054720131332398933e-02 2.054816347914680680e-02
8.562562562562561652e+00 2.053352783946560400e-02 2.053444488123467790e-02
8.534534534534534700e+00 2.051893148046390891e-02 2.051980956159560679e-02
8.506506506506507748e+00 2.050344149113796435e-02 2.050430127539239200e-02
8.478478478478479019e+00 2.048707629237445788e-02 2.048793820495006801e-02
8.450450450450450290e+00 2.046984344193037222e-02 2.047071353251707360e-02
8.422422422422421562e+00 2.045173982514209357e-02 2.045261888741715939e-02
8.394394394394394610e+00 2.043275662893940386e-02 2.043364530937515772e-02
8.366366366366367657e+00 2.041288419026714845e-02 2.041378319145100914e-02
8.338338338338338929e+00 2.039211214420707380e-02 2.039302222393661948e-02
8.310310310310310200e+00 2.037042936872731150e-02 2.037135133915580001e-02
8.282282282282281471e+00 2.034782393029386377e-02 2.034875865711678958e-02
8.254254254254254519e+00 2.032428303030340069e-02 2.032523143197632887e-02
8.226226226226227567e+00 2.029979295230624134e-02 2.030075599928378785e-02
8.198198198198198838e+00 2.027433970732326132e-02 2.027531772398430063e-02
8.170170170170170110e+00 2.024792071604557958e-02 2.024890094916999977e-02
8.142142142142141381e+00 2.022055448757510351e-02 2.022149243220189296e-02
8.114114114114114429e+00 2.019228083896829062e-02 2.019313647558790975e-02
8.086086086086085700e+00 2.016316082769581755e-02 2.016392485693140404e-02
8.058058058058058748e+00 2.013327599660327122e-02 2.013394948095024312e-02
8.030030030030030019e+00 2.010271659313644238e-02 2.010330089280763094e-02
8.002002002002001291e+00 2.007157180367096297e-02 2.007206827673918212e-02
7.973973973973974338e+00 2.003992945913289983e-02 2.004033945825375515e-02
7.945945945945945610e+00 2.000787604020204391e-02 2.000820090960399311e-02
7.917917917917917769e+00 1.997549668555302291e-02 1.997573775825991702e-02
7.889889889889889929e+00 1.994287520290008095e-02 1.994303379815335828e-02
7.861861861861862089e+00 1.991009317013539212e-02 1.991017150349409792e-02
7.833833833833834248e+00 1.987721965247445793e-02 1.987723204498903495e-02
7.805805805805805520e+00 1.984430469408009906e-02 1.984429074578055591e-02
7.777777777777777679e+00 1.981137918902019929e-02 1.981137016995523914e-02
7.749749749749749839e+00 1.977845484971219037e-02 1.977845900618155350e-02
7.721721721721721998e+00 1.974552508334261741e-02 1.974554397819462681e-02
7.693693693693694158e+00 1.971257524991164994e-02 1.971261034844896606e-02
7.665665665665665429e+00 1.967958914307723142e-02 1.967964191393271195e-02
7.637637637637637589e+00 1.964654908868121094e-02 1.964662100280040527e-02
7.609609609609609748e+00 1.961343594264087706e-02 1.961352847200943314e-02
7.581581581581581908e+00 1.958022909017129859e-02 1.958034370621452788e-02
7.553553553553553179e+00 1.954690757313045854e-02 1.954704461824730705e-02
7.525525525525525339e+00 1.951346165994720036e-02 1.951360765158482655e-02
7.497497497497497498e+00 1.947989945539390158e-02 1.948001341759619809e-02
7.469469469469469658e+00 1.944624668284287289e-02 1.944629890609313183e-02
7.441441441441441818e+00 1.941254637994738186e-02 1.941253268344804786e-02
7.413413413413413089e+00 1.937885747020450314e-02 1.937878075549216358e-02
7.385385385385385248e+00 1.934524289596075905e-02 1.934510613710737487e-02
7.357357357357357408e+00 1.931176271548683959e-02 1.931156886888180102e-02
7.329329329329329568e+00 1.927847403123310668e-02 1.927822603487441486e-02
7.301301301301301727e+00 1.924543100793085423e-02 1.924513178107843323e-02
7.273273273273272999e+00 1.921268487727410129e-02 1.921233733422349210e-02
7.245245245245245158e+00 1.918028378281285209e-02 1.917989102059612996e-02
7.217217217217217318e+00 1.914827300750276268e-02 1.914783821559804325e-02
7.189189189189189477e+00 1.911669557820725243e-02 1.911622056256815846e-02
7.161161161161161637e+00 1.908559289348903121e-02 1.908507790452798614e-02
7.133133133133132908e+00 1.905500537668912767e-02 1.905445018774594088e-02
7.105105105105105068e+00 1.902497329936301065e-02 1.902437759700502731e-02
7.077077077077077227e+00 1.899553723157756252e-02 1.899490063159852207e-02
7.049049049049049387e+00 1.896673812396117847e-02 1.896606017593756646e-02
7.021021021021020658e+00 1.893861737805459591e-02 1.893789756560074894e-02
6.992992992992992818e+00 1.891122018643012076e-02 1.891045464966403106e-02
6.964964964964964977e+00 1.888460488380351923e-02 1.888377386747210757e-02
6.936936936936937137e+00 1.885884448726967214e-02 1.885791467347613937e-02
6.908908908908909297e+00 1.883402658076847522e-02 1.883298366280457964e-02
6.880880880880880568e+00 1.881025321636785666e-02 1.880909558293148917e-02
6.852852852852852727e+00 1.878763756079897956e-02 1.878636511715807769e-02
6.824824824824824887e+00 1.876629454546634157e-02 1.876490704546900090e-02
6.796796796796797047e+00 1.874633934139972868e-02 1.874483639563177123e-02
6.768768768768769206e+00 1.872788726302312273e-02 1.872626858614136539e-02
6.740740740740740478e+00 1.871103982829944862e-02 1.870931956259843515e-02
6.712712712712712637e+00 1.869586338125130143e-02 1.869410472527503059e-02
6.684684684684684797e+00 1.868238759458138928e-02 1.868066987185063033e-02
6.656656656656656956e+00 1.867060580166624711e-02 1.866895416039105957e-02
6.628628628628629116e+00 1.866047555582529133e-02 1.865888965279178038e-02
6.600600600600600387e+00 1.865193301382974192e-02 1.865041059802273124e-02
6.572572572572572547e+00 1.864491474029846690e-02 1.864345349607025859e-02
6.544544544544544706e+00 1.863935964085388156e-02 1.863795716187287635e-02
6.516516516516516866e+00 1.863521963017892441e-02 1.863386279273468102e-02
6.488488488488488137e+00 1.863248719884620652e-02 1.863111415556885364e-02
6.460460460460460297e+00 1.863119994389504999e-02 1.862971054464794204e-02
6.432432432432432456e+00 1.863144073495526243e-02 1.862979133940667262e-02
6.404404404404404616e+00 1.863333788610176123e-02 1.863152088711709023e-02
6.376376376376376776e+00 1.863705478346587216e-02 1.863506674803575361e-02
6.348348348348348047e+00 1.864276265429760937e-02 1.864059991130134417e-02
6.320320320320320207e+00 1.865063574709253588e-02 1.864829503146850365e-02
6.292292292292292366e+00 1.866083518806310043e-02 1.865833069356535520e-02
6.264264264264264526e+00 1.867349252559866515e-02 1.867088635109172279e-02
6.236236236236236685e+00 1.868870964298586027e-02 1.868606395288855901e-02
6.208208208208207957e+00 1.870655946789876248e-02 1.870388659897917472e-02
6.180180180180180116e+00 1.872708736524055298e-02 1.872438061840447227e-02
6.152152152152152276e+00 1.875032828857186445e-02 1.874757981812988361e-02
6.124124124124124435e+00 1.877632440906125758e-02 1.877352583780067183e-02
6.096096096096096595e+00 1.880513441649637324e-02 1.880226856954511985e-02
6.068068068068067866e+00 1.883684754535261754e-02 1.883386720142612991e-02
6.040040040040040026e+00 1.887158547753320370e-02 1.886843065558005059e-02
6.012012012012012185e+00 1.890950296747829357e-02 1.890614546241110167e-02
5.983983983983984345e+00 1.895078834980810228e-02 1.894721549870362343e-02
5.955955955955955616e+00 1.899565606292596964e-02 1.899185601927056571e-02
5.927927927927928664e+00 1.904433188070219635e-02 1.904029411307515615e-02
5.899899899899899935e+00 1.909701955936975518e-02 1.909276922116941860e-02
5.871871871871871207e+00 1.915387212560405034e-02 1.914952455129223866e-02
5.843843843843844255e+00 1.921498922162754794e-02 1.921065389204138635e-02
5.815815815815815526e+00 1.928041522572806338e-02 1.927611885044205886e-02
5.787787787787788574e+00 1.935013909059669565e-02 1.934587959319264763e-02
5.759759759759759845e+00 1.942412493695755762e-02 1.941989924167200621e-02
5.731731731731731116e+00 1.950236131132895845e-02 1.949814387563539655e-02
5.703703703703704164e+00 1.958491142773507304e-02 1.958058312384568581e-02
5.675675675675675436e+00 1.967192241844675782e-02 1.966730072229906645e-02
5.647647647647648483e+00 1.976362858995503805e-02 1.975863017522321713e-02
5.619619619619619755e+00 1.986035469197212217e-02 1.985495419523043356e-02
5.591591591591591026e+00 1.996249701211784064e-02 1.995667473317678381e-02
5.563563563563564074e+00 2.007044840315451439e-02 2.006421363393112375e-02
5.535535535535535345e+00 2.018453009545914667e-02 2.017801232302764494e-02
5.507507507507508393e+00 2.030498062053300370e-02 2.029838713040657550e-02
5.479479479479479664e+00 2.043195195938286163e-02 2.042536265675360535e-02
5.451451451451450936e+00 2.056550569083501201e-02 2.055892735854606204e-02
5.423423423423423984e+00 2.070564093827306773e-02 2.069907032818043419e-02
5.395395395395395255e+00 2.085240261476690310e-02 2.084578098028837950e-02
5.367367367367368303e+00 2.100593302093921658e-02 2.099906336759687492e-02
5.339339339339339574e+00 2.116647753332936283e-02 2.115917103922276138e-02
5.311311311311310845e+00 2.133438923115340419e-02 2.132657938940762596e-02
5.283283283283283893e+00 2.151013054577856007e-02 2.150179289013116196e-02
5.255255255255255165e+00 2.169419426051372862e-02 2.168533946940858978e-02
5.227227227227226436e+00 2.188698972017174074e-02 2.187776994072267167e-02
5.199199199199199484e+00 2.208882659270803434e-02 2.207948961289856946e-02
5.171171171171170755e+00 2.229990808405398622e-02 2.229055668769770043e-02
5.143143143143143803e+00 2.252032376507794725e-02 2.251097725281264381e-02
5.115115115115115074e+00 2.275009893601494596e-02 2.274074692613835269e-02
5.087087087087086346e+00 2.298932127786564722e-02 2.297984834584246294e-02
5.059059059059059393e+00 2.323815820071633773e-02 2.322836546758356296e-02
5.031031031031030665e+00 2.349685571566755352e-02 2.348666839695120676e-02
5.003003003003003712e+00 2.376573646947632151e-02 2.375516186706610675e-02
4.974974974974974984e+00 2.404514441494650517e-02 2.403423450089443511e-02
4.946946946946946255e+00 2.433533821642052536e-02 2.432425211488630640e-02
4.918918918918919303e+00 2.463647902252332975e-02 2.462540519493448127e-02
4.890890890890890574e+00 2.494863302844538971e-02 2.493763740432127646e-02
4.862862862862863622e+00 2.527178754118845558e-02 2.526086589758015991e-02
4.834834834834834894e+00 2.560597981347973590e-02 2.559500453050472107e-02
4.806806806806806165e+00 2.595139438737329926e-02 2.594002467860163572e-02
4.778778778778779213e+00 2.630837116520843427e-02 2.629636655639090020e-02
4.750750750750750484e+00 2.667740337565336489e-02 2.666471027378907593e-02
4.722722722722723532e+00 2.705899162771428085e-02 2.704574978675583496e-02
4.694694694694694803e+00 2.745336654836314991e-02 2.744016558272937764e-02
4.666666666666666075e+00 2.786039763579191073e-02 2.784796593890620856e-02
4.638638638638639122e+00 2.827955736393064634e-02 2.826824115963526632e-02
4.610610610610610394e+00 2.871006062277627405e-02 2.869986571093286268e-02
4.582582582582583441e+00 2.915131096049598108e-02 2.914154842744951651e-02
4.554554554554554713e+00 2.960315603272138316e-02 2.959268187695749536e-02
4.526526526526525984e+00 3.006597104258709047e-02 3.005421762750475415e-02
4.498498498498499032e+00 3.054046575541333186e-02 3.052746652076230444e-02
4.470470470470470303e+00 3.102710558009721259e-02 3.101394076026140270e-02
4.442442442442443351e+00 3.152569835516587371e-02 3.151402199158070266e-02
4.414414414414414622e+00 3.203528244673407160e-02 3.202588100037688512e-02
4.386386386386385894e+00 3.255453809691197936e-02 3.254718150284809791e-02
4.358358358358358942e+00 3.308248570477698852e-02 3.307538697860328003e-02
4.330330330330330213e+00 3.361900961408247762e-02 3.361021901115091720e-02
4.302302302302303261e+00 3.416485702550482728e-02 3.415376003090575541e-02
4.274274274274274532e+00 3.472088856785108396e-02 3.470850054690435144e-02
4.246246246246245803e+00 3.528732861599614273e-02 3.527641855995983927e-02
4.218218218218218851e+00 3.586325335231315553e-02 3.585554469033457037e-02
4.190190190190190123e+00 3.644707366396110482e-02 3.644241925187619024e-02
4.162162162162161394e+00 3.703730498113575603e-02 3.703338371249081939e-02
4.134134134134134442e+00 3.763345534323814939e-02 3.762760210514411174e-02
4.106106106106105713e+00 3.823610748553920441e-02 3.822757514583310229e-02
4.078078078078078761e+00 3.884631566026974792e-02 3.883629650084651636e-02
4.050050050050050032e+00 3.946492523402471420e-02 3.945567996338146532e-02
4.022022022022021304e+00 4.009199983005118373e-02 4.008442458614356468e-02
3.993993993993994351e+00 4.072714008131913394e-02 4.072064997391888069e-02
3.965965965965965623e+00 4.136978913562610466e-02 4.136294812596550546e-02
3.937937937937938671e+00 4.201977272449602258e-02 4.201199775718626739e-02
3.909909909909909942e+00 4.267707119412873784e-02 4.266892523491631894e-02
3.881881881881881213e+00 4.334163706902425389e-02 4.333434253049313345e-02
3.853853853853854261e+00 4.401310749847359149e-02 4.400714232208245702e-02
3.825825825825825532e+00 4.469113614783465360e-02 4.468577750044306490e-02
3.797797797797798580e+00 4.537561156045762101e-02 4.536934990443296928e-02
3.769769769769769852e+00 4.606686452176933511e-02 4.605906848172166418e-02
3.741741741741741123e+00 4.676539896732716250e-02 4.675671959360794272e-02
3.713713713713714171e+00 4.747163168775277164e-02 4.746340712864104139e-02
3.685685685685685442e+00 4.818535290458463016e-02 4.817844972823216720e-02
3.657657657657658490e+00 4.890559859493896072e-02 4.890051350656101498e-02
3.629629629629629761e+00 4.963094656779335617e-02 4.962767456588097759e-02
3.601601601601601033e+00 5.036034491268284036e-02 5.035794804537960939e-02
3.573573573573574080e+00 5.109339697817506798e-02 5.109014699291297701e-02
3.545545545545545352e+00 5.183043383268748361e-02 5.182544145267964364e-02
3.517517517517518399e+00 5.257244889111066521e-02 5.256577383402212533e-02
3.489489489489489671e+00 5.332083602163480152e-02 5.331285883844306267e-02
3.461461461461460942e+00 5.407652213834032023e-02 5.406802333749552436e-02
3.433433433433433990e+00 5.483965806461786607e-02 5.483208264553366545e-02
3.405405405405405261e+00 5.560986357518320211e-02 5.560387203620726498e-02
3.377377377377378309e+00 5.638652648990660765e-02 5.638145346540979902e-02
3.349349349349349581e+00 5.716875222261386114e-02 5.716388639126981225e-02
3.321321321321320852e+00 5.795543513630962984e-02 5.795133791111247573e-02
3.293293293293293900e+00 5.874582268745193181e-02 5.874321130906996064e-02
3.265265265265265171e+00 5.954038733542145467e-02 5.953728660468610157e-02
3.237237237237238219e+00 6.034032612681454466e-02 6.033339122112130193e-02
3.209209209209209490e+00 6.114629621900893180e-02 6.113670963111745432e-02
3.181181181181180762e+00 6.195850953711497938e-02 6.195103186807791179e-02
3.153153153153153809e+00 6.277681828940394337e-02 6.277306177004189636e-02
3.125125125125125081e+00 6.360012745729258510e-02 6.359835319521633945e-02
3.097097097097096352e+00 6.442738098564725069e-02 6.442493498256612883e-02
3.069069069069069400e+00 6.525826876563005363e-02 6.525325547056065600e-02
3.041041041041040671e+00 6.609183481129962678e-02 6.608729950985123280e-02
3.013013013013013719e+00 6.692700171085322336e-02 6.692750066995592495e-02
2.984984984984984990e+00 6.776391196294270780e-02 6.776618342356423297e-02
2.956956956956956262e+00 6.860193107512191357e-02 6.860076948033412558e-02
2.928928928928929309e+00 6.943926517686511979e-02 6.943780673100800882e-02
2.900900900900900581e+00 7.027678166687945094e-02 7.027739507074733105e-02
2.872872872872873629e+00 7.111685168631799725e-02 7.111417117867188664e-02
2.844844844844844900e+00 7.195776793074473709e-02 7.195376587363591647e-02
2.816816816816816171e+00 7.279765640255020376e-02 7.280111957752680163e-02
2.788788788788789219e+00 7.363906738884953840e-02 7.364238795314177743e-02
2.760760760760760490e+00 7.448211490997788675e-02 7.447683742977463661e-02
2.732732732732733538e+00 7.532413048981820292e-02 7.532122611016850433e-02
2.704704704704704810e+00 7.616613658589331537e-02 7.616900347927776926e-02
2.676676676676676081e+00 7.700846353018325763e-02 7.701119747672836857e-02
2.648648648648649129e+00 7.784813847730294445e-02 7.785241843351731195e-02
2.620620620620620400e+00 7.868558513146609035e-02 7.868847215122437566e-02
2.592592592592593448e+00 7.952133903255240166e-02 7.951960084576685517e-02
2.564564564564564719e+00 8.035389995626937565e-02 8.035623675009356814e-02
2.536536536536535991e+00 8.118288012855422175e-02 8.118996698215992514e-02
2.508508508508509038e+00 8.200687225431865790e-02 8.201522305210215413e-02
2.480480480480480310e+00 8.282335127573145495e-02 8.283337301264859232e-02
2.452452452452453358e+00 8.363099268579150813e-02 8.363956147458907753e-02
2.424424424424424629e+00 8.442869166032289374e-02 8.443863185715749786e-02
2.396396396396395900e+00 8.521591802551126138e-02 8.522817403246017720e-02
2.368368368368368948e+00 8.599188830795619076e-02 8.600371792475915156e-02
2.340340340340340219e+00 8.675680719326354928e-02 8.676950483859041663e-02
2.312312312312313267e+00 8.750809018360537761e-02 8.751941288681368281e-02
2.284284284284284539e+00 8.824270981374407463e-02 8.826322628369430434e-02
2.256256256256255810e+00 8.895946690055198114e-02 8.898458898416933271e-02
2.228228228228228858e+00 8.965833985563689823e-02 8.967681607545265055e-02
2.200200200200200129e+00 9.033655416808034078e-02 9.035329027262996304e-02
2.172172172172171400e+00 9.099401454491867769e-02 9.101377766223824051e-02
2.144144144144144448e+00 9.163088472169554632e-02 9.165429784591155871e-02
2.116116116116115720e+00 9.224430400612501635e-02 9.227189086836100340e-02
2.088088088088088767e+00 9.283353355538545570e-02 9.286116695933700760e-02
2.060060060060060039e+00 9.339800952698998349e-02 9.342038669477728541e-02
2.032032032032031310e+00 9.393836230443779189e-02 9.395992540854043729e-02
2.004004004004004358e+00 9.445316890367161378e-02 9.447667770393422537e-02
1.975975975975975629e+00 9.494362478337491085e-02 9.497365475560003156e-02
1.947947947947948677e+00 9.540615979108661715e-02 9.543519995550608925e-02
1.919919919919919948e+00 9.584116975297517216e-02 9.587266609329384015e-02
1.891891891891891220e+00 9.624594675742328964e-02 9.627260044709885778e-02
1.863863863863864268e+00 9.662237563588853273e-02 9.665172751337704204e-02
1.835835835835835539e+00 9.696851348339789733e-02 9.699753977784064674e-02
1.807807807807808587e+00 9.728702390272206402e-02 9.731734434783231857e-02
1.779779779779779858e+00 9.757441871033969982e-02 9.760335533084069093e-02
1.751751751751751129e+00 9.783063003283665182e-02 9.786515254371959405e-02
1.723723723723724177e+00 9.805489207667807128e-02 9.808870155146527658e-02
1.695695695695695449e+00 9.824739946585783756e-02 9.827859639032542061e-02
1.667667667667668496e+00 9.840755385493707430e-02 9.843865456703936034e-02
1.639639639639639768e+00 9.853637156825774401e-02 9.856589227673953624e-02
1.611611611611611039e+00 9.863302695403794451e-02 9.866592448911577773e-02
1.583583583583584087e+00 9.869737112678611535e-02 9.873279011806856964e-02
1.555555555555555358e+00 9.872888479922313498e-02 9.876187331922649248e-02
1.527527527527528406e+00 9.872778603473975068e-02 9.876037543078025616e-02
1.499499499499499677e+00 9.869549654459050525e-02 9.872346063892459278e-02
1.471471471471470949e+00 9.863414557569362417e-02 9.866043066669888395e-02
1.443443443443443996e+00 9.854294695158705153e-02 9.857134266732231476e-02
1.415415415415415268e+00 9.842465649880105527e-02 9.845511847474207323e-02
1.387387387387388316e+00 9.827957271282229679e-02 9.830438231024732354e-02
1.359359359359359587e+00 9.810834929312302333e-02 9.813200837499470863e-02
1.331331331331330858e+00 9.791270065459023453e-02 9.793501173680503602e-02
1.303303303303303906e+00 9.769513426706702419e-02 9.771522556882593358e-02
1.275275275275275177e+00 9.745669930255193569e-02 9.747687528207819863e-02
1.247247247247248225e+00 9.719738432314559140e-02 9.721655037263128574e-02
1.219219219219219497e+00 9.692044684137893218e-02 9.693983355241919675e-02
1.191191191191190768e+00 9.662771945056722322e-02 9.663843683977328680e-02
1.163163163163163816e+00 9.632084418564265671e-02 9.633053815999272074e-02
1.135135135135135087e+00 9.600168407753299771e-02 9.601323832801958447e-02
1.107107107107106359e+00 9.567200122929135631e-02 9.568217404800845316e-02
1.079079079079079406e+00 9.533418638919330390e-02 9.534403301187095725e-02
1.051051051051050678e+00 9.498725644816125024e-02 9.499002259856509367e-02
1.023023023023023725e+00 9.463508568605245863e-02 9.464146395950251422e-02
9.949949949949949968e-01 9.427891938769961122e-02 9.427858862285924679e-02
9.669669669669662682e-01 9.392178029185223320e-02 9.392132023746449510e-02
9.389389389389393159e-01 9.356297386630943458e-02 9.356320152010670632e-02
9.109109109109105873e-01 9.320548968337563633e-02 9.320432711932816194e-02
8.828828828828836350e-01 9.284921184705460795e-02 9.284743183178854886e-02
8.548548548548549064e-01 9.249612848626835582e-02 9.249116770819018618e-02
8.268268268268261778e-01 9.214596464884342031e-02 9.213993105585939480e-02
7.987987987987992256e-01 9.180086056591207910e-02 9.179778471617544566e-02
7.707707707707704969e-01 9.146143633885130131e-02 9.145350793220345664e-02
7.427427427427435447e-01 9.112869348451221874e-02 9.112191141713189835e-02
7.147147147147148161e-01 9.080332816307486177e-02 9.079404657288628333e-02
6.866866866866860875e-01 9.048719971240211379e-02 9.047621678416403745e-02
6.586586586586591352e-01 9.017937273924050978e-02 9.017095810898860531e-02
6.306306306306304066e-01 8.988161391006552203e-02 8.987286567883981392e-02
6.026026026026034543e-01 8.959402628380661038e-02 8.958277655132386441e-02
5.745745745745747257e-01 8.931509856341283971e-02 8.930525242701130295e-02
5.465465465465459971e-01 8.904650848456002743e-02 8.903827865286942367e-02
5.185185185185190448e-01 8.878993048758457296e-02 8.877631950701980745e-02
4.904904904904903162e-01 8.854481995742861933e-02 8.852991528457571091e-02
4.624624624624633640e-01 8.831179142157677409e-02 8.829988656644661982e-02
4.344344344344346354e-01 8.809126653884050140e-02 8.807969977623153479e-02
4.064064064064059068e-01 8.788382438941225172e-02 8.787313597361019746e-02
3.783783783783789545e-01 8.768815966581008925e-02 8.767369509333845790e-02
3.503503503503502259e-01 8.750506821555606440e-02 8.749270453743444864e-02
3.223223223223232736e-01 8.733457154377544107e-02 8.732156294843582134e-02
2.942942942942945450e-01 8.717865656811815689e-02 8.716424252496141056e-02
2.662662662662658164e-01 8.703551214573142236e-02 8.702065261470705304e-02
2.382382382382388641e-01 8.690657294181811099e-02 8.689412021505196759e-02
2.102102102102101355e-01 8.679123282702394526e-02 8.677698242550081764e-02
1.821821821821831833e-01 8.669024504487314597e-02 8.667686692886934774e-02
1.541541541541544547e-01 8.660273311463399792e-02 8.658754195099052642e-02
1.261261261261257260e-01 8.653003554164895306e-02 8.651571370395312599e-02
9.809809809809877379e-02 8.647171606338668881e-02 8.645656056385621346e-02
7.007007007007004518e-02 8.642843945749782708e-02 8.641349456057556555e-02
4.204204204204131656e-02 8.639969985411670439e-02 8.638526953755802651e-02
1.401401401401436431e-02 8.638585987595917559e-02 8.637115892154623165e-02
-1.401401401401436431e-02 8.638637152726798274e-02 8.637201568704747090e-02
-4.204204204204131656e-02 8.640171192339426987e-02 8.638736067306856947e-02
-7.007007007007004518e-02 8.643078065617504357e-02 8.641605281711957354e-02
-9.809809809809877379e-02 8.647460445818436203e-02 8.646197151818958704e-02
-1.261261261261257260e-01 8.653322889988879218e-02 8.651650258544998917e-02
-1.541541541541544547e-01 8.660607847481416322e-02 8.659113469709404931e-02
-1.821821821821814069e-01 8.669306415347469152e-02 8.668048288159078962e-02
-2.102102102102101355e-01 8.679462523426660636e-02 8.678030069174644257e-02
-2.382382382382388641e-01 8.691023491505762977e-02 8.689689991149211756e-02
-2.662662662662658164e-01 8.703917677791843388e-02 8.702430798940960499e-02
-2.942942942942945450e-01 8.718248059928773719e-02 8.716918310104915246e-02
-3.223223223223214973e-01 8.733865032630827585e-02 8.732519219589490733e-02
-3.503503503503502259e-01 8.750926331011707471e-02 8.749681979859293135e-02
-3.783783783783789545e-01 8.769182562023937477e-02 8.767774854659481087e-02
-4.064064064064059068e-01 8.788768811794604729e-02 8.787737290845357152e-02
-4.344344344344346354e-01 8.809583256263986417e-02 8.808199465166066666e-02
-4.624624624624615876e-01 8.831758880153577074e-02 8.830450468442825607e-02
-4.904904904904903162e-01 8.855047057844760150e-02 8.853754202206200186e-02
-5.185185185185190448e-01 8.879577968419088974e-02 8.878652974107438534e-02
-5.465465465465459971e-01 8.905210903821972335e-02 8.904178179301271145e-02
-5.745745745745747257e-01 8.932013137379009315e-02 8.930854018037714948e-02
-6.026026026026016780e-01 8.959831864750013308e-02 8.958615145457235474e-02
-6.306306306306304066e-01 8.988746990763396560e-02 8.987765369991385089e-02
-6.586586586586591352e-01 9.018677274652901754e-02 9.017746610962461273e-02
-6.866866866866860875e-01 9.049472981769977886e-02 9.048753809368181855e-02
-7.147147147147148161e-01 9.081239842537983109e-02 9.080505437485249243e-02
-7.427427427427417683e-01 9.113805581979744774e-02 9.112593681042613358e-02
-7.707707707707704969e-01 9.147064135799995443e-02 9.146599673831413979e-02
-7.987987987987992256e-01 9.180969434439661958e-02 9.180575308171269600e-02
-8.268268268268261778e-01 9.215577265054696043e-02 9.215046578469436589e-02
-8.548548548548549064e-01 9.250458039612644012e-02 9.250031930683579040e-02
-8.828828828828836350e-01 9.285852067920255526e-02 9.285632834117783785e-02
-9.109109109109105873e-01 9.321430847506080586e-02 9.321003546621149660e-02
-9.389389389389393159e-01 9.357195372244532516e-02 9.357545449709324392e-02
-9.669669669669662682e-01 9.393077241696493052e-02 9.392940476398567440e-02
-9.949949949949949968e-01 9.428919154772907874e-02 9.428854554375834529e-02
-1.023023023023023725e+00 9.464382730771588037e-02 9.465042181377589237e-02
-1.051051051051050678e+00 9.499552027227171902e-02 9.500213112003222382e-02
-1.079079079079079406e+00 9.534182649884974381e-02 9.534863329702718271e-02
-1.107107107107106359e+00 9.568009823457571117e-02 9.568786958676492316e-02
-1.135135135135135087e+00 9.600942013370666883e-02 9.602007667664852475e-02
-1.163163163163163816e+00 9.632783372794770371e-02 9.634178049240568753e-02
-1.191191191191190768e+00 9.663388283602622475e-02 9.664874061568702601e-02
-1.219219219219219497e+00 9.692537079001320444e-02 9.694070126823239875e-02
-1.247247247247246449e+00 9.720010953484505001e-02 9.721811512715741732e-02
-1.275275275275275177e+00 9.745784732504828018e-02 9.747751644658343706e-02
-1.303303303303303906e+00 9.769713861667787824e-02 9.771547421656497090e-02
-1.331331331331330858e+00 9.791527486982393169e-02 9.793742956670314914e-02
-1.359359359359359587e+00 9.810993824528911611e-02 9.813715772638050006e-02
-1.387387387387386539e+00 9.828029617976255516e-02 9.830879639288765681e-02
-1.415415415415415268e+00 9.842524849434582113e-02 9.845083332390934527e-02
-1.443443443443443996e+00 9.854094356416175093e-02 9.856726388893218005e-02
-1.471471471471470949e+00 9.863035118688787128e-02 9.866219113961946507e-02
-1.499499499499499677e+00 9.869085304719550644e-02 9.871563307546009358e-02
-1.527527527527526630e+00 9.872096899424338823e-02 9.875583450651825856e-02
-1.555555555555555358e+00 9.872022585023994268e-02 9.875334262544753494e-02
-1.583583583583584087e+00 9.868904621195320748e-02 9.871784362417156122e-02
-1.611611611611611039e+00 9.862307147213447700e-02 9.865847541960225120e-02
-1.639639639639639768e+00 9.852662263442260593e-02 9.855973488402637595e-02
-1.667667667667666720e+00 9.839792153483481463e-02 9.842596080742466169e-02
-1.695695695695695449e+00 9.823676153023272462e-02 9.827109843688811019e-02
-1.723723723723724177e+00 9.804348750303305826e-02 9.807433812623272962e-02
-1.751751751751751129e+00 9.781974881241237152e-02 9.785267539659178726e-02
-1.779779779779779858e+00 9.756351957835852906e-02 9.759336474802798866e-02
-1.807807807807806810e+00 9.727681300109798646e-02 9.730726735432125574e-02
-1.835835835835835539e+00 9.695888714939134012e-02 9.698995226661881464e-02
-1.863863863863864268e+00 9.661239425914190659e-02 9.664080523993007210e-02
-1.891891891891891220e+00 9.623497212777318288e-02 9.626304613805854171e-02
-1.919919919919919948e+00 9.582893158646374476e-02 9.586090029678087654e-02
-1.947947947947948677e+00 9.539535596155410135e-02 9.542015669747763718e-02
-1.975975975975975629e+00 9.493361538992481363e-02 9.495974956007162404e-02
-2.004004004004002581e+00 9.444508198404684418e-02 9.447292711538188281e-02
-2.032032032032031310e+00 9.393170811446240054e-02 9.395434327991211698e-02
-2.060060060060060039e+00 9.339176648774272227e-02 9.341823326739089051e-02
-2.088088088088088767e+00 9.282601015784483489e-02 9.285328734955550223e-02
-2.116116116116117496e+00 9.223730816691647072e-02 9.226004142647312167e-02
-2.144144144144142672e+00 9.162415573232388089e-02 9.164414546589261246e-02
-2.172172172172171400e+00 9.098852510388807935e-02 9.101083332527017122e-02
-2.200200200200200129e+00 9.033163483607316302e-02 9.035247109442799684e-02
-2.228228228228228858e+00 8.965384671443935027e-02 8.967513420737655006e-02
-2.256256256256257586e+00 8.895591676909707368e-02 8.897559008739845676e-02
-2.284284284284282762e+00 8.824033566299555043e-02 8.825520485772353485e-02
-2.312312312312311491e+00 8.750750629478203091e-02 8.752118359855878826e-02
-2.340340340340340219e+00 8.675670189575532265e-02 8.677456556392042220e-02
-2.368368368368368948e+00 8.599073679418126059e-02 8.601098736630895247e-02
-2.396396396396397677e+00 8.521214240471812473e-02 8.522156809226494323e-02
-2.424424424424422853e+00 8.442184179430850532e-02 8.442537934985315518e-02
-2.452452452452451581e+00 8.362136917782650447e-02 8.362821165124313672e-02
-2.480480480480480310e+00 8.281459035592234064e-02 8.282306251187233903e-02
-2.508508508508509038e+00 8.200098459823713937e-02 8.200862428389890657e-02
-2.536536536536537767e+00 8.117934404385478142e-02 8.118767398274419345e-02
-2.564564564564562943e+00 8.035096687959442097e-02 8.035735056142712107e-02
-2.592592592592591672e+00 7.951749865053682476e-02 7.952000887933136086e-02
-2.620620620620620400e+00 7.868094742850416379e-02 7.868117669057048125e-02
-2.648648648648649129e+00 7.784389736687538641e-02 7.784128313861095327e-02
-2.676676676676677857e+00 7.700546337517319428e-02 7.700491787258088860e-02
-2.704704704704703033e+00 7.616521124348187011e-02 7.617210025328322032e-02
-2.732732732732731762e+00 7.532534440332781800e-02 7.532783892082048349e-02
-2.760760760760760490e+00 7.448493179500019490e-02 7.447991603211380485e-02
-2.788788788788789219e+00 7.364225271536579964e-02 7.364194893784067886e-02
-2.816816816816817948e+00 7.279986229305275558e-02 7.280285483094273147e-02
-2.844844844844843124e+00 7.195894704558565558e-02 7.195870485511131343e-02
-2.872872872872871852e+00 7.111775228575940855e-02 7.111588680925524930e-02
-2.900900900900900581e+00 7.027677423103739773e-02 7.027533979477824932e-02
-2.928928928928929309e+00 6.943716055301071832e-02 6.943597513870951310e-02
-2.956956956956958038e+00 6.859860928892164145e-02 6.859796455733266352e-02
-2.984984984984983214e+00 6.776100703467537179e-02 6.776063646497799964e-02
-3.013013013013011943e+00 6.692487861811249883e-02 6.692313048880979554e-02
-3.041041041041040671e+00 6.609044932526428329e-02 6.608732852354680387e-02
-3.069069069069069400e+00 6.525786672590952464e-02 6.525533305589527322e-02
-3.097097097097098128e+00 6.442795502186646206e-02 6.442581809309157193e-02
-3.125125125125123304e+00 6.360154949383164946e-02 6.359772346820409539e-02
-3.153153153153152033e+00 6.277885313849453086e-02 6.277357196859456590e-02
-3.181181181181180762e+00 6.196030460439259230e-02 6.195530088337278252e-02
-3.209209209209209490e+00 6.114688288261031779e-02 6.114185127920966634e-02
-3.237237237237238219e+00 6.033907768388937359e-02 6.033307542258185829e-02
-3.265265265265263395e+00 5.953681045571992264e-02 5.953061485929272284e-02
-3.293293293293292123e+00 5.874033915392645744e-02 5.873454597498987961e-02
-3.321321321321320852e+00 5.794996516926646107e-02 5.794396474252547918e-02
-3.349349349349349581e+00 5.716525534889946997e-02 5.715949477024234032e-02
-3.377377377377378309e+00 5.638567431142125358e-02 5.638120549928186259e-02
-3.405405405405403485e+00 5.561155707030242257e-02 5.560706575745778119e-02
-3.433433433433432214e+00 5.484364468977404039e-02 5.483664078759875604e-02
-3.461461461461460942e+00 5.408209720788979824e-02 5.407337853693137963e-02
-3.489489489489489671e+00 5.332666766550111376e-02 5.331993286760041556e-02
-3.517517517517518399e+00 5.257713787171833936e-02 5.257346808986065184e-02
-3.545545545545547128e+00 5.183317658802739925e-02 5.182991804551434489e-02
-3.573573573573572304e+00 5.109434512274237811e-02 5.108899181868488404e-02
-3.601601601601601033e+00 5.036054727761825334e-02 5.035357211847670683e-02
-3.629629629629629761e+00 4.963213523083300632e-02 4.962577554117532375e-02
-3.657657657657658490e+00 4.890942484268927942e-02 4.890447886423999330e-02
-3.685685685685687218e+00 4.819237255208079496e-02 4.818785781158810289e-02
-3.713713713713712394e+00 4.748074562077644195e-02 4.747543987796629811e-02
-3.741741741741741123e+00 4.677467671635924390e-02 4.676831066543427062e-02
-3.769769769769769852e+00 4.607474560361991822e-02 4.606764088465357260e-02
-3.797797797797798580e+00 4.538166154967231830e-02 4.537413434215396835e-02
-3.825825825825827309e+00 4.469578748518562850e-02 4.468820224789149531e-02
-3.853853853853852485e+00 4.401708645595377861e-02 4.401001960822830544e-02
-3.881881881881881213e+00 4.334528972133984415e-02 4.333894034300080772e-02
-3.909909909909909942e+00 4.268019361662987732e-02 4.267413573849429542e-02
-3.937937937937938671e+00 4.202175038018188952e-02 4.201515066908428908e-02
-3.965965965965967399e+00 4.137018829126953151e-02 4.136272172434166117e-02
-3.993993993993992575e+00 4.072590959071226840e-02 4.071780342598838726e-02
-4.022022022022021304e+00 4.008937525594687135e-02 4.008112989843903157e-02
-4.050050050050050032e+00 3.946086392193333403e-02 3.945274223570797295e-02
-4.078078078078078761e+00 3.884043061679982867e-02 3.883247899525728991e-02
-4.106106106106107489e+00 3.822796253169637865e-02 3.822016505427397459e-02
-4.134134134134132665e+00 3.762333418094640503e-02 3.761563690032083962e-02
-4.162162162162161394e+00 3.702648966123524288e-02 3.701878947292182309e-02
-4.190190190190190123e+00 3.643747448676605549e-02 3.642960048195809791e-02
-4.218218218218218851e+00 3.585642840338469639e-02 3.584825639670145836e-02
-4.246246246246247580e+00 3.528355493916109087e-02 3.527508918192802378e-02
-4.274274274274272756e+00 3.471907464530769177e-02 3.471040648341412044e-02
-4.302302302302301484e+00 3.416320226018002698e-02 3.415442215180376079e-02
-4.330330330330330213e+00 3.361614633526407991e-02 3.360719901269108162e-02
-4.358358358358358942e+00 3.307818368943656745e-02 3.306889447106312052e-02
-4.386386386386387670e+00 3.254971833942981591e-02 3.253980955734832314e-02
-4.414414414414412846e+00 3.203127898176506838e-02 3.202059325427655812e-02
-4.442442442442441575e+00 3.152345447048908456e-02 3.151209540177002388e-02
-4.470470470470470303e+00 3.102671683732303315e-02 3.101500222436735094e-02
-4.498498498498499032e+00 3.054128526514439737e-02 3.052977191468316670e-02
-4.526526526526527761e+00 3.006710621878072587e-02 3.005612139151804182e-02
-4.554554554554552936e+00 2.960392352925834622e-02 2.959343539338339657e-02
-4.582582582582581665e+00 2.915150924935381443e-02 2.914120016995168719e-02
-4.610610610610610394e+00 2.870988879410122513e-02 2.869908877675545270e-02
-4.638638638638639122e+00 2.827938026844906139e-02 2.826770051516049043e-02
-4.666666666666667851e+00 2.786054024459077086e-02 2.784801911525511264e-02
-4.694694694694693027e+00 2.745398029169848070e-02 2.744089276512255704e-02
-4.722722722722721755e+00 2.706007678577844119e-02 2.704700005066022414e-02
-4.750750750750750484e+00 2.667889497309226463e-02 2.666628901229402271e-02
-4.778778778778779213e+00 2.631022036968214822e-02 2.629818298556028250e-02
-4.806806806806807941e+00 2.595361760470994358e-02 2.594211005182422980e-02
-4.834834834834833117e+00 2.560862099309775194e-02 2.559751974807198890e-02
-4.862862862862861846e+00 2.527484398015301600e-02 2.526398622579919054e-02
-4.890890890890890574e+00 2.495197711206787600e-02 2.494130595423307839e-02
-4.918918918918919303e+00 2.463978571329947936e-02 2.462929792083659239e-02
-4.946946946946948032e+00 2.433812036342171761e-02 2.432777571139851241e-02
-4.974974974974973208e+00 2.404689093148375603e-02 2.403656275423004390e-02
-5.003003003003001936e+00 2.376605523172382536e-02 2.375565947641035056e-02
-5.031031031031030665e+00 2.349561339215860967e-02 2.348515879454328090e-02
-5.059059059059059393e+00 2.323559221229530916e-02 2.322511942203692517e-02
-5.087087087087088122e+00 2.298595779535212574e-02 2.297556651357245475e-02
-5.115115115115113298e+00 2.274657837766992999e-02 2.273645685491352403e-02
-5.143143143143142026e+00 2.251723261202780851e-02 2.250748739169443347e-02
-5.171171171171170755e+00 2.229761833112462940e-02 2.228826170613231253e-02
-5.199199199199199484e+00 2.208736945576778715e-02 2.207839059382631086e-02
-5.227227227227228212e+00 2.188611683290418372e-02 2.187749510905657307e-02
-5.255255255255253388e+00 2.169351244792578140e-02 2.168521247812930236e-02
-5.283283283283282117e+00 2.150923037927883821e-02 2.150122427737642325e-02
-5.311311311311310845e+00 2.133296692584954468e-02 2.132523978124029398e-02
-5.339339339339339574e+00 2.116443956186736530e-02 2.115698025059160881e-02
-5.367367367367368303e+00 2.100338595725306443e-02 2.099617784191008807e-02
-5.395395395395393479e+00 2.084956663952911363e-02 2.084257565821841240e-02
-5.423423423423422207e+00 2.070276356422263292e-02 2.069595625430492233e-02
-5.451451451451450936e+00 2.056277876428587101e-02 2.055614319262052264e-02
-5.479479479479479664e+00 2.042943323723850346e-02 2.042296487405922609e-02
-5.507507507507508393e+00 2.030255835165681311e-02 2.029625384222627157e-02
-5.535535535535537122e+00 2.018197383646427173e-02 2.017584802298157814e-02
-5.563563563563562298e+00 2.006748260944831580e-02 2.006158182639647750e-02
-5.591591591591591026e+00 1.995887342397391698e-02 1.995322061665779495e-02
-5.619619619619619755e+00 1.985592309985640888e-02 1.985050873897946030e-02
-5.647647647647648483e+00 1.975840032927922429e-02 1.975320791485428787e-02
-5.675675675675677212e+00 1.966608326508816756e-02 1.966109640239402725e-02
-5.703703703703702388e+00 1.957877282256491325e-02 1.957396797351054069e-02
-5.731731731731731116e+00 1.949629383704419919e-02 1.949163529570251130e-02
-5.759759759759759845e+00 1.941849310725872121e-02 1.941395652636319913e-02
-5.787787787787788574e+00 1.934523760764996630e-02 1.934081298725072798e-02
-5.815815815815817302e+00 1.927641200205909566e-02 1.927209275346662351e-02
-5.843843843843842478e+00 1.921191043869410059e-02 1.920769047546678002e-02
-5.871871871871871207e+00 1.915162172848961300e-02 1.914750726774815115e-02
-5.899899899899899935e+00 1.909541676431400492e-02 1.909144870953821335e-02
-5.927927927927928664e+00 1.904314921401648736e-02 1.903936943622828309e-02
-5.955955955955957393e+00 1.899465690993117767e-02 1.899106793258860046e-02
-5.983983983983982569e+00 1.894976351708449469e-02 1.894635272397919568e-02
-6.012012012012011297e+00 1.890829115711442632e-02 1.890504574732159576e-02
-6.040040040040040026e+00 1.887007452184975842e-02 1.886698174530479846e-02
-6.068068068068068754e+00 1.883496693101085334e-02 1.883200763637793776e-02
-6.096096096096097483e+00 1.880284256601542220e-02 1.879998475626525403e-02
-6.124124124124122659e+00 1.877359498260038756e-02 1.877081476978468416e-02
-6.152152152152151388e+00 1.874713564404897198e-02 1.874442392234442964e-02
-6.180180180180180116e+00 1.872339195277715126e-02 1.872074382822964261e-02
-6.208208208208208845e+00 1.870230004699896531e-02 1.869971094362084252e-02
-6.236236236236237573e+00 1.868380056130287611e-02 1.868126629990616433e-02
-6.264264264264262749e+00 1.866783546287526657e-02 1.866535524089374745e-02
-6.292292292292291478e+00 1.865434521515119820e-02 1.865192649386399754e-02
-6.320320320320320207e+00 1.864326871523577442e-02 1.864091833609158796e-02
-6.348348348348348935e+00 1.863454337697396587e-02 1.863225970500048678e-02
-6.376376376376377664e+00 1.862810537824798746e-02 1.862588380032905583e-02
-6.404404404404402840e+00 1.862389265407470712e-02 1.862172854958470819e-02
-6.432432432432431568e+00 1.862184764740575441e-02 1.861973650023410198e-02
-6.460460460460460297e+00 1.862191565690743400e-02 1.861985471522519323e-02
-6.488488488488489025e+00 1.862403440730396945e-02 1.862203467165569892e-02
-6.516516516516517754e+00 1.862813014662074995e-02 1.862622384783746768e-02
-6.544544544544542930e+00 1.863411772773534980e-02 1.863232230156738542e-02
-6.572572572572571659e+00 1.864190064836605820e-02 1.864021519681800451e-02
-6.600600600600600387e+00 1.865137270901693484e-02 1.864979262079819941e-02
-6.628628628628629116e+00 1.866242829541970433e-02 1.866094927480923399e-02
-6.656656656656657844e+00 1.867496609966798685e-02 1.867358415109185085e-02
-6.684684684684683020e+00 1.868888941871042417e-02 1.868760023358122246e-02
-6.712712712712711749e+00 1.870411272060525446e-02 1.870290421805942405e-02
-6.740740740740740478e+00 1.872056536137342575e-02 1.871940921601038255e-02
-6.768768768768769206e+00 1.873819074141468491e-02 1.873706578428338543e-02
-6.796796796796797935e+00 1.875694543149635310e-02 1.875584735493271427e-02
-6.824824824824823111e+00 1.877679775097016932e-02 1.877572713378751132e-02
-6.852852852852851839e+00 1.879772013322776950e-02 1.879667766846776500e-02
-6.880880880880880568e+00 1.881968439816819952e-02 1.881867081337947056e-02
-6.908908908908909297e+00 1.884266163740465003e-02 1.884167769557137592e-02
-6.936936936936938025e+00 1.886662158034713155e-02 1.886566867963486785e-02
-6.964964964964963201e+00 1.889152921237321342e-02 1.889061332996976733e-02
-6.992992992992991930e+00 1.891734361731476147e-02 1.891647738318016914e-02
-7.021021021021020658e+00 1.894401799874007725e-02 1.894320897350989727e-02
-7.049049049049049387e+00 1.897149969945282830e-02 1.897074972027909187e-02
-7.077077077077078116e+00 1.899973081535365552e-02 1.899904058676146063e-02
-7.105105105105103291e+00 1.902865155225804544e-02 1.902802183353352952e-02
-7.133133133133132020e+00 1.905820135227032086e-02 1.905763296268429136e-02
-7.161161161161160749e+00 1.908831883423505599e-02 1.908781265803183996e-02
-7.189189189189189477e+00 1.911894189295768043e-02 1.911849872034049325e-02
-7.217217217217218206e+00 1.915001228655897544e-02 1.914962799658512932e-02
-7.245245245245243382e+00 1.918148073747595259e-02 1.918113712714666561e-02
-7.273273273273272110e+00 1.921330709510234505e-02 1.921298493069076643e-02
-7.301301301301300839e+00 1.924546023388740840e-02 1.924515491261670139e-02
-7.329329329329329568e+00 1.927791779710925912e-02 1.927763050847245557e-02
-7.357357357357358296e+00 1.931066145841981926e-02 1.931039369051046686e-02
-7.385385385385383472e+00 1.934367167600098414e-02 1.934342494325590883e-02
-7.413413413413412201e+00 1.937692739182054688e-02 1.937670323724356020e-02
-7.441441441441440929e+00 1.941040600277957329e-02 1.941020600052253964e-02
-7.469469469469469658e+00 1.944408332505765530e-02 1.944390908757027275e-02
-7.497497497497498387e+00 1.947793322583416670e-02 1.947778674530558501e-02
-7.525525525525523562e+00 1.951192699675167661e-02 1.951181155464631195e-02
-7.553553553553552291e+00 1.954603321736029728e-02 1.954595274112613107e-02
-7.581581581581581020e+00 1.958021767645294967e-02 1.958017485511009265e-02
-7.609609609609609748e+00 1.961444330302667544e-02 1.961444019061335184e-02
-7.637637637637638477e+00 1.964867043325681933e-02 1.964870904076885388e-02
-7.665665665665667206e+00 1.968285733979530452e-02 1.968293968751494774e-02
-7.693693693693692381e+00 1.971696027594770431e-02 1.971708839227685056e-02
-7.721721721721721110e+00 1.975093346773228870e-02 1.975110938780251166e-02
-7.749749749749749839e+00 1.978472910738138246e-02 1.978495487137536812e-02
-7.777777777777778567e+00 1.981829739367404336e-02 1.981857499969176192e-02
-7.805805805805807296e+00 1.985158942149659392e-02 1.985191788576041311e-02
-7.833833833833832472e+00 1.988456184592393011e-02 1.988492982374014811e-02
-7.861861861861861200e+00 1.991717744319910360e-02 1.991756952691527832e-02
-7.889889889889889929e+00 1.994940527024384805e-02 1.994981699351203175e-02
-7.917917917917918658e+00 1.998122077963603721e-02 1.998165298606763632e-02
-7.945945945945947386e+00 2.001260308756796363e-02 2.001305702098415268e-02
-7.973973973973972562e+00 2.004353046934397725e-02 2.004400737070109392e-02
-8.002002002002001291e+00 2.007397995983006139e-02 2.007448106657491738e-02
-8.030030030030030019e+00 2.010392735694942895e-02 2.010445390239210331e-02
-8.058058058058058748e+00 2.013334722585126066e-02 2.013390043849803968e-02
-8.086086086086087477e+00 2.016221290379440270e-02 2.016279400658097659e-02
-8.114114114114112652e+00 2.019049652330341671e-02 2.019110671521026634e-02
-8.142142142142141381e+00 2.021816959522814566e-02 2.021880945629062065e-02
-8.170170170170170110e+00 2.024520371782306122e-02 2.024587199993717335e-02
-8.198198198198198838e+00 2.027157064315519147e-02 2.027226579812170873e-02
-8.226226226226227567e+00 2.029724230810365376e-02 2.029796461955554396e-02
-8.254254254254252743e+00 2.032219085346746723e-02 2.032294134187091414e-02
-8.282282282282281471e+00 2.034638808961154038e-02 2.034716778103292170e-02
-8.310310310310310200e+00 2.036980484259914154e-02 2.037061472675624416e-02
-8.338338338338338929e+00 2.039241094956261921e-02 2.039325197884206062e-02
-8.366366366366367657e+00 2.041417529609707016e-02 2.041504838449356360e-02
-8.394394394394392833e+00 2.043506585473027146e-02 2.043597187668831291e-02
-8.422422422422421562e+00 2.045504972456614612e-02 2.045598951370516255e-02
-8.450450450450450290e+00 2.047409317221784292e-02 2.047506751992225413e-02
-8.478478478478479019e+00 2.049216172742767197e-02 2.049317132802144087e-02
-8.506506506506507748e+00 2.050922150984813702e-02 2.051026562275203718e-02
-8.534534534534532924e+00 2.052524060580455598e-02 2.052631465273746861e-02
-8.562562562562561652e+00 2.054018920284149743e-02 2.054128842580746697e-02
-8.590590590590590381e+00 2.055403966407150229e-02 2.055516299970435931e-02
-8.618618618618619109e+00 2.056676654821084499e-02 2.056791431320614816e-02
-8.646646646646647838e+00 2.057834539891610984e-02 2.057951792890207188e-02
-8.674674674674673014e+00 2.058875148467215893e-02 2.058994907343419251e-02
-8.702702702702701743e+00 2.059795978148095882e-02 2.059918267933377387e-02
-8.730730730730730471e+00 2.060594501636162784e-02 2.060719342848462213e-02
-8.758758758758759200e+00 2.061268171251879819e-02 2.061395579725014415e-02
-8.786786786786787928e+00 2.061814423622049600e-02 2.061944410330541350e-02
-8.814814814814813104e+00 2.062230684543131520e-02 2.062363255422004424e-02
-8.842842842842841833e+00 2.062514374025114020e-02 2.062649529784225250e-02
-8.870870870870870561e+00 2.062662913790959743e-02 2.062800647453872163e-02
-8.898898898898899290e+00 2.062673841580884779e-02 2.062814027134927258e-02
-8.926926926926928019e+00 2.062544972748062838e-02 2.062687109159768578e-02
-8.954954954954953195e+00 2.062274420263164945e-02 2.062417894371630991e-02
-8.982982982982981923e+00 2.061860602788506691e-02 2.062005185620115200e-02
-9.011011011011010652e+00 2.061302250205918757e-02 2.061447885029382698e-02
-9.039039039039039380e+00 2.060598302214570327e-02 2.060744939761635641e-02
-9.067067067067068109e+00 2.059747759475114015e-02 2.059895346246829254e-02
-9.095095095095093285e+00 2.058749676143149451e-02 2.058898154414890228e-02
-9.123123123123122014e+00 2.057603164089127565e-02 2.057752471922832255e-02
-9.151151151151150742e+00 2.056307397106333507e-02 2.056457468369560226e-02
-9.179179179179179471e+00 2.054861615100160924e-02 2.055012379491527250e-02
-9.207207207207208199e+00 2.053265128252323990e-02 2.053416511332857228e-02
-9.235235235235233375e+00 2.051517321154108092e-02 2.051669244384026619e-02
-9.263263263263262104e+00 2.049617656903255161e-02 2.049770037683648627e-02
-9.291291291291290833e+00 2.047565681159597278e-02 2.047718432878480738e-02
-9.319319319319319561e+00 2.045360985780170227e-02 2.045514058237261554e-02
-9.347347347347348290e+00 2.043002979306906067e-02 2.043156632614567814e-02
-9.375375375375373466e+00 2.040490797192539771e-02 2.040645767486893095e-02
-9.403403403403402194e+00 2.037823291084667199e-02 2.037980005317327481e-02
-9.431431431431430923e+00 2.034999018039452406e-02 2.035157522306649952e-02
-9.459459459459459651e+00 2.032016269966151201e-02 2.032176527697898000e-02
-9.487487487487488380e+00 2.028873296042744273e-02 2.029035267388494546e-02
-9.515515515515513556e+00 2.025568385231020160e-02 2.025732027120386025e-02
-9.543543543543542285e+00 2.022099869585614745e-02 2.022265135700293537e-02
-9.571571571571571013e+00 2.018466127500347443e-02 2.018632968248027654e-02
-9.599599599599599742e+00 2.014665586980720485e-02 2.014833949470872312e-02
-9.627627627627628470e+00 2.010696728940715786e-02 2.010866556962157686e-02
-9.655655655655657199e+00 2.006558090522100185e-02 2.006729324522250890e-02
-9.683683683683682375e+00 2.002248268434553280e-02 2.002420845500271426e-02
-9.711711711711711104e+00 1.997765922315040618e-02 1.997939776154948263e-02
-9.739739739739739832e+00 1.993109778104916116e-02 1.993284839033139175e-02
-9.767767767767768561e+00 1.988278631443356551e-02 1.988454826364592989e-02
-9.795795795795797289e+00 1.983271370030271000e-02 1.983448603471629074e-02
-9.823823823823822465e+00 1.978087102871686417e-02 1.978265112192472211e-02
-9.851851851851851194e+00 1.972725217319133001e-02 1.972903469089520509e-02
-9.879879879879879923e+00 1.967185385978011472e-02 1.967363503240217304e-02
-9.907907907907908651e+00 1.961467573212036242e-02 1.961645398601825560e-02
-9.935935935935937380e+00 1.955572022394770279e-02 1.955749446766021429e-02
-9.963963963963962556e+00 1.949499135956463819e-02 1.949676048362596059e-02
-9.991991991991991284e+00 1.943249427274814506e-02 1.943425715003191737e-02
-1.002002002002002001e+01 1.936823522293887323e-02 1.936999071048684656e-02
-1.004804804804804874e+01 1.930222161102475992e-02 1.930396855193578995e-02
-1.007607607607607747e+01 1.923446199324047728e-02 1.923619921861386209e-02
-1.010410410410410265e+01 1.916496609312871510e-02 1.916669242405539056e-02
-1.013213213213213137e+01 1.909374481151572892e-02 1.909545906111049726e-02
-1.016016016016016010e+01 1.902081023446033914e-02 1.902251120992803218e-02
-1.018818818818818883e+01 1.894617563914268582e-02 1.894786214387086595e-02
-1.021621621621621756e+01 1.886985549766641984e-02 1.887152633333690974e-02
-1.024424424424424274e+01 1.879186547875570656e-02 1.879351944746710315e-02
-1.027227227227227146e+01 1.871222244733603338e-02 1.871385835372918818e-02
-1.030030030030030019e+01 1.863094446199613230e-02 1.863256111537445886e-02
-1.032832832832832892e+01 1.854805052755874664e-02 1.854964698677250348e-02
-1.035635635635635765e+01 1.846355951632706535e-02 1.846513640663740435e-02
-1.038438438438438283e+01 1.837748982315953045e-02 1.837904977528017486e-02
-1.041241241241241156e+01 1.828985930207214713e-02 1.829140329757077826e-02
-1.044044044044044028e+01 1.820068520387916472e-02 1.820221264953681209e-02
-1.046846846846846901e+01 1.810998435779555618e-02 1.811149438133555223e-02
-1.049649649649649774e+01 1.801777418359033420e-02 1.801926591567249922e-02
-1.052452452452452292e+01 1.792407296929276680e-02 1.792554554486214605e-02
-1.055255255255255165e+01 1.782889986690475159e-02 1.783035242654466487e-02
-1.058058058058058037e+01 1.773227488675735777e-02 1.773370657804897166e-02
-1.060860860860860910e+01 1.763421889051046410e-02 1.763562886939547616e-02
-1.063663663663663783e+01 1.753475358279236659e-02 1.753614101493553359e-02
-1.066466466466466301e+01 1.743390150147962683e-02 1.743526556362767765e-02
-1.069269269269269174e+01 1.733168600662079312e-02 1.733302588795418431e-02
-1.072072072072072046e+01 1.722813126801121808e-02 1.722944617148526938e-02
-1.074874874874874919e+01 1.712326225142962385e-02 1.712455139510131452e-02
-1.077677677677677792e+01 1.701710470355082688e-02 1.701836732188765147e-02
-1.080480480480480310e+01 1.690968513555250047e-02 1.691092048071971346e-02
-1.083283283283283183e+01 1.680103080543778049e-02 1.680223814856017864e-02
-1.086086086086086056e+01 1.669116969909889558e-02 1.669234833149365466e-02
-1.088888888888888928e+01 1.658013051015106223e-02 1.658127974452771117e-02
-1.091691691691691801e+01 1.646794246439222537e-02 1.646906179019322694e-02
-1.094494494494494319e+01 1.635463465830842150e-02 1.635572453598053630e-02
-1.097297297297297192e+01 1.624023588053382511e-02 1.624129791976601164e-02
-1.100100100100100065e+01 1.612477460229224530e-02 1.612580930107463187e-02
-1.102902902902902937e+01 1.600827896788820787e-02 1.600928585565471185e-02
-1.105705705705705810e+01 1.589077693942155325e-02 1.589175539898534523e-02
-1.108508508508508328e+01 1.577229692633954836e-02 1.577324636396034568e-02
-1.111311311311311201e+01 1.565286793095424511e-02 1.565378777743273511e-02
-1.114114114114114074e+01 1.553251952393888691e-02 1.553340923566460738e-02
-1.116916916916916946e+01 1.541128181877909030e-02 1.541214087872819910e-02
-1.119719719719719819e+01 1.528918544522917845e-02 1.529001336390855594e-02
-1.122522522522522337e+01 1.516626152182722585e-02 1.516705783816135397e-02
-1.125325325325325210e+01 1.504254162752588150e-02 1.504330590968316721e-02
-1.128128128128128083e+01 1.491805777249923318e-02 1.491878961865485999e-02
-1.130930930930930955e+01 1.479284236818919317e-02 1.479354140722147389e-02
-1.133733733733733828e+01 1.466692819665758006e-02 1.466759408877529869e-02
-1.136536536536536346e+01 1.454034837931263147e-02 1.454098081661116780e-02
-1.139339339339339219e+01 1.441313634508107830e-02 1.441373505202510341e-02
-1.142142142142142092e+01 1.428532579809882810e-02 1.428589053193010487e-02
-1.144944944944944965e+01 1.415695068499499623e-02 1.415748123606370805e-02
-1.147747747747747837e+01 1.402804516184543923e-02 1.402854135386405465e-02
-1.150550550550550355e+01 1.389864356087306199e-02 1.389910525109199629e-02
-1.153353353353353228e+01 1.376878035697272004e-02 1.376920743627733576e-02
-1.156156156156156101e+01 1.363849014300243592e-02 1.363888252706821520e-02
-1.158958958958958974e+01 1.350780780651533383e-02 1.350816521656199309e-02
-1.161761761761761846e+01 1.337676871384021679e-02 1.337709028401263926e-02
-1.164564564564564719e+01 1.324540869290286894e-02 1.324569356865648410e-02
-1.167367367367367237e+01 1.311376400641287888e-02 1.311401197290175055e-02
-1.170170170170170110e+01 1.298187131603995015e-02 1.298208242238147424e-02
-1.172972972972972983e+01 1.284976744502945058e-02 1.284994178411205147e-02
-1.175775775775775855e+01 1.271748913347236012e-02 1.271762683214798344e-02
-1.178578578578578728e+01 1.258507299495856616e-02 1.258517421360399666e-02
-1.181381381381381246e+01 1.245255548310778004e-02 1.245262041511629655e-02
-1.184184184184184119e+01 1.231997285860705026e-02 1.232000172981249919e-02
-1.186986986986986992e+01 1.218736115682213760e-02 1.218735422485812785e-02
-1.189789789789789864e+01 1.205475615604764510e-02 1.205471370964432583e-02
-1.192592592592592737e+01 1.192219334645797449e-02 1.192211570467944202e-02
-1.195395395395395255e+01 1.178970789981843501e-02 1.178959541124383059e-02
-1.198198198198198128e+01 1.165733464001265408e-02 1.165718768186414095e-02
-1.201001001001001001e+01 1.152510801443918168e-02 1.152492699166043563e-02
-1.203803803803803874e+01 1.139306206632684920e-02 1.139284741061541775e-02
-1.206606606606606746e+01 1.126123040801477702e-02 1.126098257681208865e-02
-1.209409409409409264e+01 1.112964619523938714e-02 1.112936567068216476e-02
-1.212212212212212137e+01 1.099834210246691986e-02 1.099802939030378179e-02
-1.215015015015015010e+01 1.086735029930619399e-02 1.086700592778348795e-02
-1.217817817817817883e+01 1.073670242803246265e-02 1.073632694675307440e-02
-1.220620620620620755e+01 1.060642958224927886e-02 1.060602356100845932e-02
-1.223423423423423273e+01 1.047656228671138383e-02 1.047612631431351499e-02
-1.226226226226226146e+01 1.034713047832777275e-02 1.034666516138785242e-02
-1.229029029029029019e+01 1.021816348835965366e-02 1.021766945009401455e-02
-1.231831831831831892e+01 1.008968996614835120e-02 1.008916790483502246e-02
-1.234634634634634764e+01 9.961737641858883774e-03 9.961188611167858670e-03
-1.237437437437437282e+01 9.834333267308040943e-03 9.833758703257009653e-03
-1.240240240240240155e+01 9.707502611747353960e-03 9.706903539940513539e-03
-1.243043043043043028e+01 9.581270458992024314e-03 9.580647577339789986e-03
-1.245845845845845901e+01 9.455660665538141371e-03 9.455014627031589278e-03
-1.248648648648648773e+01 9.330696382153782012e-03 9.330027847391220847e-03
-1.251451451451451291e+01 9.206400099840630555e-03 9.205709735987594941e-03
-1.254254254254254164e+01 9.082793643255778968e-03 9.082082123018713274e-03
-1.257057057057057037e+01 8.959898165157943739e-03 8.959166165774036170e-03
-1.259859859859859910e+01 8.837734141862178122e-03 8.836982344107329607e-03
-1.262662662662662783e+01 8.716321369684924131e-03 8.715550456902048174e-03
-1.265465465465465300e+01 8.595678962359288439e-03 8.594889619508763387e-03
-1.268268268268268173e+01 8.475825349398440067e-03 8.475018262132443317e-03
-1.271071071071071046e+01 8.356778275383343335e-03 8.355954129145854239e-03
-1.273873873873873919e+01 8.238554800149353388e-03 8.237714279303091219e-03
-1.276676676676676792e+01 8.121171299844813854e-03 8.120315086826561043e-03
-1.279479479479479309e+01 8.004643468833358075e-03 8.003772243338818856e-03
-1.282282282282282182e+01 7.888986322410583216e-03 7.888100760609740442e-03
-1.285085085085085055e+01 7.774214200304556573e-03 7.773314974088585752e-03
-1.287887887887887928e+01 7.660340770928916916e-03 7.659428547189207383e-03
-1.290690690690690801e+01 7.547379036356419504e-03 7.546454476296426093e-03
-1.293493493493493318e+01 7.435341337980237372e-03 7.434405096460628380e-03
-1.296296296296296191e+01 7.324239362829884810e-03 7.323292087747251648e-03
-1.299099099099099064e+01 7.214084150508201336e-03 7.213126482207674224e-03
-1.301901901901901937e+01 7.104886100715687887e-03 7.103918671437439367e-03
-1.304704704704704810e+01 6.996654981328324745e-03 6.995678414688012194e-03
-1.307507507507507327e+01 6.889399936995083129e-03 6.888414847498058532e-03
-1.310310310310310200e+01 6.783129498221384009e-03 6.782136490810437672e-03
-1.313113113113113073e+01 6.677851590905055194e-03 6.676851260541466146e-03
-1.315915915915915946e+01 6.573573582912599356e-03 6.572566477568942897e-03
-1.318718718718718819e+01 6.470302460127965068e-03 6.469288878106368990e-03
-1.321521521521521336e+01 6.368044878710681263e-03 6.367024807535786278e-03
-1.324324324324324209e+01 6.266807168805788031e-03 6.265780876887256691e-03
-1.327127127127127082e+01 6.166595338480453277e-03 6.165563353455053193e-03
-1.329929929929929955e+01 6.067415041256364258e-03 6.066377928044475870e-03
-1.332732732732732828e+01 5.969271414758977115e-03 5.968229726479695220e-03
-1.335535535535535345e+01 5.872169043700635992e-03 5.871123321415342919e-03
-1.338338338338338218e+01 5.776111971909830833e-03 5.775062744400315771e-03
-1.341141141141141091e+01 5.681103714587018745e-03 5.680051498163351045e-03
-1.343943943943943964e+01 5.587147270753420325e-03 5.586092569090447477e-03
-1.346746746746746837e+01 5.494245135864103853e-03 5.493188439865635646e-03
-1.349549549549549354e+01 5.402399314557703239e-03 5.401341102247355155e-03
-1.352352352352352227e+01 5.311611333516172949e-03 5.310552069953729075e-03
-1.355155155155155100e+01 5.221882254408984070e-03 5.220822391631348841e-03
-1.357957957957957973e+01 5.133212686897281954e-03 5.132152663882795160e-03
-1.360760760760760846e+01 5.045602801674589286e-03 5.044543044329689516e-03
-1.363563563563563363e+01 4.959052343521706992e-03 4.957993264688847178e-03
-1.366366366366366236e+01 4.873560644354593858e-03 4.872502643840263999e-03
-1.369169169169169109e+01 4.789126636245045684e-03 4.788070100866936504e-03
-1.371971971971971982e+01 4.705748864395115430e-03 4.704694168047226892e-03
-1.374774774774774855e+01 4.623425500047251453e-03 4.622373003781952983e-03
-1.377577577577577728e+01 4.542154353313196044e-03 4.541104405439195905e-03
-1.380380380380380245e+01 4.461932885905757658e-03 4.460885822100943247e-03
-1.383183183183183118e+01 4.382758223758549503e-03 4.381714367196657724e-03
-1.385985985985985991e+01 4.304627169519798478e-03 4.303586831010038430e-03
-1.388788788788788864e+01 4.227536214907345880e-03 4.226499693045909604e-03
-1.391591591591591737e+01 4.151481552912851189e-03 4.150449134245443386e-03
-1.394394394394394254e+01 4.076459089844211223e-03 4.075431049038679386e-03
-1.397197197197197127e+01 4.038948939043785977e-03 4.001441057224189475e-03
-1.400000000000000000e+01 4.001782207309899884e-03 3.928474515666829057e-03
