1.400000000000000000e+01 5.811135592277569479e-04 5.732389491744496529e-04
1.397197197197197127e+01 5.851055060156051119e-04 5.810774118997713913e-04
1.394394394394394432e+01 5.891344477053429059e-04 5.890243166090499078e-04
1.391591591591591559e+01 5.971931908552087932e-04 5.970813463791497123e-04
1.388788788788788864e+01 6.053638031281035562e-04 6.052502144642938654e-04
1.385985985985985991e+01 6.136480292256833464e-04 6.135326649237788721e-04
1.383183183183183118e+01 6.220476453121486903e-04 6.219304732642456403e-04
1.380380380380380423e+01 6.305644596723018660e-04 6.304454470969483165e-04
1.377577577577577550e+01 6.392003133853280290e-04 6.390794268114768657e-04
1.374774774774774855e+01 6.479570810149149407e-04 6.478342862650597438e-04
1.371971971971971982e+01 6.568366713160734205e-04 6.567119334889094705e-04
1.369169169169169109e+01 6.658410279591174671e-04 6.657143114121803068e-04
1.366366366366366414e+01 6.749721302714626996e-04 6.748433986027410408e-04
1.363563563563563541e+01 6.842319939975017012e-04 6.841012100266968821e-04
1.360760760760760846e+01 6.936226720771016202e-04 6.934897978267856892e-04
1.357957957957957973e+01 7.031462554434341795e-04 7.030112521191043701e-04
1.355155155155155100e+01 7.128048738404485019e-04 7.126677018101800105e-04
1.352352352352352405e+01 7.226006966607181545e-04 7.224613154344038373e-04
1.349549549549549532e+01 7.325359338040949003e-04 7.323943020117681686e-04
1.346746746746746837e+01 7.426128365577983189e-04 7.424689119281342774e-04
1.343943943943943964e+01 7.528336984988090929e-04 7.526874378359877738e-04
1.341141141141141091e+01 7.632008564187618737e-04 7.630522155786972124e-04
1.338338338338338396e+01 7.737166912722188592e-04 7.735656251394579241e-04
1.335535535535535523e+01 7.843836291489975901e-04 7.842300916115322890e-04
1.332732732732732828e+01 7.952041422713461644e-04 7.950480861954188801e-04
1.329929929929929955e+01 8.061807500162711856e-04 8.060221272198819700e-04
1.327127127127127082e+01 8.173160199642533468e-04 8.171547811904394335e-04
1.324324324324324387e+01 8.286125689748975254e-04 8.284486638640837890e-04
1.321521521521521514e+01 8.400730642904461138e-04 8.399064413514420110e-04
1.318718718718718641e+01 8.517002246676393584e-04 8.515308312486397730e-04
1.315915915915915946e+01 8.634968215391412415e-04 8.633246037976249117e-04
1.313113113113113073e+01 8.754656802053263848e-04 8.752905830764063071e-04
1.310310310310310378e+01 8.876096810570575707e-04 8.874316482215927710e-04
1.307507507507507505e+01 8.999317608307206640e-04 8.997507346823676189e-04
1.304704704704704632e+01 9.124349138963270493e-04 9.122508355072965697e-04
1.301901901901901937e+01 9.251221935797947823e-04 9.249350026659394026e-04
1.299099099099099064e+01 9.379967135201953705e-04 9.378063484044382335e-04
1.296296296296296369e+01 9.510616490633980874e-04 9.508680466389325204e-04
1.293493493493493496e+01 9.643202386926315881e-04 9.641233343843693673e-04
1.290690690690690623e+01 9.777757854978748157e-04 9.775755132233104796e-04
1.287887887887887928e+01 9.914316586844417085e-04 9.912279508121073397e-04
1.285085085085085055e+01 1.005291295122635918e-03 1.005084082430654155e-03
1.282282282282282360e+01 1.019358200939347783e-03 1.019147412571767093e-03
1.279479479479479487e+01 1.033635953153236222e-03 1.033421516575340308e-03
1.276676676676676614e+01 1.048128201354510056e-03 1.047910042306869583e-03
1.273873873873873919e+01 1.062838669430926902e-03 1.062616711881549537e-03
1.271071071071071046e+01 1.077771157341266255e-03 1.077545323437023757e-03
1.268268268268268173e+01 1.092929542938126828e-03 1.092699752953851539e-03
1.265465465465465478e+01 1.108317783841158803e-03 1.108083956127036210e-03
1.262662662662662605e+01 1.123939919362527962e-03 1.123701970291173316e-03
1.259859859859859910e+01 1.139800072486513811e-03 1.139557916396709628e-03
1.257057057057057037e+01 1.155902451904706248e-03 1.155656001043869115e-03
1.254254254254254164e+01 1.172251354108491683e-03 1.172000518573781437e-03
1.251451451451451469e+01 1.188851165540856947e-03 1.188595853217998613e-03
1.248648648648648596e+01 1.205706364809305993e-03 1.205446481310099623e-03
1.245845845845845901e+01 1.222821524962138667e-03 1.222556973558535298e-03
1.243043043043043028e+01 1.240201315829761019e-03 1.239931997386115644e-03
1.240240240240240155e+01 1.257850506433208764e-03 1.257576319337944375e-03
1.237437437437437460e+01 1.275773967462679208e-03 1.275494807556110371e-03
1.234634634634634587e+01 1.293976673827863149e-03 1.293692434327338783e-03
1.231831831831831892e+01 1.312463707282180564e-03 1.312174278705887081e-03
1.229029029029029019e+01 1.331240259123995292e-03 1.330945529212034482e-03
1.226226226226226146e+01 1.350311632977204811e-03 1.350011486609531668e-03
1.223423423423423451e+01 1.369683247653580814e-03 1.369377566765184445e-03
1.220620620620620578e+01 1.389360640099673860e-03 1.389049303593387031e-03
1.217817817817817883e+01 1.409349468431518679e-03 1.409032352087766444e-03
1.215015015015015010e+01 1.429655515059799660e-03 1.429332491442498847e-03
1.212212212212212137e+01 1.450284689908407565e-03 1.449955628268756631e-03
1.209409409409409442e+01 1.471243033729796850e-03 1.470907799906588913e-03
1.206606606606606569e+01 1.492536721520354567e-03 1.492195177836427421e-03
1.203803803803803874e+01 1.514172066039198893e-03 1.513824071194711787e-03
1.201001001001001001e+01 1.536155521433868075e-03 1.535800930395288299e-03
1.198198198198198128e+01 1.558493686976988955e-03 1.558132350862976960e-03
1.195395395395395433e+01 1.581193310917312998e-03 1.580825076879935256e-03
1.192592592592592560e+01 1.604261294449380731e-03 1.603886005552033122e-03
1.189789789789789864e+01 1.627704695805920043e-03 1.627322190896330484e-03
1.186986986986986992e+01 1.651530734477165514e-03 1.651140848055627835e-03
1.184184184184184119e+01 1.675746795561443205e-03 1.675349357645673515e-03
1.181381381381381424e+01 1.700360434252101661e-03 1.699955270236163263e-03
1.178578578578578551e+01 1.725379380465116418e-03 1.724966310973420711e-03
1.175775775775775855e+01 1.750811543612498886e-03 1.750390384349622547e-03
1.172972972972972983e+01 1.776665017526927364e-03 1.776235579120703789e-03
1.170170170170170110e+01 1.802948085542821488e-03 1.802510173382584555e-03
1.167367367367367414e+01 1.829669225739040438e-03 1.829222639808304783e-03
1.164564564564564542e+01 1.856837116349802693e-03 1.856381651052891766e-03
1.161761761761761846e+01 1.884460641349069683e-03 1.883996085330717296e-03
1.158958958958958974e+01 1.912548896215108011e-03 1.912075032174514414e-03
1.156156156156156101e+01 1.941111193881725917e-03 1.940627798378918856e-03
1.153353353353353405e+01 1.970157070882863105e-03 1.969663914138499242e-03
1.150550550550550533e+01 1.999696293697473485e-03 1.999193139385979125e-03
1.147747747747747837e+01 2.029738865302293041e-03 2.029225470336403891e-03
1.144944944944944965e+01 2.060295031939636014e-03 2.059771146247566746e-03
1.142142142142142092e+01 2.091375290108297980e-03 2.090840656403016203e-03
1.139339339339339396e+01 2.122990393785752650e-03 2.122444747325212371e-03
1.136536536536536524e+01 2.155151361890025874e-03 2.154594430229289821e-03
1.133733733733733828e+01 2.187869485990132958e-03 2.187300988723678546e-03
1.130930930930930955e+01 2.221156338274095539e-03 2.220575986768932863e-03
1.128128128128128083e+01 2.255023779784157047e-03 2.254431276903550753e-03
1.125325325325325387e+01 2.289483968928784138e-03 2.288879008745023976e-03
1.122522522522522515e+01 2.324549370281674653e-03 2.323931637779599532e-03
1.119719719719719819e+01 2.360232763678382119e-03 2.359601934446812696e-03
1.116916916916916946e+01 2.396547253621733597e-03 2.395902993533388474e-03
1.114114114114114074e+01 2.433506279006823498e-03 2.432848243887086349e-03
1.111311311311311378e+01 2.471123623178029995e-03 2.470451458461780502e-03
1.108508508508508505e+01 2.509413424329964663e-03 2.508726764705050336e-03
1.105705705705705810e+01 2.548390186264804132e-03 2.547688655302842581e-03
1.102902902902902937e+01 2.588068789519091823e-03 2.587351999293063982e-03
1.100100100100100065e+01 2.628464502873694569e-03 2.627732053561282824e-03
1.097297297297297192e+01 2.669592995260794497e-03 2.668844474733218092e-03
1.094494494494494496e+01 2.711470348082061117e-03 2.710705331478065368e-03
1.091691691691691801e+01 2.754113067953109593e-03 2.753331117238340051e-03
1.088888888888888928e+01 2.797538099889745368e-03 2.796738763399399252e-03
1.086086086086086056e+01 2.841762840951504894e-03 2.840945652916526502e-03
1.083283283283283183e+01 2.886805154358640553e-03 2.885969634416393932e-03
1.080480480480480487e+01 2.932683384099522318e-03 2.931829036786866467e-03
1.077677677677677615e+01 2.979416370045562257e-03 2.978542684274015744e-03
1.074874874874874919e+01 3.027023463591194726e-03 3.026129912103808078e-03
1.072072072072072046e+01 3.075524543837027981e-03 3.074610582646727062e-03
1.069269269269269174e+01 3.124940034334652839e-03 3.124005102144558448e-03
1.066466466466466478e+01 3.175290920412019487e-03 3.174334438016028839e-03
1.063663663663663606e+01 3.226598767098456163e-03 3.225620136762141332e-03
1.060860860860860910e+01 3.278885737668656673e-03 3.277884342490642190e-03
1.058058058058058037e+01 3.332174612825585663e-03 3.331149816078909139e-03
1.055255255255255165e+01 3.386488810542190222e-03 3.385439954995562734e-03
1.052452452452452469e+01 3.441852406581932637e-03 3.440778813800674657e-03
1.049649649649649596e+01 3.498290155718188597e-03 3.497191125345161956e-03
1.046846846846846901e+01 3.555827513672637965e-03 3.554702322689356868e-03
1.044044044044044028e+01 3.614490659792739258e-03 3.613338561760186772e-03
1.041241241241241156e+01 3.674306520487310383e-03 3.673126744767808705e-03
1.038438438438438460e+01 3.735302793439956772e-03 3.734094544401180688e-03
1.035635635635635587e+01 3.797507972618305219e-03 3.796270428818018881e-03
1.032832832832832892e+01 3.860951374097345602e-03 3.859683687452590117e-03
1.030030030030030019e+01 3.925663162712788798e-03 3.924364457651928137e-03
1.027227227227227146e+01 3.991674379560711597e-03 3.990343752163009322e-03
1.024424424424424451e+01 4.059016970356249705e-03 4.057653487478394064e-03
1.021621621621621578e+01 4.127723814663811913e-03 4.126326513057634177e-03
1.018818818818818883e+01 4.197828756007740587e-03 4.196396641430284562e-03
1.016016016016016010e+01 4.269366632870212966e-03 4.267898679189734840e-03
1.013213213213213137e+01 4.342373310579614176e-03 4.340868458882651826e-03
1.010410410410410442e+01 4.416885714088751407e-03 4.415342871790757691e-03
1.007607607607607569e+01 4.492941861638256699e-03 4.491359901604641963e-03
1.004804804804804874e+01 4.570580899294158540e-03 4.568958658975972448e-03
1.002002002002002001e+01 4.649843136344054828e-03 4.648179416937259570e-03
9.991991991991991284e+00 4.730770081528232543e-03 4.729063647162162765e-03
9.963963963963964332e+00 4.813404480074573270e-03 4.811654057040237395e-03
9.935935935935935603e+00 4.897790351497249665e-03 4.895994627525534007e-03
9.907907907907908651e+00 4.983973028108257090e-03 4.982130651707671748e-03
9.879879879879879923e+00 5.071999194179640895e-03 5.070108774050643280e-03
9.851851851851851194e+00 5.161916925680432380e-03 5.159977030217195552e-03
9.823823823823824242e+00 5.253775730497714860e-03 5.251784887397159887e-03
9.795795795795795513e+00 5.347626589033253018e-03 5.345583285029489699e-03
9.767767767767768561e+00 5.443521995049177380e-03 5.441424675794082413e-03
9.739739739739739832e+00 5.541515996613418857e-03 5.539363066728336671e-03
9.711711711711711104e+00 5.641664236971951837e-03 5.639454060296816493e-03
9.683683683683684151e+00 5.744023995147909400e-03 5.741754895218368140e-03
9.655655655655655423e+00 5.848654226036963458e-03 5.846324486822160674e-03
9.627627627627628470e+00 5.955615599734971795e-03 5.953223466673864157e-03
9.599599599599599742e+00 6.064970539796087426e-03 6.062514221173601753e-03
9.571571571571571013e+00 6.176783260078818651e-03 6.174260928786868587e-03
9.543543543543542285e+00 6.291119799791314304e-03 6.288529595523938490e-03
9.515515515515515332e+00 6.408048056296244965e-03 6.405388088235820267e-03
9.487487487487488380e+00 6.527637815181450316e-03 6.524906165236337222e-03
9.459459459459459651e+00 6.649960777041165685e-03 6.647155503698260262e-03
9.431431431431430923e+00 6.775090580346310176e-03 6.772209723212898810e-03
9.403403403403402194e+00 6.903102819711103184e-03 6.900144404822510132e-03
9.375375375375375242e+00 7.034075058786769599e-03 7.031037104761546190e-03
9.347347347347348290e+00 7.168086836928298962e-03 7.164967362060303130e-03
9.319319319319319561e+00 7.305219668692487615e-03 7.302016699076587132e-03
9.291291291291290833e+00 7.445557035131974803e-03 7.442268613920549093e-03
9.263263263263262104e+00 7.589184365749766965e-03 7.585808563643456869e-03
9.235235235235235152e+00 7.736189009876092218e-03 7.732723936958982996e-03
9.207207207207208199e+00 7.886660196123104066e-03 7.883104015149258736e-03
9.179179179179179471e+00 8.040688978464785586e-03 8.037039919708211660e-03
9.151151151151150742e+00 8.198368167381059682e-03 8.194624545155609202e-03
9.123123123123122014e+00 8.359792244400299915e-03 8.355952475351872272e-03
9.095095095095095061e+00 8.525057258272883062e-03 8.521119881540346538e-03
9.067067067067068109e+00 8.694260700915718357e-03 8.690224400245461639e-03
9.039039039039039380e+00 8.867501361190169643e-03 8.863364989071123926e-03
9.011011011011010652e+00 9.044879154513138855e-03 9.040641758369787409e-03
8.982982982982981923e+00 9.226494926263265756e-03 9.222155776724128701e-03
8.954954954954954971e+00 9.412450226937091671e-03 9.408008848155190867e-03
8.926926926926928019e+00 9.602847057042021572e-03 9.598303258996097875e-03
8.898898898898899290e+00 9.797787579788283865e-03 9.793141492440255239e-03
8.870870870870870561e+00 9.997373799774483122e-03 9.992625908894433445e-03
8.842842842842841833e+00 1.020170720605914280e-02 1.019685839045544017e-02
8.814814814814814881e+00 1.041088837828265182e-02 1.040593994808619582e-02
8.786786786786787928e+00 1.062501655486057517e-02 1.061997029041938413e-02
8.758758758758759200e+00 1.084418916271865166e-02 1.083904735355780552e-02
8.730730730730730471e+00 1.106850130859293561e-02 1.106326679178405020e-02
8.702702702702701743e+00 1.129804523258370365e-02 1.129272142974582435e-02
8.674674674674674790e+00 1.153290972541522359e-02 1.152750067745761907e-02
8.646646646646647838e+00 1.177317951174135235e-02 1.176768991037322083e-02
8.618618618618619109e+00 1.201893460282385181e-02 1.201336981771539483e-02
8.590590590590590381e+00 1.227024962299271341e-02 1.226461572341469575e-02
8.562562562562561652e+00 1.252719311545169058e-02 1.252149688515833206e-02
8.534534534534534700e+00 1.278982683420969504e-02 1.278407577830191835e-02
8.506506506506507748e+00 1.305820503014153491e-02 1.305240737266811363e-02
8.478478478478479019e+00 1.333237374038580628e-02 1.332653841150541717e-02
8.450450450450450290e+00 1.361237009141780772e-02 1.360650670307388815e-02
8.422422422422421562e+00 1.389822162713790291e-02 1.389234043637969235e-02
8.394394394394394610e+00 1.418994567412708643e-02 1.418405753346193426e-02
8.366366366366367657e+00 1.448754875678467946e-02 1.448166505126858433e-02
8.338338338338338929e+00 1.479102607531611671e-02 1.478515864645132960e-02
8.310310310310310200e+00 1.510036105942917997e-02 1.509452211636186543e-02
8.282282282282281471e+00 1.541552501008322529e-02 1.540972702903686820e-02
8.254254254254254519e+00 1.573647684068324448e-02 1.573073245402725751e-02
8.226226226226227567e+00 1.606316292771366866e-02 1.605748480453881438e-02
8.198198198198198838e+00 1.639551707898432437e-02 1.638991779945141863e-02
8.170170170170170110e+00 1.673346062543624307e-02 1.672795255151399846e-02
8.142142142142141381e+00 1.707690263989770571e-02 1.707149778539011897e-02
8.114114114114114429e+00 1.742574028337360789e-02 1.742045018628685452e-02
8.086086086086085700e+00 1.777985927648894141e-02 1.777469487684613797e-02
8.058058058058058748e+00 1.813913449070296557e-02 1.813410601683093648e-02
8.030030030030030019e+00 1.850343065098761230e-02 1.849854751709066256e-02
8.002002002002001291e+00 1.887260313893279751e-02 1.886787385646023635e-02
7.973973973973974338e+00 1.924649888282155274e-02 1.924193098771009164e-02
7.945945945945945610e+00 1.962495731919453729e-02 1.962055731657205704e-02
7.917917917917917769e+00 2.000781140887775839e-02 2.000358473627471614e-02
7.889889889889889929e+00 2.039488868942810826e-02 2.039083969895558179e-02
7.861861861861862089e+00 2.078601234550423241e-02 2.078214430487634878e-02
7.833833833833834248e+00 2.118100227875696628e-02 2.117731739046183753e-02
7.805805805805805520e+00 2.157967615948073320e-02 2.157617559695268125e-02
7.777777777777777679e+00 2.198185044340393926e-02 2.197853440253838900e-02
7.749749749749749839e+00 2.238734133858626824e-02 2.238420910257439556e-02
7.721721721721721998e+00 2.279596570932544350e-02 2.279301572449239296e-02
7.693693693693694158e+00 2.320754190622166535e-02 2.320477186637349282e-02
7.665665665665665429e+00 2.362189051396692413e-02 2.361929745064855757e-02
7.637637637637637589e+00 2.403883501094298755e-02 2.403641538701948438e-02
7.609609609609609748e+00 2.445820233721815451e-02 2.445595214130067557e-02
7.581581581581581908e+00 2.487982336994293969e-02 2.487773820937273436e-02
7.553553553553553179e+00 2.530353330736891462e-02 2.530160849774933107e-02
7.525525525525525339e+00 2.572917196467944950e-02 2.572740261427246961e-02
7.497497497497497498e+00 2.615658398647082578e-02 2.615496507414934169e-02
7.469469469469469658e+00 2.658561898201353135e-02 2.658414542785336385e-02
7.441441441441441818e+00 2.701613159036695549e-02 2.701479831832962614e-02
7.413413413413413089e+00 2.744798148297248816e-02 2.744678347546286590e-02
7.385385385385385248e+00 2.788103331156424614e-02 2.787996565603957644e-02
7.357357357357357408e+00 2.831515660915213603e-02 2.831421453717702236e-02
7.329329329329329568e+00 2.875022565149958423e-02 2.874940457081215373e-02
7.301301301301301727e+00 2.918611928596612920e-02 2.918541480626904785e-02
7.273273273273272999e+00 2.962272073392741706e-02 2.962212868720013811e-02
7.245245245245245158e+00 3.005991737224748481e-02 3.005943382837228742e-02
7.217217217217217318e+00 3.049760049851723068e-02 3.049722177698345818e-02
7.189189189189189477e+00 3.093566508404045970e-02 3.093538776241248206e-02
7.161161161161161637e+00 3.137400951788217596e-02 3.137383043761778068e-02
7.133133133133132908e+00 3.181253534471505107e-02 3.181245161481628669e-02
7.105105105105105068e+00 3.225114699872590890e-02 3.225115599758086177e-02
7.077077077077077227e+00 3.268975153547669377e-02 3.268985091114785108e-02
7.049049049049049387e+00 3.312825836334140628e-02 3.312844603246677816e-02
7.021021021021020658e+00 3.356657897598473717e-02 3.356685312137169808e-02
6.992992992992992818e+00 3.400462668724920506e-02 3.400498575413984231e-02
6.964964964964964977e+00 3.444231636976056998e-02 3.444275906079752314e-02
6.936936936936937137e+00 3.487956419856728246e-02 3.488008946747017669e-02
6.908908908908909297e+00 3.531628740114147597e-02 3.531689444502360276e-02
6.880880880880880568e+00 3.575240401506676879e-02 3.575309226540523966e-02
6.852852852852852727e+00 3.618783265472873267e-02 3.618860176701085840e-02
6.824824824824824887e+00 3.662249228830440073e-02 3.662334213042396647e-02
6.796796796796797047e+00 3.705630202626758463e-02 3.705723266578000302e-02
6.768768768768769206e+00 3.748918092252769008e-02 3.749019261290191529e-02
6.740740740740740478e+00 3.792104778917381597e-02 3.792214095522118689e-02
6.712712712712712637e+00 3.835182102562861850e-02 3.835299624831138565e-02
6.684684684684684797e+00 3.878141846282692068e-02 3.878267646365458898e-02
6.656656656656656956e+00 3.920975722282336873e-02 3.921109884805401569e-02
6.628628628628629116e+00 3.963675359402500653e-02 3.963817979889344700e-02
6.600600600600600387e+00 4.006232292204982282e-02 4.006383475520341325e-02
6.572572572572572547e+00 4.048637951604409230e-02 4.048797810431958161e-02
6.544544544544544706e+00 4.090883657010750685e-02 4.091052310377867735e-02
6.516516516516516866e+00 4.132960609936275204e-02 4.133138181802532840e-02
6.488488488488488137e+00 4.174859889011687392e-02 4.175046506921054057e-02
6.460460460460460297e+00 4.216572446350190517e-02 4.216768240147963226e-02
6.432432432432432456e+00 4.258089105194831636e-02 4.258294205809018407e-02
6.404404404404404616e+00 4.299400558788314675e-02 4.299615097070386138e-02
6.376376376376376776e+00 4.340497370407391670e-02 4.340721476025734271e-02
6.348348348348348047e+00 4.381369974510005566e-02 4.381603774888471331e-02
6.320320320320320207e+00 4.422008678951351579e-02 4.422252298243348201e-02
6.292292292292292366e+00 4.462403668233121817e-02 4.462657226322090664e-02
6.264264264264264526e+00 4.502545007758686213e-02 4.502808619277112734e-02
6.236236236236236685e+00 4.542422649075252700e-02 4.542696422434588238e-02
6.208208208208207957e+00 4.582026436090780308e-02 4.582310472516289146e-02
6.180180180180180116e+00 4.621346112258550853e-02 4.621640504826183410e-02
6.152152152152152276e+00 4.660371328728960677e-02 4.660676161399726625e-02
6.124124124124124435e+00 4.699091653467324381e-02 4.699407000115966848e-02
6.096096096096096595e+00 4.737496581337662799e-02 4.737822504786634581e-02
6.068068068068067866e+00 4.775575545150971546e-02 4.775912096208111829e-02
6.040040040040040026e+00 4.813317927673875507e-02 4.813665144177876193e-02
6.012012012012012185e+00 4.850713074586501805e-02 4.851070980466271054e-02
5.983983983983984345e+00 4.887750308375403419e-02 4.888118912730483878e-02
5.955955955955955616e+00 4.924418943139929894e-02 4.924798239349766071e-02
5.927927927927928664e+00 4.960708300283415279e-02 4.961098265152619896e-02
5.899899899899899935e+00 4.996607725052906041e-02 4.997008318000506488e-02
5.871871871871871207e+00 5.032106603883764601e-02 5.032517766183704222e-02
5.843843843843844255e+00 5.067194382498137195e-02 5.067616036577932831e-02
5.815815815815815526e+00 5.101860584699352552e-02 5.102292633504059566e-02
5.787787787787788574e+00 5.136094831797889670e-02 5.136537158224482869e-02
5.759759759759759845e+00 5.169886862598233046e-02 5.170339329006583967e-02
5.731731731731731116e+00 5.203226553872288690e-02 5.203689001676387038e-02
5.703703703703704164e+00 5.236103941239345083e-02 5.236576190579651097e-02
5.675675675675675436e+00 5.268509240368357549e-02 5.268991089874335704e-02
5.647647647647648483e+00 5.300432868415676235e-02 5.300924095059767610e-02
5.619619619619619755e+00 5.331865465609191002e-02 5.332365824651646991e-02
5.591591591591591026e+00 5.362797916886239552e-02 5.363307141912981857e-02
5.563563563563564074e+00 5.393221373492514126e-02 5.393739176547227010e-02
5.535535535535535345e+00 5.423127274448656665e-02 5.423653346259574293e-02
5.507507507507508393e+00 5.452507367790301179e-02 5.453041378091139091e-02
5.479479479479479664e+00 5.481353731487455250e-02 5.481895329432362463e-02
5.451451451451450936e+00 5.509658793949830796e-02 5.510207608621203734e-02
5.423423423423423984e+00 5.537415354025704284e-02 5.537970995032992505e-02
5.395395395395395255e+00 5.564616600403300695e-02 5.565178658571458270e-02
5.367367367367368303e+00 5.591256130325974322e-02 5.591824178470504447e-02
5.339339339339339574e+00 5.617327967534937322e-02 5.617901561320340353e-02
5.311311311311310845e+00 5.642826579356109706e-02 5.643405258234576727e-02
5.283283283283283893e+00 5.667746892850970136e-02 5.668330181077807506e-02
5.255255255255255165e+00 5.692084309955469656e-02 5.692671717677318804e-02
5.227227227227226436e+00 5.715834721535444085e-02 5.716425745944806597e-02
5.199199199199199484e+00 5.738994520292010210e-02 5.739588646842842812e-02
5.171171171171170755e+00 5.761560612455840502e-02 5.762157316134447482e-02
5.143143143143143803e+00 5.783530428215662850e-02 5.784129174860634659e-02
5.115115115115115074e+00 5.804901930832347817e-02 5.805502178496468879e-02
5.087087087087086346e+00 5.825673624396733585e-02 5.826274824743920416e-02
5.059059059059059393e+00 5.845844560196509360e-02 5.846446159926268343e-02
5.031031031031030665e+00 5.865414341664917236e-02 5.866015783956373547e-02
5.003003003003003712e+00 5.884383127891603532e-02 5.884983853859511449e-02
4.974974974974974984e+00 5.902751635683910203e-02 5.903351085838512424e-02
4.946946946946946255e+00 5.920521140174857255e-02 5.921118755877353285e-02
4.918918918918919303e+00 5.937693473983413073e-02 5.938288698887803085e-02
4.890890890890890574e+00 5.954271024938525420e-02 5.954863306411105339e-02
4.862862862862863622e+00 5.970256732385279680e-02 5.970845522902291230e-02
4.834834834834834894e+00 5.985654082102106338e-02 5.986238840614072076e-02
4.806806806806806165e+00 6.000467099864461445e-02 6.001047293111129444e-02
4.778778778778779213e+00 6.014700343696316454e-02 6.015275447471937070e-02
4.750750750750750484e+00 6.028358894859726924e-02 6.028928395222876713e-02
4.722722722722723532e+00 6.041448347640378247e-02 6.042011742061564883e-02
4.694694694694694803e+00 6.053974797990308021e-02 6.054531596431121654e-02
4.666666666666666075e+00 6.065944831095555767e-02 6.066494557014390221e-02
4.638638638638639122e+00 6.077365507941616396e-02 6.077907699221586635e-02
4.610610610610610394e+00 6.088244350954291617e-02 6.088778560749114749e-02
4.582582582582583441e+00 6.098589328797439368e-02 6.099115126291866640e-02
4.554554554554554713e+00 6.108408840412372920e-02 6.108925811494501229e-02
4.526526526526525984e+00 6.117711698386766456e-02 6.118219446230128977e-02
4.498498498498499032e+00 6.126507111745088663e-02 6.127005257296251617e-02
4.470470470470470303e+00 6.134804668252589327e-02 6.135292850621085203e-02
4.442442442442443351e+00 6.142614316319255918e-02 6.143092193083472125e-02
4.414414414414414622e+00 6.149946346599304003e-02 6.150413594032007325e-02
4.386386386386385894e+00 6.156811373379296459e-02 6.157267686563461240e-02
4.358358358358358942e+00 6.163220315844439995e-02 6.163665408696498288e-02
4.330330330330330213e+00 6.169184379313134153e-02 6.169617984521045401e-02
4.302302302302303261e+00 6.174715036534526857e-02 6.175136905409187027e-02
4.274274274274274532e+00 6.179824009132852541e-02 6.180233911375478811e-02
4.246246246246245803e+00 6.184523249281943802e-02 6.184920972670424066e-02
4.218218218218218851e+00 6.188824921690796316e-02 6.189210271688125320e-02
4.190190190190190123e+00 6.192741385977469648e-02 6.193114185266501703e-02
4.162162162162161394e+00 6.196285179505076762e-02 6.196645267453450290e-02
4.134134134134134442e+00 6.199469000749611297e-02 6.199816232808842004e-02
4.106106106106105713e+00 6.202305693265034586e-02 6.202639940308467270e-02
4.078078078078078761e+00 6.204808230309065420e-02 6.205129377910792443e-02
4.050050050050050032e+00 6.206989700190994330e-02 6.207297647843623006e-02
4.022022022022021304e+00 6.208863292381085891e-02 6.209157952673603764e-02
3.993993993993994351e+00 6.210442284432778071e-02 6.210723582218488636e-02
3.965965965965965623e+00 6.211740029762265886e-02 6.212007901258920217e-02
3.937937937937938671e+00 6.212769946321365644e-02 6.213024338169249872e-02
3.909909909909909942e+00 6.213545506192654638e-02 6.213786374491069714e-02
3.881881881881881213e+00 6.214080226148589736e-02 6.214307535469100474e-02
3.853853853853854261e+00 6.214387659195732411e-02 6.214601381574932915e-02
3.825825825825825532e+00 6.214481387123051842e-02 6.214681501038596401e-02
3.797797797797798580e+00 6.214375014071256420e-02 6.214561503404961162e-02
3.769769769769769852e+00 6.214082161136280646e-02 6.214255014127669646e-02
3.741741741741741123e+00 6.213616462016643277e-02 6.213775670210120589e-02
3.713713713713714171e+00 6.212991559711102812e-02 6.213137116900058210e-02
3.685685685685685442e+00 6.212221104270182481e-02 6.212353005440408166e-02
3.657657657657658490e+00 6.211318751604205657e-02 6.211436991877262309e-02
3.629629629629629761e+00 6.210298163356002543e-02 6.210402736923061051e-02
3.601601601601601033e+00 6.209173007817381240e-02 6.209263906880237160e-02
3.573573573573574080e+00 6.207956961884573271e-02 6.208034175659046111e-02
3.545545545545545352e+00 6.206663714051079139e-02 6.206727227747303038e-02
3.517517517517518399e+00 6.205306968427962838e-02 6.205356762213218996e-02
3.489489489489489671e+00 6.203900449773057379e-02 6.203936497755589696e-02
3.461461461461460942e+00 6.202457909537029135e-02 6.202480178764658431e-02
3.433433433433433990e+00 6.200993132916112621e-02 6.201001582384516736e-02
3.405405405405405261e+00 6.199519946896790007e-02 6.199514526567159040e-02
3.377377377377378309e+00 6.198052229283521758e-02 6.198032879108641285e-02
3.349349349349349581e+00 6.196603918701330815e-02 6.196570567658972462e-02
3.321321321321320852e+00 6.195189025566084917e-02 6.195141590698317879e-02
3.293293293293293900e+00 6.193821644016894723e-02 6.193760029473566880e-02
3.265265265265265171e+00 6.192515964806886986e-02 6.192440060890923997e-02
3.237237237237238219e+00 6.191286289151585326e-02 6.191195971362693784e-02
3.209209209209209490e+00 6.190147043549445310e-02 6.190042171608935856e-02
3.181181181181180762e+00 6.189112795561675651e-02 6.188993212421804030e-02
3.153153153153153809e+00 6.188198270549462310e-02 6.188063801462870273e-02
3.125125125125125081e+00 6.187418369390230988e-02 6.187268820952072923e-02
3.097097097097096352e+00 6.186788187187366311e-02 6.186623346301628468e-02
3.069069069069069400e+00 6.186323032979614694e-02 6.186142665812777858e-02
3.041041041041040671e+00 6.186038450492055418e-02 6.185842301407482036e-02
3.013013013013013719e+00 6.185950239968510816e-02 6.185738030424112188e-02
2.984984984984984990e+00 6.186074481111938222e-02 6.185845908514279318e-02
2.956956956956956262e+00 6.186427557177000269e-02 6.186182293683899214e-02
2.928928928928929309e+00 6.187026180266767816e-02 6.186763871529921827e-02
2.900900900900900581e+00 6.187887417893915554e-02 6.187607681732788800e-02
2.872872872872873629e+00 6.189028720875996287e-02 6.188731145872949924e-02
2.844844844844844900e+00 6.190467952644205379e-02 6.190152096650019392e-02
2.816816816816816171e+00 6.192223420056056776e-02 6.191888808594302879e-02
2.788788788788789219e+00 6.194313905826785704e-02 6.193960030370963821e-02
2.760760760760760490e+00 6.196758702685095654e-02 6.196385018792047172e-02
2.732732732732733538e+00 6.199577649358152531e-02 6.199183574726596646e-02
2.704704704704704810e+00 6.202791168542989148e-02 6.202376080941566366e-02
2.676676676676676081e+00 6.206420307021718458e-02 6.205983541959587263e-02
2.648648648648649129e+00 6.210486778079983561e-02 6.210027626295153147e-02
2.620620620620620400e+00 6.215013006426269720e-02 6.214530711185690948e-02
2.592592592592593448e+00 6.220022175841448397e-02 6.219515930017920080e-02
2.564564564564564719e+00 6.225538279768270261e-02 6.225007222672994389e-02
2.536536536536535991e+00 6.231586175084184720e-02 6.231029389035479954e-02
2.508508508508509038e+00 6.238191639322003545e-02 6.237608145929268710e-02
2.480480480480480310e+00 6.245381431623755336e-02 6.244770187765261160e-02
2.452452452452453358e+00 6.253183357734190539e-02 6.252543251207015595e-02
2.424424424424424629e+00 6.261626339362240390e-02 6.260956184181754036e-02
2.396396396396395900e+00 6.270740488261326850e-02 6.270039019587654583e-02
2.368368368368368948e+00 6.280557185409604837e-02 6.279823054069516575e-02
2.340340340340340219e+00 6.291109165688436866e-02 6.290340932260696238e-02
2.312312312312313267e+00 6.302430608450973470e-02 6.301626736948398588e-02
2.284284284284284539e+00 6.314557234439102662e-02 6.313716085575921122e-02
2.256256256256255810e+00 6.327526409518899331e-02 6.326646233400330666e-02
2.228228228228228858e+00 6.341377255717781103e-02 6.340456184010170859e-02
2.200200200200200129e+00 6.356150770076494927e-02 6.355186807659676806e-02
2.172172172172171400e+00 6.371889951881884451e-02 6.370880967942810225e-02
2.144144144144144448e+00 6.388639938826441711e-02 6.387583657369493018e-02
2.116116116116115720e+00 6.406448152674178165e-02 6.405342142427269958e-02
2.088088088088088767e+00 6.425364455035426081e-02 6.424206118732964099e-02
2.060060060060060039e+00 6.445441313871311251e-02 6.444227876898353524e-02
2.032032032032031310e+00 6.466733981363800843e-02 6.465462479749051194e-02
2.004004004004004358e+00 6.489300683798120140e-02 6.487967951548923029e-02
1.975975975975975629e+00 6.513202824109605438e-02 6.511805479889708204e-02
1.947947947947948677e+00 6.538505197743220421e-02 6.537039630904559195e-02
1.919919919919919948e+00 6.565276222451457699e-02 6.563738578455785566e-02
1.891891891891891220e+00 6.593588182639351092e-02 6.591974347917128885e-02
1.863863863863864268e+00 6.623517488827201927e-02 6.621823075090105259e-02
1.835835835835835539e+00 6.655144952726260721e-02 6.653365280829179329e-02
1.807807807807808587e+00 6.688556078324210674e-02 6.686686161843810594e-02
1.779779779779779858e+00 6.723841369246522093e-02 6.721875897951080925e-02
1.751751751751751129e+00 6.761096652457507239e-02 6.759029975906874488e-02
1.723723723723724177e+00 6.800423418097698014e-02 6.798249529701658189e-02
1.695695695695695449e+00 6.841929174912531053e-02 6.839641696884110611e-02
1.667667667667668496e+00 6.885727820265999388e-02 6.883319990044767245e-02
1.639639639639639768e+00 6.931940023125356121e-02 6.929404682025250284e-02
1.611611611611611039e+00 6.980693617606974211e-02 6.978023202674203673e-02
1.583583583583584087e+00 7.032124003634052101e-02 7.029310543998451566e-02
1.555555555555555358e+00 7.086374549904006503e-02 7.083409669292194122e-02
1.527527527527528406e+00 7.143596992590982298e-02 7.140471920180160859e-02
1.499499499499499677e+00 7.203951820822893093e-02 7.200657413375022298e-02
1.471471471471470949e+00 7.267608637256908755e-02 7.264135416109082644e-02
1.443443443443443996e+00 7.334746478169951178e-02 7.331084685158011094e-02
1.415415415415415268e+00 7.405554072440963254e-02 7.401693751462266879e-02
1.387387387387388316e+00 7.480230012466321243e-02 7.476161124745372977e-02
1.359359359359359587e+00 7.558982801892508152e-02 7.554695384730077123e-02
1.331331331331330858e+00 7.642030734148919091e-02 7.637515116235878143e-02
1.303303303303303906e+00 7.729601542107997214e-02 7.724848632288947026e-02
1.275275275275275177e+00 7.821931741618902423e-02 7.816933412744318799e-02
1.247247247247248225e+00 7.919265568928599008e-02 7.914015164540767755e-02
1.219219219219219497e+00 8.021853382961668943e-02 8.016346382284604555e-02
1.191191191191190768e+00 8.129949366369235153e-02 8.124184252784361071e-02
1.163163163163163816e+00 8.243808312157635543e-02 8.237787702454288374e-02
1.135135135135135087e+00 8.363681223154569022e-02 8.357413329782149847e-02
1.107107107107106359e+00 8.489809376737540714e-02 8.483309893482768316e-02
1.079079079079079406e+00 8.622416413663505641e-02 8.615710937269269176e-02
1.051051051051050678e+00 8.761697895627033883e-02 8.754825020699225080e-02
1.023023023023023725e+00 8.907807636367981452e-02 8.900822887084110235e-02
9.949949949949949968e-01 9.060839942729807805e-02 9.053820739599795220e-02
9.669669669669662682e-01 9.220806704255968267e-02 9.213858597187510324e-02
9.389389389389393159e-01 9.387608038334804839e-02 9.380872469078402331e-02
9.109109109109105873e-01 9.560994922730267631e-02 9.554658828330025999e-02
8.828828828828836350e-01 9.740521906614758862e-02 9.734829557478297257e-02
8.548548548548549064e-01 9.925487528819212923e-02 9.920755161577110570e-02
8.268268268268261778e-01 1.011485937549481962e-01 1.011149351660995815e-01
7.987987987987992256e-01 1.030717960731821342e-01 1.030570058010066847e-01
7.707707707707704969e-01 1.050044509768803397e-01 1.050151806170805946e-01
7.427427427427435447e-01 1.069195405435185570e-01 1.069643071659527045e-01
7.147147147147148161e-01 1.087810875968187041e-01 1.088708261342621469e-01
6.866866866866860875e-01 1.105416370627988754e-01 1.106903829992906818e-01
6.586586586586591352e-01 1.121391360689796557e-01 1.123647410675074343e-01
6.306306306306304066e-01 1.134933216059459821e-01 1.138179279469814231e-01
6.026026026026034543e-01 1.145020704365782294e-01 1.149518021968565229e-01
5.745745745745747257e-01 1.150387658751999415e-01 1.156417538190938482e-01
5.465465465465459971e-01 1.149526357770933177e-01 1.157341271524518350e-01
5.185185185185190448e-01 1.140751062721772069e-01 1.150482182606160364e-01
4.904904904904903162e-01 1.122358816724378372e-01 1.133872774564483182e-01
4.624624624624633640e-01 1.092912286723331655e-01 1.105641546722760521e-01
4.344344344344346354e-01 1.051621681885940990e-01 1.064456308203969581e-01
4.064064064064059068e-01 9.987267860485862792e-02 1.010108621519284766e-01
3.783783783783789545e-01 9.357253291104299098e-02 9.440291584192068985e-02
3.503503503503502259e-01 8.653176466913596598e-02 8.693982953777101841e-02
3.223223223223232736e-01 7.910407217521807366e-02 7.906342620319786740e-02
2.942942942942945450e-01 7.166887362351989643e-02 7.124178961086183315e-02
2.662662662662658164e-01 6.457014414176814876e-02 6.387239968233900111e-02
2.382382382382388641e-01 5.807099653335438816e-02 5.722692308342977596e-02
2.102102102102101355e-01 5.233525963209630094e-02 5.144618212901225923e-02
1.821821821821831833e-01 4.743501298004469680e-02 4.656768816112914766e-02
1.541541541541544547e-01 4.337383403290807904e-02 4.256310510457129992e-02
1.261261261261257260e-01 4.011392344367849250e-02 3.937116642208099426e-02
9.809809809809877379e-02 3.759929659554527015e-02 3.692102834774668024e-02
7.007007007007004518e-02 3.577225345337407131e-02 3.514662918286429183e-02
4.204204204204131656e-02 3.458359804770092666e-02 3.399455392046307756e-02
1.401401401401436431e-02 3.399830316224421861e-02 3.342788939371530571e-02
-1.401401401401436431e-02 3.399830316224425331e-02 3.342788939371526408e-02
-4.204204204204131656e-02 3.458359804770096829e-02 3.399455392046317470e-02
-7.007007007007004518e-02 3.577225345337411294e-02 3.514662918286444449e-02
-9.809809809809877379e-02 3.759929659554533954e-02 3.692102834774665249e-02
-1.261261261261257260e-01 4.011392344367847862e-02 3.937116642208102202e-02
-1.541541541541544547e-01 4.337383403290813455e-02 4.256310510457136931e-02
-1.821821821821814069e-01 4.743501298004473149e-02 4.656768816112889786e-02
-2.102102102102101355e-01 5.233525963209630788e-02 5.144618212901273802e-02
-2.382382382382388641e-01 5.807099653335442285e-02 5.722692308342962331e-02
-2.662662662662658164e-01 6.457014414176810713e-02 6.387239968233895948e-02
-2.942942942942945450e-01 7.166887362351982704e-02 7.124178961086190254e-02
-3.223223223223214973e-01 7.910407217521815693e-02 7.906342620319728454e-02
-3.503503503503502259e-01 8.653176466913607701e-02 8.693982953777130984e-02
-3.783783783783789545e-01 9.357253291104304649e-02 9.440291584192136987e-02
-4.064064064064059068e-01 9.987267860485868343e-02 1.010108621519285321e-01
-4.344344344344346354e-01 1.051621681885940018e-01 1.064456308203967361e-01
-4.624624624624615876e-01 1.092912286723329157e-01 1.105641546722754553e-01
-4.904904904904903162e-01 1.122358816724375041e-01 1.133872774564479158e-01
-5.185185185185190448e-01 1.140751062721769155e-01 1.150482182606159115e-01
-5.465465465465459971e-01 1.149526357770930957e-01 1.157341271524515020e-01
-5.745745745745747257e-01 1.150387658751998304e-01 1.156417538190938066e-01
-6.026026026026016780e-01 1.145020704365781183e-01 1.149518021968563009e-01
-6.306306306306304066e-01 1.134933216059460098e-01 1.138179279469816035e-01
-6.586586586586591352e-01 1.121391360689798083e-01 1.123647410675074343e-01
-6.866866866866860875e-01 1.105416370627991529e-01 1.106903829992909316e-01
-7.147147147147148161e-01 1.087810875968188845e-01 1.088708261342628408e-01
-7.427427427427417683e-01 1.069195405435187374e-01 1.069643071659529820e-01
-7.707707707707704969e-01 1.050044509768804646e-01 1.050151806170803032e-01
-7.987987987987992256e-01 1.030717960731820648e-01 1.030570058010065460e-01
-8.268268268268261778e-01 1.011485937549478908e-01 1.011149351660997342e-01
-8.548548548548549064e-01 9.925487528819185168e-02 9.920755161577068937e-02
-8.828828828828836350e-01 9.740521906614733882e-02 9.734829557478227868e-02
-9.109109109109105873e-01 9.560994922730237100e-02 9.554658828330003795e-02
-9.389389389389393159e-01 9.387608038334782634e-02 9.380872469078396780e-02
-9.669669669669662682e-01 9.220806704255955777e-02 9.213858597187488120e-02
-9.949949949949949968e-01 9.060839942729799479e-02 9.053820739599796608e-02
-1.023023023023023725e+00 8.907807636367973125e-02 8.900822887084090806e-02
-1.051051051051050678e+00 8.761697895627025556e-02 8.754825020699225080e-02
-1.079079079079079406e+00 8.622416413663497314e-02 8.615710937269269176e-02
-1.107107107107106359e+00 8.489809376737530999e-02 8.483309893482748887e-02
-1.135135135135135087e+00 8.363681223154557920e-02 8.357413329782151235e-02
-1.163163163163163816e+00 8.243808312157627216e-02 8.237787702454256455e-02
-1.191191191191190768e+00 8.129949366369229602e-02 8.124184252784361071e-02
-1.219219219219219497e+00 8.021853382961662005e-02 8.016346382284614269e-02
-1.247247247247246449e+00 7.919265568928599008e-02 7.914015164540766367e-02
-1.275275275275275177e+00 7.821931741618901035e-02 7.816933412744311860e-02
-1.303303303303303906e+00 7.729601542107995826e-02 7.724848632288947026e-02
-1.331331331331330858e+00 7.642030734148927418e-02 7.637515116235869816e-02
-1.359359359359359587e+00 7.558982801892517867e-02 7.554695384730086838e-02
-1.387387387387386539e+00 7.480230012466339284e-02 7.476161124745422937e-02
-1.415415415415415268e+00 7.405554072440989621e-02 7.401693751462265491e-02
-1.443443443443443996e+00 7.334746478169976158e-02 7.331084685158048564e-02
-1.471471471471470949e+00 7.267608637256925408e-02 7.264135416109124277e-02
-1.499499499499499677e+00 7.203951820822911134e-02 7.200657413375025073e-02
-1.527527527527526630e+00 7.143596992590993400e-02 7.140471920180163634e-02
-1.555555555555555358e+00 7.086374549904009279e-02 7.083409669292199673e-02
-1.583583583583584087e+00 7.032124003634056264e-02 7.029310543998455729e-02
-1.611611611611611039e+00 6.980693617606978374e-02 6.978023202674202286e-02
-1.639639639639639768e+00 6.931940023125363060e-02 6.929404682025258611e-02
-1.667667667667666720e+00 6.885727820265999388e-02 6.883319990044776959e-02
-1.695695695695695449e+00 6.841929174912535216e-02 6.839641696884113387e-02
-1.723723723723724177e+00 6.800423418097706341e-02 6.798249529701644311e-02
-1.751751751751751129e+00 6.761096652457512790e-02 6.759029975906882814e-02
-1.779779779779779858e+00 6.723841369246524868e-02 6.721875897951114232e-02
-1.807807807807806810e+00 6.688556078324214837e-02 6.686686161843807819e-02
-1.835835835835835539e+00 6.655144952726263496e-02 6.653365280829177941e-02
-1.863863863863864268e+00 6.623517488827199151e-02 6.621823075090092769e-02
-1.891891891891891220e+00 6.593588182639348316e-02 6.591974347917128885e-02
-1.919919919919919948e+00 6.565276222451453536e-02 6.563738578455782791e-02
-1.947947947947948677e+00 6.538505197743227360e-02 6.537039630904559195e-02
-1.975975975975975629e+00 6.513202824109616540e-02 6.511805479889705428e-02
-2.004004004004002581e+00 6.489300683798131242e-02 6.487967951548959111e-02
-2.032032032032031310e+00 6.466733981363810557e-02 6.465462479749076175e-02
-2.060060060060060039e+00 6.445441313871325129e-02 6.444227876898357688e-02
-2.088088088088088767e+00 6.425364455035435796e-02 6.424206118732952997e-02
-2.116116116116117496e+00 6.406448152674182328e-02 6.405342142427279672e-02
-2.144144144144142672e+00 6.388639938826441711e-02 6.387583657369515222e-02
-2.172172172172171400e+00 6.371889951881880287e-02 6.370880967942803286e-02
-2.200200200200200129e+00 6.356150770076492151e-02 6.355186807659654602e-02
-2.228228228228228858e+00 6.341377255717772776e-02 6.340456184010151430e-02
-2.256256256256257586e+00 6.327526409518895167e-02 6.326646233400332053e-02
-2.284284284284282762e+00 6.314557234439102662e-02 6.313716085575923898e-02
-2.312312312312311491e+00 6.302430608450977634e-02 6.301626736948416629e-02
-2.340340340340340219e+00 6.291109165688438254e-02 6.290340932260696238e-02
-2.368368368368368948e+00 6.280557185409604837e-02 6.279823054069517962e-02
-2.396396396396397677e+00 6.270740488261324075e-02 6.270039019587637930e-02
-2.424424424424422853e+00 6.261626339362234839e-02 6.260956184181749873e-02
-2.452452452452451581e+00 6.253183357734184988e-02 6.252543251207019759e-02
-2.480480480480480310e+00 6.245381431623753254e-02 6.244770187765253527e-02
-2.508508508508509038e+00 6.238191639322000770e-02 6.237608145929261771e-02
-2.536536536536537767e+00 6.231586175084184720e-02 6.231029389035481342e-02
-2.564564564564562943e+00 6.225538279768277894e-02 6.225007222672988144e-02
-2.592592592592591672e+00 6.220022175841456724e-02 6.219515930017940203e-02
-2.620620620620620400e+00 6.215013006426280823e-02 6.214530711185719397e-02
-2.648648648648649129e+00 6.210486778079995357e-02 6.210027626295153147e-02
-2.676676676676677857e+00 6.206420307021726090e-02 6.205983541959601835e-02
-2.704704704704703033e+00 6.202791168542987066e-02 6.202376080941560121e-02
-2.732732732732731762e+00 6.199577649358149756e-02 6.199183574726595258e-02
-2.760760760760760490e+00 6.196758702685090103e-02 6.196385018792027743e-02
-2.788788788788789219e+00 6.194313905826783623e-02 6.193960030370965902e-02
-2.816816816816817948e+00 6.192223420056051919e-02 6.191888808594299409e-02
-2.844844844844843124e+00 6.190467952644205379e-02 6.190152096650027025e-02
-2.872872872872871852e+00 6.189028720875992123e-02 6.188731145872942985e-02
-2.900900900900900581e+00 6.187887417893911390e-02 6.187607681732789494e-02
-2.928928928928929309e+00 6.187026180266765041e-02 6.186763871529901704e-02
-2.956956956956958038e+00 6.186427557176996800e-02 6.186182293683897132e-02
-2.984984984984983214e+00 6.186074481111934059e-02 6.185845908514291808e-02
-3.013013013013011943e+00 6.185950239968511510e-02 6.185738030424101780e-02
-3.041041041041040671e+00 6.186038450492057500e-02 6.185842301407478566e-02
-3.069069069069069400e+00 6.186323032979614694e-02 6.186142665812789654e-02
-3.097097097097098128e+00 6.186788187187371862e-02 6.186623346301627080e-02
-3.125125125125123304e+00 6.187418369390236539e-02 6.187268820952077086e-02
-3.153153153153152033e+00 6.188198270549466473e-02 6.188063801462886232e-02
-3.181181181181180762e+00 6.189112795561677732e-02 6.188993212421803336e-02
-3.209209209209209490e+00 6.190147043549446698e-02 6.190042171608937938e-02
-3.237237237237238219e+00 6.191286289151583244e-02 6.191195971362682682e-02
-3.265265265265263395e+00 6.192515964806886986e-02 6.192440060890923997e-02
-3.293293293293292123e+00 6.193821644016892641e-02 6.193760029473568268e-02
-3.321321321321320852e+00 6.195189025566081448e-02 6.195141590698323431e-02
-3.349349349349349581e+00 6.196603918701332203e-02 6.196570567658961359e-02
-3.377377377377378309e+00 6.198052229283531472e-02 6.198032879108628102e-02
-3.405405405405403485e+00 6.199519946896803191e-02 6.199514526567179856e-02
-3.433433433433432214e+00 6.200993132916129275e-02 6.201001582384566696e-02
-3.461461461461460942e+00 6.202457909537047176e-02 6.202480178764682023e-02
-3.489489489489489671e+00 6.203900449773064318e-02 6.203936497755592472e-02
-3.517517517517518399e+00 6.205306968427960757e-02 6.205356762213216221e-02
-3.545545545545547128e+00 6.206663714051069425e-02 6.206727227747264874e-02
-3.573573573573572304e+00 6.207956961884560088e-02 6.208034175659048193e-02
-3.601601601601601033e+00 6.209173007817368750e-02 6.209263906880226058e-02
-3.629629629629629761e+00 6.210298163356001849e-02 6.210402736923043010e-02
-3.657657657657658490e+00 6.211318751604209126e-02 6.211436991877258840e-02
-3.685685685685687218e+00 6.212221104270190114e-02 6.212353005440433840e-02
-3.713713713713712394e+00 6.212991559711109751e-02 6.213137116900081802e-02
-3.741741741741741123e+00 6.213616462016650910e-02 6.213775670210129609e-02
-3.769769769769769852e+00 6.214082161136286198e-02 6.214255014127646748e-02
-3.797797797797798580e+00 6.214375014071256420e-02 6.214561503404963938e-02
-3.825825825825827309e+00 6.214481387123049760e-02 6.214681501038610972e-02
-3.853853853853852485e+00 6.214387659195732411e-02 6.214601381574929445e-02
-3.881881881881881213e+00 6.214080226148590430e-02 6.214307535469095617e-02
-3.909909909909909942e+00 6.213545506192650475e-02 6.213786374491060693e-02
-3.937937937937938671e+00 6.212769946321353848e-02 6.213024338169254729e-02
-3.965965965965967399e+00 6.211740029762256865e-02 6.212007901258909809e-02
-3.993993993993992575e+00 6.210442284432769744e-02 6.210723582218452554e-02
-4.022022022022021304e+00 6.208863292381085197e-02 6.209157952673607234e-02
-4.050050050050050032e+00 6.206989700190993636e-02 6.207297647843623700e-02
-4.078078078078078761e+00 6.204808230309070277e-02 6.205129377910827831e-02
-4.106106106106107489e+00 6.202305693265040137e-02 6.202639940308455474e-02
-4.134134134134132665e+00 6.199469000749615460e-02 6.199816232808837146e-02
-4.162162162162161394e+00 6.196285179505075374e-02 6.196645267453453065e-02
-4.190190190190190123e+00 6.192741385977469648e-02 6.193114185266503785e-02
-4.218218218218218851e+00 6.188824921690801173e-02 6.189210271688128095e-02
-4.246246246246247580e+00 6.184523249281949353e-02 6.184920972670424066e-02
-4.274274274274272756e+00 6.179824009132859480e-02 6.180233911375493383e-02
-4.302302302302301484e+00 6.174715036534535878e-02 6.175136905409199517e-02
-4.330330330330330213e+00 6.169184379313145256e-02 6.169617984521048870e-02
-4.358358358358358942e+00 6.163220315844447628e-02 6.163665408696514941e-02
-4.386386386386387670e+00 6.156811373379299235e-02 6.157267686563468179e-02
-4.414414414414412846e+00 6.149946346599317881e-02 6.150413594032003162e-02
-4.442442442442441575e+00 6.142614316319264939e-02 6.143092193083465186e-02
-4.470470470470470303e+00 6.134804668252591409e-02 6.135292850621132388e-02
-4.498498498498499032e+00 6.126507111745087275e-02 6.127005257296253005e-02
-4.526526526526527761e+00 6.117711698386767150e-02 6.118219446230102609e-02
-4.554554554554552936e+00 6.108408840412364593e-02 6.108925811494485270e-02
-4.582582582582581665e+00 6.098589328797432429e-02 6.099115126291865946e-02
-4.610610610610610394e+00 6.088244350954291617e-02 6.088778560749112667e-02
-4.638638638638639122e+00 6.077365507941619172e-02 6.077907699221594962e-02
-4.666666666666667851e+00 6.065944831095559930e-02 6.066494557014397160e-02
-4.694694694694693027e+00 6.053974797990312184e-02 6.054531596431123042e-02
-4.722722722722721755e+00 6.041448347640380329e-02 6.042011742061568352e-02
-4.750750750750750484e+00 6.028358894859729006e-02 6.028928395222878794e-02
-4.778778778778779213e+00 6.014700343696331025e-02 6.015275447471935683e-02
-4.806806806806807941e+00 6.000467099864482956e-02 6.001047293111140546e-02
-4.834834834834833117e+00 5.985654082102127849e-02 5.986238840614131057e-02
-4.862862862862861846e+00 5.970256732385297027e-02 5.970845522902329394e-02
-4.890890890890890574e+00 5.954271024938539991e-02 5.954863306411103951e-02
-4.918918918918919303e+00 5.937693473983415154e-02 5.938288698887779493e-02
-4.946946946946948032e+00 5.920521140174857255e-02 5.921118755877354672e-02
-4.974974974974973208e+00 5.902751635683910203e-02 5.903351085838510343e-02
-5.003003003003001936e+00 5.884383127891607002e-02 5.884983853859537817e-02
-5.031031031031030665e+00 5.865414341664918624e-02 5.866015783956372159e-02
-5.059059059059059393e+00 5.845844560196511441e-02 5.846446159926263486e-02
-5.087087087087088122e+00 5.825673624396733585e-02 5.826274824743910008e-02
-5.115115115115113298e+00 5.804901930832349205e-02 5.805502178496473042e-02
-5.143143143143142026e+00 5.783530428215664931e-02 5.784129174860647149e-02
-5.171171171171170755e+00 5.761560612455843972e-02 5.762157316134448870e-02
-5.199199199199199484e+00 5.738994520292014373e-02 5.739588646842848363e-02
-5.227227227227228212e+00 5.715834721535446861e-02 5.716425745944803127e-02
-5.255255255255253388e+00 5.692084309955471738e-02 5.692671717677323662e-02
-5.283283283283282117e+00 5.667746892850970136e-02 5.668330181077811669e-02
-5.311311311311310845e+00 5.642826579356110400e-02 5.643405258234573257e-02
-5.339339339339339574e+00 5.617327967534938710e-02 5.617901561320341741e-02
-5.367367367367368303e+00 5.591256130325974322e-02 5.591824178470503059e-02
-5.395395395395393479e+00 5.564616600403301389e-02 5.565178658571460352e-02
-5.423423423423422207e+00 5.537415354025702202e-02 5.537970995032994587e-02
-5.451451451451450936e+00 5.509658793949826633e-02 5.510207608621208591e-02
-5.479479479479479664e+00 5.481353731487450393e-02 5.481895329432343034e-02
-5.507507507507508393e+00 5.452507367790293547e-02 5.453041378091125907e-02
-5.535535535535537122e+00 5.423127274448649032e-02 5.423653346259582619e-02
-5.563563563563562298e+00 5.393221373492516207e-02 5.393739176547208969e-02
-5.591591591591591026e+00 5.362797916886245103e-02 5.363307141912983939e-02
-5.619619619619619755e+00 5.331865465609199328e-02 5.332365824651679603e-02
-5.647647647647648483e+00 5.300432868415681092e-02 5.300924095059771773e-02
-5.675675675675677212e+00 5.268509240368361018e-02 5.268991089874351663e-02
-5.703703703703702388e+00 5.236103941239329818e-02 5.236576190579617096e-02
-5.731731731731731116e+00 5.203226553872265792e-02 5.203689001676385650e-02
-5.759759759759759845e+00 5.169886862598206678e-02 5.170339329006520823e-02
-5.787787787787788574e+00 5.136094831797873017e-02 5.136537158224452337e-02
-5.815815815815817302e+00 5.101860584699326878e-02 5.102292633504053321e-02
-5.843843843843842478e+00 5.067194382498120542e-02 5.067616036577950872e-02
-5.871871871871871207e+00 5.032106603883752804e-02 5.032517766183657731e-02
-5.899899899899899935e+00 4.996607725052893550e-02 4.997008318000488447e-02
-5.927927927927928664e+00 4.960708300283404176e-02 4.961098265152609488e-02
-5.955955955955957393e+00 4.924418943139922261e-02 4.924798239349759132e-02
-5.983983983983982569e+00 4.887750308375397867e-02 4.888118912730504695e-02
-6.012012012012011297e+00 4.850713074586505275e-02 4.851070980466249544e-02
-6.040040040040040026e+00 4.813317927673881058e-02 4.813665144177867172e-02
-6.068068068068068754e+00 4.775575545150983342e-02 4.775912096208145829e-02
-6.096096096096097483e+00 4.737496581337685003e-02 4.737822504786638050e-02
-6.124124124124122659e+00 4.699091653467347973e-02 4.699407000116018196e-02
-6.152152152152151388e+00 4.660371328728976636e-02 4.660676161399755768e-02
-6.180180180180180116e+00 4.621346112258564037e-02 4.621640504826182022e-02
-6.208208208208208845e+00 4.582026436090783778e-02 4.582310472516290534e-02
-6.236236236236237573e+00 4.542422649075250618e-02 4.542696422434574360e-02
-6.264264264264262749e+00 4.502545007758681356e-02 4.502808619277115509e-02
-6.292292292292291478e+00 4.462403668233117654e-02 4.462657226322089971e-02
-6.320320320320320207e+00 4.422008678951348803e-02 4.422252298243337099e-02
-6.348348348348348935e+00 4.381369974510009035e-02 4.381603774888469943e-02
-6.376376376376377664e+00 4.340497370407407629e-02 4.340721476025730802e-02
-6.404404404404402840e+00 4.299400558788336185e-02 4.299615097070420139e-02
-6.432432432432431568e+00 4.258089105194855228e-02 4.258294205809080857e-02
-6.460460460460460297e+00 4.216572446350226600e-02 4.216768240147978491e-02
-6.488488488488489025e+00 4.174859889011719311e-02 4.175046506921066547e-02
-6.516516516516517754e+00 4.132960609936296020e-02 4.133138181802585576e-02
-6.544544544544542930e+00 4.090883657010774277e-02 4.091052310377888551e-02
-6.572572572572571659e+00 4.048637951604432128e-02 4.048797810431959548e-02
-6.600600600600600387e+00 4.006232292204996159e-02 4.006383475520373938e-02
-6.628628628628629116e+00 3.963675359402502041e-02 3.963817979889353721e-02
-6.656656656656657844e+00 3.920975722282345199e-02 3.921109884805405038e-02
-6.684684684684683020e+00 3.878141846282696925e-02 3.878267646365418653e-02
-6.712712712712711749e+00 3.835182102562868095e-02 3.835299624831174647e-02
-6.740740740740740478e+00 3.792104778917387842e-02 3.792214095522133260e-02
-6.768768768768769206e+00 3.748918092252782192e-02 3.749019261290208876e-02
-6.796796796796797935e+00 3.705630202626759850e-02 3.705723266578001690e-02
-6.824824824824823111e+00 3.662249228830437298e-02 3.662334213042389014e-02
-6.852852852852851839e+00 3.618783265472879512e-02 3.618860176701067799e-02
-6.880880880880880568e+00 3.575240401506681043e-02 3.575309226540521884e-02
-6.908908908908909297e+00 3.531628740114154535e-02 3.531689444502416481e-02
-6.936936936936938025e+00 3.487956419856737267e-02 3.488008946747010730e-02
-6.964964964964963201e+00 3.444231636976063937e-02 3.444275906079755784e-02
-6.992992992992991930e+00 3.400462668724916343e-02 3.400498575413982844e-02
-7.021021021021020658e+00 3.356657897598468165e-02 3.356685312137154542e-02
-7.049049049049049387e+00 3.312825836334132995e-02 3.312844603246677816e-02
-7.077077077077078116e+00 3.268975153547661050e-02 3.268985091114769148e-02
-7.105105105105103291e+00 3.225114699872592278e-02 3.225115599758079932e-02
-7.133133133133132020e+00 3.181253534471514127e-02 3.181245161481623118e-02
-7.161161161161160749e+00 3.137400951788231473e-02 3.137383043761810680e-02
-7.189189189189189477e+00 3.093566508404057419e-02 3.093538776241286370e-02
-7.217217217217218206e+00 3.049760049851729660e-02 3.049722177698360737e-02
-7.245245245245243382e+00 3.005991737224746746e-02 3.005943382837206190e-02
-7.273273273273272110e+00 2.962272073392736502e-02 2.962212868719983280e-02
-7.301301301301300839e+00 2.918611928596605634e-02 2.918541480626896459e-02
-7.329329329329329568e+00 2.875022565149941076e-02 2.874940457081235148e-02
-7.357357357357358296e+00 2.831515660915202501e-02 2.831421453717706399e-02
-7.385385385385383472e+00 2.788103331156412817e-02 2.787996565603885479e-02
-7.413413413413412201e+00 2.744798148297237714e-02 2.744678347546290406e-02
-7.441441441441440929e+00 2.701613159036683059e-02 2.701479831832948736e-02
-7.469469469469469658e+00 2.658561898201359727e-02 2.658414542785358242e-02
-7.497497497497498387e+00 2.615658398647088129e-02 2.615496507414934169e-02
-7.525525525525523562e+00 2.572917196467953277e-02 2.572740261427267777e-02
-7.553553553553552291e+00 2.530353330736891809e-02 2.530160849774933801e-02
-7.581581581581581020e+00 2.487982336994296051e-02 2.487773820937272395e-02
-7.609609609609609748e+00 2.445820233721814410e-02 2.445595214130053680e-02
-7.637637637637638477e+00 2.403883501094294939e-02 2.403641538701953295e-02
-7.665665665665667206e+00 2.362189051396683045e-02 2.361929745064857492e-02
-7.693693693693692381e+00 2.320754190622162025e-02 2.320477186637338873e-02
-7.721721721721721110e+00 2.279596570932548860e-02 2.279301572449213276e-02
-7.749749749749749839e+00 2.238734133858630987e-02 2.238420910257447535e-02
-7.777777777777778567e+00 2.198185044340409192e-02 2.197853440253887819e-02
-7.805805805805807296e+00 2.157967615948092402e-02 2.157617559695268472e-02
-7.833833833833832472e+00 2.118100227875714323e-02 2.117731739046228162e-02
-7.861861861861861200e+00 2.078601234550432608e-02 2.078214430487629674e-02
-7.889889889889889929e+00 2.039488868942828173e-02 2.039083969895557832e-02
-7.917917917917918658e+00 2.000781140887785553e-02 2.000358473627478900e-02
-7.945945945945947386e+00 1.962495731919471423e-02 1.962055731657245949e-02
-7.973973973973972562e+00 1.924649888282176785e-02 1.924193098771014715e-02
-8.002002002002001291e+00 1.887260313893298139e-02 1.886787385646060064e-02
-8.030030030030030019e+00 1.850343065098776149e-02 1.849854751709084991e-02
-8.058058058058058748e+00 1.813913449070314945e-02 1.813410601683084628e-02
-8.086086086086087477e+00 1.777985927648904549e-02 1.777469487684636695e-02
-8.114114114114112652e+00 1.742574028337364606e-02 1.742045018628707656e-02
-8.142142142142141381e+00 1.707690263989764673e-02 1.707149778539009816e-02
-8.170170170170170110e+00 1.673346062543609042e-02 1.672795255151383192e-02
-8.198198198198198838e+00 1.639551707898413355e-02 1.638991779945087046e-02
-8.226226226226227567e+00 1.606316292771348825e-02 1.605748480453857846e-02
-8.254254254254252743e+00 1.573647684068309877e-02 1.573073245402729914e-02
-8.282282282282281471e+00 1.541552501008318019e-02 1.540972702903685605e-02
-8.310310310310310200e+00 1.510036105942927365e-02 1.509452211636188625e-02
-8.338338338338338929e+00 1.479102607531612712e-02 1.478515864645128797e-02
-8.366366366366367657e+00 1.448754875678466558e-02 1.448166505126903536e-02
-8.394394394394392833e+00 1.418994567412707776e-02 1.418405753346156997e-02
-8.422422422422421562e+00 1.389822162713787168e-02 1.389234043637953969e-02
-8.450450450450450290e+00 1.361237009141766895e-02 1.360650670307395407e-02
-8.478478478478479019e+00 1.333237374038573862e-02 1.332653841150525584e-02
-8.506506506506507748e+00 1.305820503014152104e-02 1.305240737266803036e-02
-8.534534534534532924e+00 1.278982683420970892e-02 1.278407577830192529e-02
-8.562562562562561652e+00 1.252719311545172354e-02 1.252149688515844309e-02
-8.590590590590590381e+00 1.227024962299278800e-02 1.226461572341489004e-02
-8.618618618618619109e+00 1.201893460282403223e-02 1.201336981771532197e-02
-8.646646646646647838e+00 1.177317951174150501e-02 1.176768991037335614e-02
-8.674674674674673014e+00 1.153290972541533635e-02 1.152750067745815683e-02
-8.702702702702701743e+00 1.129804523258379559e-02 1.129272142974580180e-02
-8.730730730730730471e+00 1.106850130859299806e-02 1.106326679178404847e-02
-8.758758758758759200e+00 1.084418916271860829e-02 1.083904735355761123e-02
-8.786786786786787928e+00 1.062501655486056476e-02 1.061997029041937199e-02
-8.814814814814813104e+00 1.041088837828265529e-02 1.040593994808620450e-02
-8.842842842842841833e+00 1.020170720605918270e-02 1.019685839045558241e-02
-8.870870870870870561e+00 9.997373799774516082e-03 9.992625908894502834e-03
-8.898898898898899290e+00 9.797787579788296008e-03 9.793141492440246565e-03
-8.926926926926928019e+00 9.602847057042004225e-03 9.598303258996044099e-03
-8.954954954954953195e+00 9.412450226937062181e-03 9.408008848155111070e-03
-8.982982982982981923e+00 9.226494926263281368e-03 9.222155776724125231e-03
-9.011011011011010652e+00 9.044879154513244673e-03 9.040641758369782205e-03
-9.039039039039039380e+00 8.867501361190280665e-03 8.863364989071345970e-03
-9.067067067067068109e+00 8.694260700915792950e-03 8.690224400245855421e-03
-9.095095095095093285e+00 8.525057258272966329e-03 8.521119881540289293e-03
-9.123123123123122014e+00 8.359792244400339814e-03 8.355952475351695330e-03
-9.151151151151150742e+00 8.198368167381019783e-03 8.194624545155650835e-03
-9.179179179179179471e+00 8.040688978464763034e-03 8.037039919708213395e-03
-9.207207207207208199e+00 7.886660196123117944e-03 7.883104015149258736e-03
-9.235235235235233375e+00 7.736189009876092218e-03 7.732723936958996874e-03
-9.263263263263262104e+00 7.589184365749795588e-03 7.585808563643469012e-03
-9.291291291291290833e+00 7.445557035132023375e-03 7.442268613920521338e-03
-9.319319319319319561e+00 7.305219668692533586e-03 7.302016699076737186e-03
-9.347347347347348290e+00 7.168086836928329320e-03 7.164967362060393335e-03
-9.375375375375373466e+00 7.034075058786786079e-03 7.031037104761545323e-03
-9.403403403403402194e+00 6.903102819711093643e-03 6.900144404822450284e-03
-9.431431431431430923e+00 6.775090580346282421e-03 6.772209723212800798e-03
-9.459459459459459651e+00 6.649960777041155277e-03 6.647155503698271538e-03
-9.487487487487488380e+00 6.527637815181451184e-03 6.524906165236347630e-03
-9.515515515515513556e+00 6.408048056296265782e-03 6.405388088235904401e-03
-9.543543543543542285e+00 6.291119799791347264e-03 6.288529595523928081e-03
-9.571571571571571013e+00 6.176783260078852478e-03 6.174260928786873791e-03
-9.599599599599599742e+00 6.064970539796102171e-03 6.062514221173686754e-03
-9.627627627627628470e+00 5.955615599734988275e-03 5.953223466673872831e-03
-9.655655655655657199e+00 5.848654226036986876e-03 5.846324486822152867e-03
-9.683683683683682375e+00 5.744023995147913737e-03 5.741754895218350793e-03
-9.711711711711711104e+00 5.641664236971990001e-03 5.639454060296866800e-03
-9.739739739739739832e+00 5.541515996613471766e-03 5.539363066728323660e-03
-9.767767767767768561e+00 5.443521995049225085e-03 5.441424675794257620e-03
-9.795795795795797289e+00 5.347626589033271233e-03 5.345583285029560823e-03
-9.823823823823822465e+00 5.253775730497717462e-03 5.251784887397116519e-03
-9.851851851851851194e+00 5.161916925680435850e-03 5.159977030217101010e-03
-9.879879879879879923e+00 5.071999194179624415e-03 5.070108774050550472e-03
-9.907907907907908651e+00 4.983973028108251886e-03 4.982130651707850424e-03
-9.935935935935937380e+00 4.897790351497272217e-03 4.895994627525502782e-03
-9.963963963963962556e+00 4.813404480074614036e-03 4.811654057040253007e-03
-9.991991991991991284e+00 4.730770081528240349e-03 4.729063647162202663e-03
-1.002002002002002001e+01 4.649843136344032277e-03 4.648179416937262172e-03
-1.004804804804804874e+01 4.570580899294128183e-03 4.568958658975978519e-03
-1.007607607607607747e+01 4.492941861638215933e-03 4.491359901604467623e-03
-1.010410410410410265e+01 4.416885714088740131e-03 4.415342871790729935e-03
-1.013213213213213137e+01 4.342373310579618513e-03 4.340868458882641417e-03
-1.016016016016016010e+01 4.269366632870246793e-03 4.267898679189882291e-03
-1.018818818818818883e+01 4.197828756007777017e-03 4.196396641430370431e-03
-1.021621621621621756e+01 4.127723814663845740e-03 4.126326513057611625e-03
-1.024424424424424274e+01 4.059016970356254909e-03 4.057653487478381053e-03
-1.027227227227227146e+01 3.991674379560704658e-03 3.990343752162985036e-03
-1.030030030030030019e+01 3.925663162712800941e-03 3.924364457651922933e-03
-1.032832832832832892e+01 3.860951374097360781e-03 3.859683687452618740e-03
-1.035635635635635765e+01 3.797507972618323433e-03 3.796270428818097377e-03
-1.038438438438438283e+01 3.735302793439949400e-03 3.734094544401179820e-03
-1.041241241241241156e+01 3.674306520487295637e-03 3.673126744767799597e-03
-1.044044044044044028e+01 3.614490659792708900e-03 3.613338561760050163e-03
-1.046846846846846901e+01 3.555827513672594163e-03 3.554702322689351664e-03
-1.049649649649649774e+01 3.498290155718100560e-03 3.497191125345161956e-03
-1.052452452452452292e+01 3.441852406581857177e-03 3.440778813800606135e-03
-1.055255255255255165e+01 3.386488810542124302e-03 3.385439954995335919e-03
-1.058058058058058037e+01 3.332174612825510637e-03 3.331149816078830643e-03
-1.060860860860860910e+01 3.278885737668585550e-03 3.277884342490687726e-03
-1.063663663663663783e+01 3.226598767098436647e-03 3.225620136762093627e-03
-1.066466466466466301e+01 3.175290920412017319e-03 3.174334438015978532e-03
-1.069269269269269174e+01 3.124940034334633323e-03 3.124005102144594009e-03
-1.072072072072072046e+01 3.075524543837016705e-03 3.074610582646734869e-03
-1.074874874874874919e+01 3.027023463591199497e-03 3.026129912103765578e-03
-1.077677677677677792e+01 2.979416370045588711e-03 2.978542684274009672e-03
-1.080480480480480310e+01 2.932683384099546604e-03 2.931829036786893355e-03
-1.083283283283283183e+01 2.886805154358672645e-03 2.885969634416540950e-03
-1.086086086086086056e+01 2.841762840951527879e-03 2.840945652916523900e-03
-1.088888888888888928e+01 2.797538099889761414e-03 2.796738763399396217e-03
-1.091691691691691801e+01 2.754113067953097016e-03 2.753331117238287142e-03
-1.094494494494494319e+01 2.711470348082050709e-03 2.710705331478058429e-03
-1.097297297297297192e+01 2.669592995260786257e-03 2.668844474733220694e-03
-1.100100100100100065e+01 2.628464502873695870e-03 2.627732053561290630e-03
-1.102902902902902937e+01 2.588068789519099629e-03 2.587351999293073957e-03
-1.105705705705705810e+01 2.548390186264814974e-03 2.547688655302836509e-03
-1.108508508508508328e+01 2.509413424329971602e-03 2.508726764705074622e-03
-1.111311311311311201e+01 2.471123623178034332e-03 2.470451458461799150e-03
-1.114114114114114074e+01 2.433506279006821330e-03 2.432848243887075941e-03
-1.116916916916916946e+01 2.396547253621717551e-03 2.395902993533386739e-03
-1.119719719719719819e+01 2.360232763678362603e-03 2.359601934446771496e-03
-1.122522522522522337e+01 2.324549370281641693e-03 2.323931637779554863e-03
-1.125325325325325210e+01 2.289483968928747708e-03 2.288879008745022675e-03
-1.128128128128128083e+01 2.255023779784129725e-03 2.254431276903472690e-03
-1.130930930930930955e+01 2.221156338274071253e-03 2.220575986768918118e-03
-1.133733733733733828e+01 2.187869485990126452e-03 2.187300988723680280e-03
-1.136536536536536346e+01 2.155151361890039752e-03 2.154594430229262499e-03
-1.139339339339339219e+01 2.122990393785778238e-03 2.122444747325298239e-03
-1.142142142142142092e+01 2.091375290108315761e-03 2.090840656403037453e-03
-1.144944944944944965e+01 2.060295031939647289e-03 2.059771146247612282e-03
-1.147747747747747837e+01 2.029738865302291306e-03 2.029225470336367028e-03
-1.150550550550550355e+01 1.999696293697463510e-03 1.999193139385921011e-03
-1.153353353353353228e+01 1.970157070882839253e-03 1.969663914138518324e-03
-1.156156156156156101e+01 1.941111193881709870e-03 1.940627798378898906e-03
-1.158958958958958974e+01 1.912548896215105626e-03 1.912075032174491429e-03
-1.161761761761761846e+01 1.884460641349073153e-03 1.883996085330720115e-03
-1.164564564564564719e+01 1.856837116349810066e-03 1.856381651052900006e-03
-1.167367367367367237e+01 1.829669225739052147e-03 1.829222639808355090e-03
-1.170170170170170110e+01 1.802948085542848593e-03 1.802510173382583037e-03
-1.172972972972972983e+01 1.776665017526955119e-03 1.776235579120702271e-03
-1.175775775775775855e+01 1.750811543612514499e-03 1.750390384349702561e-03
-1.178578578578578728e+01 1.725379380465145909e-03 1.724966310973433071e-03
-1.181381381381381246e+01 1.700360434252138090e-03 1.699955270236151120e-03
-1.184184184184184119e+01 1.675746795561458167e-03 1.675349357645741603e-03
-1.186986986986986992e+01 1.651530734477193920e-03 1.651140848055661012e-03
-1.189789789789789864e+01 1.627704695805958206e-03 1.627322190896305547e-03
-1.192592592592592737e+01 1.604261294449393308e-03 1.603886005552110534e-03
-1.195395395395395255e+01 1.581193310917322322e-03 1.580825076879972986e-03
-1.198198198198198128e+01 1.558493686976994159e-03 1.558132350862915377e-03
-1.201001001001001001e+01 1.536155521433836199e-03 1.535800930395306730e-03
-1.203803803803803874e+01 1.514172066039162030e-03 1.513824071194664733e-03
-1.206606606606606746e+01 1.492536721520331582e-03 1.492195177836320953e-03
-1.209409409409409264e+01 1.471243033729762156e-03 1.470907799906603659e-03
-1.212212212212212137e+01 1.450284689908381977e-03 1.449955628268762703e-03
-1.215015015015015010e+01 1.429655515059807466e-03 1.429332491442459599e-03
-1.217817817817817883e+01 1.409349468431532557e-03 1.409032352087761673e-03
-1.220620620620620755e+01 1.389360640099686220e-03 1.389049303593450132e-03
-1.223423423423423273e+01 1.369683247653604666e-03 1.369377566765227813e-03
-1.226226226226226146e+01 1.350311632977207413e-03 1.350011486609530801e-03
-1.229029029029029019e+01 1.331240259123968404e-03 1.330945529212053781e-03
-1.231831831831831892e+01 1.312463707282148688e-03 1.312174278705773890e-03
-1.234634634634634764e+01 1.293976673827832140e-03 1.293692434327254649e-03
-1.237437437437437282e+01 1.275773967462649500e-03 1.275494807556129453e-03
-1.240240240240240155e+01 1.257850506433197922e-03 1.257576319337948495e-03
-1.243043043043043028e+01 1.240201315829776415e-03 1.239931997386141665e-03
-1.245845845845845901e+01 1.222821524962190275e-03 1.222556973558515132e-03
-1.248648648648648773e+01 1.205706364809354999e-03 1.205446481310147979e-03
-1.251451451451451291e+01 1.188851165540900532e-03 1.188595853218198974e-03
-1.254254254254254164e+01 1.172251354108525510e-03 1.172000518573771679e-03
-1.257057057057057037e+01 1.155902451904727932e-03 1.155656001043868682e-03
-1.259859859859859910e+01 1.139800072486499716e-03 1.139557916396640022e-03
-1.262662662662662783e+01 1.123939919362488280e-03 1.123701970291160739e-03
-1.265465465465465300e+01 1.108317783841111098e-03 1.108083956127057026e-03
-1.268268268268268173e+01 1.092929542938098856e-03 1.092699752953714496e-03
-1.271071071071071046e+01 1.077771157341232428e-03 1.077545323436983208e-03
-1.273873873873873919e+01 1.062838669430881799e-03 1.062616711881577943e-03
-1.276676676676676792e+01 1.048128201354491407e-03 1.047910042306829685e-03
-1.279479479479479309e+01 1.033635953153225597e-03 1.033421516575303446e-03
-1.282282282282282182e+01 1.019358200939317208e-03 1.019147412571762973e-03
-1.285085085085085055e+01 1.005291295122596670e-03 1.005084082430653938e-03
-1.287887887887887928e+01 9.914316586844035446e-04 9.912279508120359992e-04
-1.290690690690690801e+01 9.777757854977911153e-04 9.775755132232269960e-04
-1.293493493493493318e+01 9.643202386925651265e-04 9.641233343843369497e-04
-1.296296296296296191e+01 9.510616490633463710e-04 9.508680466387018021e-04
-1.299099099099099064e+01 9.379967135201604592e-04 9.378063484045235602e-04
-1.301901901901901937e+01 9.251221935797542331e-04 9.249350026659431973e-04
-1.304704704704704810e+01 9.124349138963296513e-04 9.122508355072967865e-04
-1.307507507507507327e+01 8.999317608307053767e-04 8.997507346823059278e-04
-1.310310310310310200e+01 8.876096810570529086e-04 8.874316482215787848e-04
-1.313113113113113073e+01 8.754656802053293121e-04 8.752905830764019703e-04
-1.315915915915915946e+01 8.634968215391538183e-04 8.633246037976808566e-04
-1.318718718718718819e+01 8.517002246676593077e-04 8.515308312486786959e-04
-1.321521521521521336e+01 8.400730642904718094e-04 8.399064413514281333e-04
-1.324324324324324209e+01 8.286125689749120537e-04 8.284486638641065572e-04
-1.327127127127127082e+01 8.173160199642579005e-04 8.171547811904650207e-04
-1.329929929929929955e+01 8.061807500162750887e-04 8.060221272198820784e-04
-1.332732732732732828e+01 7.952041422713589580e-04 7.950480861954081465e-04
-1.335535535535535345e+01 7.843836291490042037e-04 7.842300916115132071e-04
-1.338338338338338218e+01 7.737166912722073667e-04 7.735656251395265541e-04
-1.341141141141141091e+01 7.632008564187638252e-04 7.630522155786907072e-04
-1.343943943943943964e+01 7.528336984988177666e-04 7.526874378358978934e-04
-1.346746746746746837e+01 7.426128365577887780e-04 7.424689119281909812e-04
-1.349549549549549354e+01 7.325359338040797214e-04 7.323943020117826969e-04
-1.352352352352352227e+01 7.226006966607166366e-04 7.224613154343821533e-04
-1.355155155155155100e+01 7.128048738404442735e-04 7.126677018101446656e-04
-1.357957957957957973e+01 7.031462554434265901e-04 7.030112521190826861e-04
-1.360760760760760846e+01 6.936226720770930550e-04 6.934897978268289489e-04
-1.363563563563563363e+01 6.842319939974973644e-04 6.841012100266944968e-04
-1.366366366366366236e+01 6.749721302714579291e-04 6.748433986027142610e-04
-1.369169169169169109e+01 6.658410279591124798e-04 6.657143114121664290e-04
-1.371971971971971982e+01 6.568366713160645300e-04 6.567119334888851844e-04
-1.374774774774774855e+01 6.479570810148944492e-04 6.478342862651015940e-04
-1.377577577577577728e+01 6.392003133853073208e-04 6.390794268114551816e-04
-1.380380380380380245e+01 6.305644596722861451e-04 6.304454470968637488e-04
-1.383183183183183118e+01 6.220476453121239705e-04 6.219304732642306783e-04
-1.385985985985985991e+01 6.136480292256745643e-04 6.135326649237796311e-04
-1.388788788788788864e+01 6.053638031281139645e-04 6.052502144642903960e-04
-1.391591591591591737e+01 5.971931908552225625e-04 5.970813463792080424e-04
-1.394394394394394254e+01 5.891344477053482185e-04 5.890243166090612919e-04
-1.397197197197197127e+01 5.851055060156127013e-04 5.810774118997731261e-04
-1.400000000000000000e+01 5.811135592277476237e-04 5.732389491744083448e-04
