0.004 19258.895771524 305704.7064137997 8708.586471548864 19258.89577152399 305704.706413803 651788.6007206645 651788.6007206645 0.0006324555320336759 48719.41671441816 348157.851284255 11944.57067603053 48719.41671441818 581898.9728407305 1282204.650192255 761051.2369124654 5e-05 793068.6455176782 470866.0273604081 -36729.79683884783 793068.6455176771 8537061.981913524 18637431.98743135 851632.1469191355 
-720874.1305194825 393758.4914229639 427325.6932864178 -49447.9027752088 -46700.64583833978 -17813.05298007168 -4838.197401958707 -3875.61528490149 -3186.006616705284 1708.752420328211 -660.7903380653684 51.80583436361377 -123.7987871256948 
-298619.2987483591 139040.5974247596 128085.6280271025 38073.93480748691 12614.67599085488 -8138.152550687798 -9912.855359012088 -6109.630311448713 -3536.326370004469 1921.456236779753 -599.3307025868259 481.2517500133902 -4.271240200016365 
-298664.4596819232 138366.5703980589 128489.464493464 38315.36331785682 12867.65665895436 -8384.261532548011 -9903.990654119583 -5767.683498875156 -3944.055500565695 2040.917928388753 -755.8108630874827 500.1677141294908 -18.53073250447784 
-720865.1482679697 393783.1728032407 427468.2326588854 -49940.47141682723 -47523.84049770422 -17951.02646145981 -4631.179195452714 -2527.526114975728 -1625.400417074951 1665.448933085549 -2038.238055007763 804.906831638753 270.6747627993138 
-1103464.767908241 895388.0106860213 423912.8301321768 -338524.3797373666 -41482.19755761091 38617.32399725029 13305.01007648922 -199.7842945545123 -857.7695687323006 -464.2229025339083 -79.58656172276866 471.3737153467111 -192.4615102266032 
-489746.5265508477 396091.0268903142 155440.0210517084 -95985.89263879517 -22669.90941349916 -3120.4849310546 3174.505389465286 3345.497267708912 1192.005410182142 -818.5788136015127 85.32643742791544 297.1157600251507 226.4591598095395 
-487284.0926034517 394094.3071305713 154846.3270076255 -96043.9006933294 -22559.98130272082 -2906.453979784284 3363.94796992906 3336.49490120383 1381.429299371663 -1504.007455113595 -792.3878075997582 182.2358261754396 -358.1495046660334 
-1103036.271274798 894165.0531805891 425510.3791020638 -338923.7598642656 -41823.05758645263 40167.17492212918 11887.89283359365 -866.4161690400697 -374.732944656023 -1221.60087343612 -464.5486281339839 471.2079688577302 -90.92015825631427 
-1908890.02811934 1739031.903535176 381672.1240269874 -695223.4566452878 125802.2952947398 155517.3539623214 -33537.59786033569 -31551.93062081046 2366.250719802785 -4982.376432974648 -1997.96375924611 74.2656602379289 1229.45815549637 
-920060.9909564031 843431.7662587629 157389.6527545201 -298638.7879845538 46155.84698978458 54548.46968992776 4478.368528758105 -15013.05969413584 -1166.584657266279 -616.7553207204093 174.7309242713688 1576.429767135998 2264.264321040312 
-912837.4689792043 836130.823970024 158162.8218755893 -296957.0238236419 45375.16757991489 53720.51315528047 5286.808904939061 -15520.87531352604 -1552.825437202727 -50.92892540969547 1654.964071538119 390.7819653393966 218.8556147535355 
-1931652.566063814 1760340.417244777 385224.2637398542 -703324.2187121781 129245.7947627848 154196.9540706343 -34348.94966004314 -30449.55379726819 4008.040083528303 -2338.927969300621 489.9236241642176 1515.204255953133 3550.012059926096 
