0.004 10886.02125895282 185478.3072295818 5001.421902996205 10886.02125895279 185478.3072295802 393808.6548216798 393808.6548216798 0.00058309518948453 21236.92313461602 209614.5845902541 5446.709749098067 21236.92313461602 349087.102585724 754057.4967718835 449466.1662986269 8.500000000000001e-05 545241.9219789328 318568.7762241297 -24373.67960914422 545241.9219789318 5316639.48571709 11709273.37221596 578451.5834052979 
-416167.656204446 210016.6526150456 266956.5680531762 -12569.15803675504 -27003.14780870069 -18712.58589644602 -5478.620462794179 -1694.347587328018 -1013.068837443973 713.5020370406065 -570.6170297328954 102.9923690343654 128.4425780331409 
-195077.4252320734 89327.76939533331 90443.44959934364 23583.97910220062 11074.98927464492 -7169.229682161261 -7730.464840447126 -4406.93244088836 -2558.151818352248 1366.876189496392 -439.541265097289 129.9996730511105 272.3477626151768 
-190558.5373088317 79154.61337464418 94594.52905975279 28459.10775822105 11030.946496315 -7477.171432483444 -7609.251579383245 -4150.690667080443 -2380.392633086183 1558.465952347068 -946.3047098674199 613.28903307773 -176.1185854573271 
-415905.2240467938 210554.4008579066 266762.8368114643 -13576.40226860195 -27068.4614220452 -18872.84536009822 -5550.790148318884 -707.7479372867845 -565.7419821463508 1040.661111240074 -398.2696729148551 629.772061299883 -254.4516743943657 
-631771.0377614961 496751.1852317743 286212.8521983314 -199749.1687242935 -38122.93914980275 18774.34929826592 11834.41195718442 1781.92635509479 -1763.062560155661 1010.984613286161 1135.089076917867 -411.8121517776988 615.4253199820768 
-311104.4115397747 247659.8603313581 112591.9084913344 -66840.263619253 -13561.58881778285 -4915.095183954737 2547.476089955118 2853.721498828259 1078.789104429734 80.2522287713479 223.7589182738062 -87.72972565532267 -347.1071266754352 
-294182.123276463 228279.0807860752 117670.9862034934 -61313.5215155503 -17652.02509291381 -6118.743007232717 2931.696515806491 3048.892417518086 1183.525981206047 -64.60933759888502 417.5591043115076 247.8904403580086 9.315696206475366 
-630577.3311915689 495913.5523863767 285683.0186215913 -199894.8662374099 -37268.16548731652 18156.21849169829 11339.99688183054 2203.144890370358 -1218.334026225371 215.1752656803864 -70.61783245135419 -669.9640423673748 -349.8791988594207 
-1230308.529883399 1096466.586556999 340535.2359988284 -507126.6409898602 65591.01624674519 121579.9609891958 -15540.81964855312 -27791.58080684289 -393.354534109504 -3789.751587760462 -607.035179941298 -1946.353963947441 818.8877736776168 
-668541.6718213956 600136.7945827497 162113.3316340496 -249884.7874301321 35043.61775566886 46635.58953582688 1270.052000417929 -11124.03856369533 -789.2717359599897 2141.126166963337 1302.093398287856 -1139.691753022259 -146.1583550180186 
-579266.0970928317 519511.895404337 141818.4658890129 -212036.3970209036 18089.62380270929 45872.14559169211 5825.413664729861 -10723.99078220125 -4860.870650135444 -447.9790976541394 1619.222409253799 332.8453848852439 544.6107734999216 
-1245372.075724941 1111297.006012969 339178.6533481213 -507803.9145253375 65287.72792111941 118842.4761881792 -12099.2403726331 -24706.53692381659 -4525.87574274268 -1564.328110098557 1529.785136976081 -2945.318676782564 -3331.388141523719 
