0.004 11764.71887399897 204134.4328011477 5445.033120124242 11764.71887399898 204134.4328011487 432960.9480695493 432960.9480695492 0.001058300524425836 35102.77618793063 220924.7328207267 8699.477808325702 35102.77618793063 366492.1614175148 816207.9211175985 487640.1723626418 6.999999999999999e-05 339738.1238393348 380473.403270294 -16619.83363566996 339738.1320944153 5471338.274444931 11607971.84088232 726641.1105786094 
-436716.3392807394 198445.6688199555 294129.3009256175 13658.35351050179 -21101.5324810719 -30215.40123910839 -10849.67662182496 -1262.160292462982 -354.1865664251027 -1328.134755277463 1466.945587953039 -931.6906662489031 129.0843647883293 
-229720.7872097722 96108.31977756 115200.2682194941 33014.50941947434 18630.49549845723 -10623.9554424348 -10962.70920747578 -5989.136737740864 -3403.901810077598 -1157.872721580865 821.5976644416385 -362.915007485932 373.2048583400214 
-226867.9857917966 88342.32467291219 119136.5182309644 38176.33285643339 18491.95360503468 -11289.28804493931 -11970.3766783805 -6242.137551640841 -3355.595342999582 -1800.023665178969 744.672688484358 -284.5871412617003 220.9638895100962 
-436180.5492678621 199413.025858551 293943.4002870154 13547.75803012288 -21047.67323897779 -30481.29317077814 -11681.61468751684 -1540.219023430225 -748.2040531350801 -1237.833819892452 1027.489063005419 -900.7044509437932 921.2971324188948 
-629066.3415885663 474902.9851680367 331430.57413062 -194439.7623302788 -55907.09144148854 7494.475012986159 16602.53089566926 5265.681362840148 -154.8537195194571 -919.3201598348596 158.4532305573874 -17.08207345911916 -449.877468797484 
-335835.4527135862 258163.3177776115 144857.0432138002 -74575.83530885878 -18401.77900087038 -9908.966174095183 2474.513545022287 4777.063542324848 1419.16501052452 672.2065072926124 218.0178160258498 -427.3853749889033 -292.8608804219737 
-325146.9067176722 245984.6573350902 147048.0187851633 -68804.04575929546 -22120.31046437496 -11850.38402837385 3517.498576961149 5010.299017491149 1930.89888313636 166.2548394841985 239.7535371835262 -9.723014443281357 -199.6890837273556 
-629306.7318923017 475819.2154046656 330131.9048163937 -194819.7244814904 -55486.31646284577 7852.476199067671 15942.61722791014 6614.09615853224 -689.0393397427018 -1199.033983703111 442.2340521428614 -247.9982869887139 -615.666976450804 
-1398010.165683642 1211368.815592771 502963.5776597977 -620303.0167307395 32600.09601592283 150505.1536366028 6987.179316513521 -37080.32101022216 -11542.5693525061 7644.753085915047 410.7306527939089 921.1926698401697 -4656.688229567875 
-792102.6005562325 695416.8004689582 250148.021862531 -325160.1470114971 29338.66101507356 57606.18038954152 10584.24287444132 -12298.06699271775 -4524.391120823409 -1373.79201500355 -1266.528589050695 -821.914661496513 -2660.323008030527 
-717950.754681156 629368.3074256578 227619.4260106644 -287160.0289354597 10867.07224273462 58993.54897577509 15492.81753512965 -14860.54514715176 -5035.523692529337 -501.3984047616739 -1294.842275404488 -2663.489030226064 -2498.810695524629 
-1398957.844842907 1215708.078547971 496321.8208847792 -624169.5737610291 42214.90968973466 148235.4699251495 2613.575856457249 -35869.18552832335 -10143.11108738608 8495.724066926648 -3413.313049920099 -1831.660659782961 -618.3439875303604 
