0.004 15110.94579106275 262587.7923201664 6994.468662472151 15110.94579106276 262587.7923201686 556875.3087129237 556875.3087129237 0.001058300524425836 44719.14447995356 281404.4310148241 11031.0935358118 44719.14447995358 468346.9608512343 1042600.286348064 620809.9384831301 6.999999999999999e-05 430388.9724299739 450432.0223517551 -21927.95786843023 430388.9724299761 6935415.946032588 14713663.92874854 853217.1047956019 
-561143.9028051628 255548.8519256168 378178.9689912329 17438.32368614399 -26523.60415044058 -39131.30942584453 -14296.25986848828 -1830.383182462196 -1231.989656758212 -1623.239347735111 2029.34254342354 -986.6823139774222 24.62369427262153 
-294539.9279088832 121491.174375283 149096.8612275486 44432.22663317436 23945.51450270051 -13592.5181190087 -14564.01447968654 -7682.662428045583 -4033.953637582919 -2092.743155066405 1018.353638542324 -742.5451121551778 408.3566336045927 
-292569.4142450317 116428.7750117622 151054.6178952258 46961.42770868244 24114.74178700081 -13981.94493572377 -14472.81669840403 -7769.901352105475 -4347.84900277157 -2578.279610929175 766.1042894658532 -514.7950147141167 278.622641221336 
-561219.7771857699 255525.4964100048 377096.1298881855 17641.48158846597 -25586.71133316741 -38297.1875666444 -14215.63051584794 -2269.48513428667 -1614.348149202727 -1202.958769965452 1249.588358818414 -1087.595194669612 252.1070900413837 
-800925.3328069411 606476.6174200093 417332.6695970356 -246590.1452909499 -69410.48397403027 8262.365705227498 21211.00561946363 8025.393257051916 -1129.877578730331 -1545.298548846808 -202.2940854985053 404.9210575984691 -101.0869105346625 
-425695.364074609 325597.6429456818 184390.2797301968 -91688.39844929082 -23484.58636099284 -14443.90745731983 3099.741556460862 6594.464251064747 2178.770582107919 101.0141234585361 137.7235885511152 441.3797217813224 -197.450436203216 
-416854.2972328473 316196.3255870772 186313.3781494077 -88297.54710119966 -26587.98537054825 -15472.163767813 3841.222175869899 6723.789104219779 2761.220577941636 -342.0625850865009 200.4795936477823 175.1792747760717 -169.52078307186 
-800864.2532764242 605694.3175923096 419075.8989673158 -247010.2955570435 -69344.15693390707 8127.438591239355 21331.80715359395 7332.150961110612 -1133.906313952177 -2137.297521762798 -1009.356097555625 950.8106103617147 393.2991592667236 
-1658705.732244764 1440424.56040257 595703.5952416994 -748687.8123925289 48474.17229610653 179780.5944878327 8301.009434423457 -47207.5707385968 -7499.585424203899 3120.245393771994 -3029.522272211842 33.7161586703121 -1103.623369515231 
-925816.3087161516 812163.5977674514 295780.6323793714 -382288.8979246366 31235.89194696832 68994.47748688135 16070.43665918475 -13964.64015351905 -9563.640129110454 -2943.847216366831 -3827.55565496366 446.5950632408604 -1452.812935136938 
-856755.5434088946 751029.5852799409 276364.318020022 -354658.907590088 23795.62447777985 69232.12273107545 15167.14001418039 -16323.10867639988 -7038.809351868676 -809.1396305285186 -2549.480009061427 -172.0774662762605 662.9795518367505 
-1649451.291169077 1431792.484880925 594151.3752238613 -745388.352924919 50848.25224113588 175139.1496699193 8708.440558611643 -46452.26113630714 -12164.97600822484 9919.375434570753 -3277.598874468231 -2448.614687926431 -663.5311273666686 
