0.004 10081.465923445 176745.7579407164 4646.394874563543 10081.465923445 176745.7579407125 374720.3481907938 374720.3481907938 0.00058309518948453 19783.82714622923 202108.3706272198 5045.143681323632 19783.82714622925 340233.5084585471 733551.6355023843 432609.1317070769 8.500000000000001e-05 515131.8111679083 304058.8660046409 -23986.79397129587 515131.811167908 5366591.363637825 11748863.48485569 550763.560304677 
-396908.1157021507 200305.4715008617 255315.8860452367 -12104.61905317368 -25734.08864948641 -18683.52779507744 -4775.290091339318 -1286.169803143761 -1503.987453890373 766.8220074048558 -45.72404110257401 -4.254282209340744 -1179.210178369248 
-186009.362929959 82656.0099141337 89185.13903122037 22789.69101384263 10289.16999344632 -7579.912365228552 -7325.891193455042 -4057.523349038683 -1823.499047668194 1192.370740841051 -303.1142399865807 284.2338332417149 209.6343950552659 
-184661.5171956366 79512.15342114124 90521.62911474305 24738.52078721944 10724.42604449262 -7407.665552298388 -7568.906175533274 -4120.618232636256 -2789.798506702718 1416.18808372707 -711.9874440476508 86.13488570006731 182.7552566270041 
-397289.2952361036 199236.0127272217 256992.2062606086 -11636.67510273131 -25526.59712257652 -18482.49524037382 -5198.155754025085 -1691.901081341459 -1561.767134139536 1253.052792924027 172.0861091817679 -258.78037655002 -875.0549829986491 
-609219.1595401479 478253.1254728099 278362.4466425536 -193766.610174167 -36164.12509049507 15864.23335751441 12112.85519007117 2142.048580214402 -1009.986132513349 -165.8769039159203 -9.138948827730189 -435.5220775256583 -640.4776840439174 
-295970.3026952987 233632.5202937779 111972.7059057983 -64538.13763398836 -14409.23203419847 -4902.613845422942 2579.585646634584 3071.70783876256 1379.253798278383 -56.88636829383137 -235.3085152107988 406.6455208902886 82.37884930393797 
-292195.4045550277 228378.2886893452 115044.1853284563 -63090.70600030273 -15870.3710133089 -5715.047385249932 2908.790397797212 2953.329590248823 1370.857765579598 152.9560436668997 96.01343572631704 143.056038215138 62.46650616824768 
-610881.2530614901 479669.2451267335 279768.8770126876 -195662.3427499921 -36562.41515674218 17061.61789745266 12322.69752030197 1032.365059796329 -353.0843961789099 -708.5740496552653 5.79507712719186 155.4234143506374 -320.2545353554307 
-1175823.602512312 1047495.59560629 327854.9394717882 -489676.9393441014 68391.3981509055 113763.7989834608 -13766.33657453705 -28918.62261717301 771.7371069946283 -3214.821746804639 1271.851942350841 1435.496061153151 3928.641298591619 
-613171.1617889811 548997.3449710264 156318.2898574097 -236000.5603733822 30945.67242691839 45332.48585347898 2794.70630576977 -13408.6788801306 199.5159397305928 82.46425604806268 1198.407638455042 821.245352042321 1143.585948941883 
-582739.2368324276 522168.6494206187 147213.3080510547 -222042.0275753188 27529.18459658264 41768.99966514402 4279.745589570642 -11594.8487192738 -22.81368307537264 2498.155476137729 3178.687942705318 703.5596962564292 -431.6772237920657 
-1194009.031762861 1064167.029916788 330183.8552531118 -492109.2300611089 64431.0259842356 115521.1588344438 -10247.80079776437 -30702.33349371697 255.3319427583319 -3369.054039735196 -193.5580068436627 -1774.466121259366 -1870.204791761024 
