0.004 11624.84155961152 194787.9734682229 5334.457810255653 11624.84155961151 194787.9734682226 413893.834983808 413893.834983808 0.0005744562646538029 21283.65674738758 210425.2525506896 5420.570910878003 21283.65674738761 352895.1582315267 761713.0364519175 450950.6669189832 8.249999999999995e-05 522649.1891801656 317862.5845432293 -24020.10550690263 522649.1891801651 5325328.945532508 11681532.6580033 577802.8060890913 
-439342.3713150182 218281.6238023672 286403.4939052874 -10341.05604826596 -28852.98837972218 -21352.36356646155 -6255.558927324937 -1884.795959625812 -1388.763408453008 747.0644001445089 -688.0354968347165 161.8700906021164 -339.156899401859 
-206876.3164494379 96161.28673341838 94346.32256103787 23445.67102263991 12464.54702511992 -7133.159773317242 -8023.659893411125 -4310.182037679785 -2440.053426747585 1308.891816448152 -477.1747765254478 467.9236718348756 -303.9551156319372 
-198962.0447649874 78762.58764400284 101795.7629428817 32555.62817823084 12630.34505403079 -8590.413528045068 -8959.296058899283 -4834.063813033758 -2845.645829931166 1105.385246095588 -940.9121673857709 334.9778001615587 -519.8146946263975 
-439623.7505867539 217793.1626555008 286758.4509819745 -10406.93246499008 -28505.07494151335 -20010.14485386285 -5988.562866018153 -2040.680140344616 -2575.615256785118 1079.485974852736 -155.7256708827844 386.9438338753862 -302.8220159251572 
-635544.5975123533 495694.2257519269 298774.571745142 -202893.2441090503 -42701.14849855424 19347.2637568116 13045.69208567617 1943.173691130352 -1657.251877563245 196.0362665793571 -75.12182058043805 223.8011154615101 542.805785612382 
-314971.2197423084 250831.7177273137 114628.3223290598 -69099.89757401336 -13266.81439695363 -4396.035713505948 2924.907180050395 2718.213724663291 804.4452464653807 155.8788880198225 34.34787008221468 -384.5842133483807 -75.45619782972659 
-290052.6880894087 222790.6864164837 121265.5500042903 -60187.02648815238 -19509.86959707959 -6253.771272211337 2773.174944179204 3460.322633475153 1026.144164629462 129.002738311859 281.5702111349526 -357.0583592379758 -127.4914306505401 
-635504.6706441472 496552.0301269232 296621.4755499815 -203177.2443952223 -40548.41470083498 18546.95164150088 12121.36981649239 2624.951068730148 -1207.404376096718 743.1596564683236 845.274796757633 375.227611150095 -506.5807251545578 
-1233101.885329626 1094698.826333204 353215.4666670251 -508699.8522993303 58366.85312590643 121202.0511118517 -10710.7700569544 -29602.30510899457 1188.543350780372 -2586.45551689253 -1090.612194324749 -1058.177038602909 605.5514451150619 
-697887.4627064781 626113.1509435766 170448.8877019831 -260166.1724573116 35761.01320504789 47206.47339615657 2828.205175214116 -11060.99305890771 -2061.503768326623 -100.134608185284 -1708.436978000454 -2823.504049969808 -952.6209081995463 
-541666.9800428784 482170.1686198761 141742.6733875506 -197163.8776535462 9759.224113832293 42787.99692953152 7242.638280067767 -8296.610635378345 -4647.820587518044 1188.107468583294 1865.900286167518 220.2601140456075 935.4689202993773 
-1242403.835454662 1104027.831583141 352614.9473214195 -508673.2863968283 54382.69053668293 125507.6146656666 -12346.09682352775 -30855.20629598216 3372.253540943917 -2677.035313194594 -340.6511388397453 409.741312836308 -1891.500418111079 
