0.002 43463.98274933894 427761.1608457991 15612.90270996904 43463.98274933894 427761.1608458076 942940.0199676905 942940.0199676905 8.569568250501305e-05 36693.19289985316 230644.6202203085 7535.540418220136 36693.19289985296 371184.9794415181 820891.2855145084 506070.147873701 1.8359375e-06 201130.9805794646 376655.8026364032 -3794.894121920794 201130.9806097067 2491192.607678045 5379022.502081433 741770.7652027188 
-1335428.830746547 744197.4471225555 426616.9246408168 122480.8192795243 44622.05107185339 -34964.75300654038 -29676.84836286895 -14603.61856027428 -10106.81665868773 -5106.896445628465 -2183.12671962615 1813.528620458415 -2402.309664667914 
-426274.9388589058 189953.3153899184 -11010.54034174454 166279.1968188203 50360.36530970636 37943.80096698167 -11405.92968577103 -6349.056693747903 -13695.70245679949 -6978.313055977895 -6481.644531947142 2849.121691860281 -2021.040588034793 
-414911.1679634838 162053.1302889481 1611.610507117705 168695.8639006641 57127.29442471984 38152.41800849231 -10708.03200701782 -7542.944877041289 -13729.37710932458 -7451.717843780887 -6373.463899020262 2832.899432219595 -2147.470722794138 
-1337160.38264934 742799.5116095145 429737.3015705876 123376.7530205511 45570.61150627621 -34239.84112312451 -30748.42203457709 -15394.31435903754 -11305.62487453436 -4473.180395173307 -3789.786442966137 739.9071305031663 -2006.533703556409 
-932797.9692131202 751725.9553530264 227932.6355049273 -89680.15123495433 -56868.35101317013 -14859.68268443619 -3843.735970916937 6199.925904072982 1692.064421453704 2986.004517243421 276.3112660962222 -569.6510573267745 11.57456826231845 
-328776.1135491373 276478.6282198655 -4490.180198336026 52338.94394902 -20584.57852329889 -11951.97930742448 -13879.79999033229 1409.892671812657 433.6829527710576 2849.063942004858 483.4433591552412 -390.5073794533239 -273.5254356052209 
-312711.6381054485 256403.4011423755 5645.051976610353 52175.2664773691 -20560.52759578227 -13710.23086980361 -14102.35963662107 1548.085990122109 342.6000437792543 2605.250699315456 780.4356390928498 -186.6074799845659 83.49357679539642 
-936167.7290584545 755001.7725818555 226245.137395339 -89786.86592640747 -55648.88552469412 -14271.04222215818 -5307.891956893658 8769.223352291545 120.1571168457531 2384.800646889208 357.56909839414 -976.8095132166376 -99.54508578002151 
-1907530.941208732 1748009.999926596 213494.7765616016 -402819.6993124513 -6842.076682687585 66661.97248601654 17705.23803139567 2226.186524867818 -6010.801100420354 -2185.110510529263 -1753.239483594771 452.6630567005826 631.9882439150406 
-724180.9735372121 686296.161113883 -17404.97170135251 -58965.08603282797 -8751.531343216671 -13888.15821309737 21094.61393556145 1553.49375422614 2207.31892338887 -3942.427388505756 1134.382375305792 2477.715509396734 1626.828384068102 
-676226.895048809 636794.3970571859 -5184.216340644283 -56030.22048382249 -16068.39981604443 -11663.18878854175 20407.34742884111 3865.901266249746 2343.619271829083 -4186.407429357512 556.5771325161008 2784.786826619727 800.934908669466 
-1893205.516607743 1731707.755383493 223175.7276700533 -406094.9909139136 -9263.855038497324 65552.72261449494 22823.96147908879 825.6841704286435 -7015.410955531464 -2386.575581607581 -5304.204622370598 -1846.670101435923 5320.101347983482 
