0.004 12182.85005466239 193525.1780715189 5515.079234315474 12182.85005466243 193525.1780715156 412584.1447424752 412584.1447424752 0.0006164414002968976 28443.98594658998 219317.7424878418 7023.533299117607 28443.98594659004 366923.0317142599 803943.9111389857 476890.7257905934 4.75e-05 430274.3687527726 311204.2913294905 -20250.50842226666 430274.3687527713 5441457.147364907 11729085.06792806 574752.8572141411 
-461352.6558352523 245327.8978381199 284023.4100837571 -28440.23782696378 -31412.83902696619 -12682.44355353437 -3973.593867445125 -2465.059430713305 -1729.559233836655 410.4617445414449 -731.5502227019047 426.8503899689179 -55.50856803269499 
-193829.7455393852 92261.83820007849 81850.9371351405 22699.09484623401 9130.498255847984 -5074.208076535617 -6014.579339219097 -3573.92613990567 -2137.097819756948 1218.468453741733 -798.8511730243822 491.988641352181 -364.876627784879 
-188207.0660878347 80168.44356464673 87216.62055685592 28101.14906789721 9761.944166017027 -5891.009383809547 -7055.389174780475 -4172.944840472213 -2505.21936015861 1196.238842176657 -873.4909512602824 412.9084671157649 -437.5629254707172 
-461407.1229997023 245209.5933528657 284294.684832064 -27812.58783469784 -32032.65549132851 -13476.42908354797 -3856.30379269908 -2149.027899393505 -1247.833506335238 577.9676932195265 -618.2801104705654 465.5596789383394 -544.6644888341656 
-702022.9209366922 563313.3254143603 287719.3125935291 -220181.3990307432 -30676.56664692149 25567.75650508566 7772.944186725569 200.3611351693521 -582.1019329016631 -358.2270102930822 103.8039017161899 302.5312221735861 -284.6718447028366 
-316247.6807427594 256129.8573136102 101575.5511554602 -63996.34790470809 -13647.31218117302 -2510.050891250035 2435.859811314633 2234.1260017472 816.7367766824786 -684.7056547643331 -56.36346652848988 107.576207231626 -78.26775965875962 
-297816.4146246321 235491.6810934148 106563.1282427351 -58551.9421151854 -17034.22796685825 -3911.264223966339 2352.139538528438 2583.624691612647 1101.90659119208 -172.0547955259304 106.970827717021 12.26056359902427 36.06874450964425 
-698769.8223832356 560420.547337749 287390.8864378597 -219957.9079881843 -31077.73442220021 25583.6556827461 8805.419929786527 215.264759881861 -240.7885911085588 1141.307053852423 458.072788505103 -297.0295587725349 -409.5363987861505 
-1273761.965646329 1149491.172880557 292735.2283981158 -481820.5718673999 70936.71884990729 113458.6996200725 -20339.67638438514 -23434.44450725723 4476.288600009261 1059.255182270795 1565.996504983867 513.9993155240051 2202.600910013327 
-660303.4914787094 602347.3338356013 121597.6804035819 -219362.686242906 35993.9935495781 37397.96863239643 3343.261956858453 -9690.531908594614 -1544.048020208023 1434.494884321977 1772.475679510969 1334.56876399223 1528.564430542524 
-544636.6459339955 494036.1506410441 108598.8326682105 -179743.5297477146 17324.94030538961 36354.5818465302 6596.170931472209 -11225.41830542792 -184.3877443942299 2311.834368935704 2593.983507300805 2377.007181035282 3747.064835709622 
-1282494.680341768 1160498.322008011 283305.1168823433 -477215.0935519129 73737.72910192903 107479.2475998362 -15611.99170629135 -22576.21662224171 1199.405348839564 -151.7292917916093 164.5828297537882 257.483274293968 2143.942304497578 
