0.07319868321513479 9.300535652984946
0.07479599712162993 5.590598672732927
0.07648510519499002 5.911878256760195
0.07827031846285443 6.248246437525539
0.08015600222902908 6.59989318161136
0.08214655017223649 6.966917801225936
0.08424635343618309 7.34931142381301
0.08645976416800605 7.746937561380562
0.08879105296288464 8.159510782074886
0.09124435969292022 8.586573555124488
0.09382363724433013 9.027471429934977
0.09653258776547058 9.481326823991287
0.09937459114684 9.947011834793074
0.10235262562112318 10.42312065999097
0.10546918059462507 10.907942407256888
0.10872616210856423 11.399435298786962
0.11212479168545558 11.895203519119537
0.11566549974519585 12.392478209090944
0.1193478152760305 12.888104357921648
0.12317025400980436 13.378535568208127
0.12713020796318691 13.859838836838936
