0.022800079146783447 10.294326718687818
0.024744889311870466 6.806835577804371
0.026813436807604063 7.239916235067589
0.029013075333069682 7.698734839129973
0.03135147623404683 8.184403153419506
0.033836614674435994 8.697984541362391
0.036476748097527656 9.240466980820816
0.03928038530353639 9.812730221030463
0.0422562442197858 10.415506206872926
0.045413196180703164 11.04933186321078
0.048760194278427926 11.714493342036777
0.052306183109455284 12.410960908595836
0.056059987054190186 13.138313806572162
0.060030174120016655 13.895654730392556
0.06422489240124674 14.681513984305283
0.06865167642049141 15.493744067356374
0.07331722108800265 16.32940633628932
0.0782271218324464 17.18465260555302
0.08338558071008245 18.054606071726376
0.0887950800807244 18.93324779724681
0.09445602782577356 19.813317107671757
