0.5294494583908449 12.28020324132965
0.5303935037558731 3.3041587775990418
0.5310654974759494 2.351978020266543
0.5315430090264828 1.6712904268670183
0.5318819050158443 1.1861359627655814
0.5321222130025862 0.8410779535967805
0.53229250719476 0.5960296726077047
0.5324131329261568 0.4221900598886793
0.5324985499418351 0.29895955487457804
0.5325590217182767 0.2116512175458496
0.5326018265717665 0.14981698721339168
0.5326321225606736 0.10603596117508807
0.5326535634678078 0.07504317497009083
0.5326687366630956 0.05310618350673503
0.5326794739327909 0.03758044393364912
0.5326870719205716 0.02659295723272924
0.5326924483601325 0.01881753846344504
0.5326962527489263 0.013315360777935964
0.53269894472216 0.009421906317848632
0.5327008495404426 0.006666863989272448
0.5327021973676547 0.0047173952420338115
