0.3898955551374117 27.368867688633248
0.39544177724496293 19.41177737642974
0.4003477152421353 17.170782990103106
0.4046475546722208 15.04943800529901
0.4083855818699243 13.083095191961824
0.41161203826442727 11.292597380760938
0.41437965199511395 9.686648057403602
0.41674094440215925 8.264523424657888
0.4187462922775562 7.018717563889609
0.4204426558019867 5.937272335506449
0.42187284946734915 5.0056778287688175
0.4230752278676601 4.208324401088426
0.42408366923604635 3.529544789351746
0.4249277584963451 2.954312411045824
0.4256330926032226 2.468669374070753
0.4262216506743304 2.059953248877645
0.42671218824229284 1.7168814878689695
0.4271206283809825 1.4295404854136604
0.42746043264074446 1.1893149091668502
0.42774294211518415 0.9887831605390754
0.4279776841054852 0.8215969660536615
