0.43984631303969457 24.390566074907014
0.4444078055517613 15.965223792233196
0.448167198412009 13.157875010867372
0.45124091996310534 10.758025428837328
0.4537375756908626 8.738295047150402
0.45575465095844025 7.059763436521926
0.457377184408692 5.6788670758809445
0.45867776601619425 4.552035626257833
0.45971733508909396 3.638491755149076
0.4605463932455478 2.9017035475882103
0.4612063725355593 2.309927515040263
0.46173099718187727 1.8361862621127754
0.46214754811354863 1.4579282608497832
0.46247798686560415 1.156535632194533
0.4627399251727602 0.9167840750459174
0.4629474439264047 0.7263156377561586
0.46311177426824424 0.5751561964384422
0.46324185751663616 0.4552913693713717
0.46334480146789203 0.360303829395578
0.46342624976676094 0.2850690460412169
0.46349067936645105 0.22550359891535787
