0.3340227130783066 29.342070466366717
0.34015729117068005 21.47102332330686
0.3459600882004769 20.30978960428915
0.3513981760599012 19.03330750798519
0.35644948793778525 17.6795915725938
0.3611024802830918 16.285473208572654
0.3653552519251846 14.884700747325397
0.36921427447206434 13.506578914078915
0.37269289779553394 12.17518163214315
0.3758097815890975 10.909093277472692
0.37858737621471494 9.721581189661189
0.38105054142185946 8.621078225005732
0.3832253568123505 7.61185386671895
0.3851381477344571 6.694768227372805
0.3868147269485354 5.868027249273903
0.38827983640409686 5.1278830944654645
0.3895567640830786 4.469246876436017
0.3906671067617673 3.8861993754100155
0.39163064923221874 3.3723986465803435
0.3924653326372454 2.921391917593219
0.393187288008856 2.526843800637361
