0.6974510977498518 38.44407629703007
0.7024028654486725 17.331186945872545
0.7046685449480024 7.92987824765401
0.7056962402572451 3.596933582350026
0.7061605569019629 1.6251082565119646
0.7063699622677966 0.7329187804181458
0.7064643272865652 0.3302775656903733
0.7065068358416489 0.1487799427923875
0.7065259815091416 0.0670098362247629
0.7065346039979001 0.030178710654915578
0.70653848711359 0.01359090491437347
0.7065402358386068 0.006120537558993716
0.7065410233553382 0.002756308559616899
0.706541378002703 0.001241265777274192
0.7065415377130639 0.0005589862630567097
0.7065416096362935 0.00025173130380035677
0.7065416420258612 0.00011336348659791717
0.7065416566120244 5.10515709706727e-05
0.7065416631806865 2.2990317205540123e-05
0.706541666138786 1.035334840082669e-05
0.7065416674709226 4.662478403361092e-06
