0.21254292881057185 31.28749533705432
0.21891360020192208 22.29734986972609
0.2256105917128426 23.439470288221465
0.23260212763592159 24.470375730776734
0.23984699336321258 25.357030045518115
0.24729477955495693 26.067251671105574
0.25488670273033853 26.571731113835817
0.2625570405475943 26.846182360395154
0.2702351557583531 26.873403237655857
0.2778480083525039 26.644984079527312
0.2853229831371207 26.162411746159187
0.29259080460578923 25.43737514033939
0.29958828564312645 24.491183630680702
0.30626066896864 23.353341639297476
0.3125633694618033 22.059451726071266
0.3184630022215702 20.648714659184304
0.3239376699740293 19.161337133606793
0.3289765672504841 17.63614046759172
0.33357902361344216 16.108597270353656
0.3377531461975809 14.609429044485367
0.34151423193107 13.163800067212073
