0.8265296667378057 54.40289438279909
0.8289342384254477 12.022858438209383
0.8294289856934531 2.473736340027344
0.8295305078774378 0.5076109199233511
0.8295513287264149 0.10410424488600621
0.8295555983212708 0.02134797427981628
0.8295564738387062 0.004377587176307779
0.82955665337029 0.0008976579195518752
0.8295566901845854 0.00018407147628317054
0.8295566977336313 3.774522916479306e-05
0.829556699281619 7.739939423354159e-06
0.8295566995990455 1.5871330240138093e-06
0.8295566996641357 3.254498892601987e-07
0.8295566996774832 6.673772645626741e-08
0.8295566996802204 1.3686829797521227e-08
0.8295566996807822 2.8084198131494988e-09
0.8295566996808967 5.719869022868806e-10
0.8295566996809205 1.1901625818211414e-10
0.8295566996809249 2.3092288969905894e-11
0.8295566996809263 6.284853526494771e-12
0.8295566996809265 8.205738311062305e-13
