0.755980893539284 58.36729020276432
0.7592897373930909 16.5442192690346
0.7601461443857283 4.282034963186021
0.7603670816693961 1.1046864183406058
0.7604240314500759 0.28474890339858017
0.7604387078918546 0.0733822088933598
0.7604424899237294 0.018910159373550357
0.7604434645168199 0.004872965453373652
0.7604437156591151 0.0012557114751918892
0.7604437803757564 0.00032358320739355226
0.7604437970525271 8.338385271144944e-05
0.7604438013499486 2.148710720462077e-05
0.760443802457347 5.536993086252551e-06
0.7604438027427118 1.4268231041114632e-06
0.760443802816247 3.6767566705009355e-07
0.7604438028351961 9.474554538257962e-08
0.7604438028400793 2.441602411806798e-08
0.7604438028413378 6.293632921483549e-09
0.7604438028416616 1.618260441205166e-09
0.7604438028417451 4.17444496747521e-10
0.7604438028417668 1.0835712771495309e-10
