0.16356957062976418 66.14357846211875
0.1777592979537468 49.664045633939224
0.1940727539043603 57.09709582714684
0.2125294099602888 64.59829619574987
0.23299814751395836 71.64058143784402
0.25515261428617 77.54063370273987
0.27844951303937715 81.53914563622494
0.3021506727958163 82.9540591475375
0.32540080680248473 81.37546902333953
0.3473507601927357 76.82483686587815
0.36729105642823767 69.79103682425686
0.3847508587654478 61.10930818023519
0.3995327228437753 51.7365242741463
0.41168345591385197 42.527565745268646
0.42142532823965523 34.09655314031124
0.4290778513063244 26.783830733342562
0.4349917537196934 20.69865844679123
0.43950398175009786 15.792798106415399
0.4429130026021237 11.931572982090799
0.4454693044844315 8.947056588077373
0.44737537735943644 6.671255062516757
