0.5101534093338351 60.5081430129935
0.5233218852240453 46.089665615735626
0.5330047222005332 33.88992941770752
0.5399394797167711 24.27165130683266
0.5448120422277909 17.05396878856913
0.5481895351712416 11.821225302077742
0.5505086502889973 8.116902912145285
0.5520906841231863 5.537118419661091
0.5531650931448107 3.7604315756851747
0.5538925437276099 2.5460770397973675
0.5543840649858698 1.7203244039096786
0.5547157117534001 1.1607636863560253
0.5549392750547386 0.7824715546846492
0.5550898836024556 0.5271299170095387
0.5551913011212772 0.3549613158755352
0.5552595744752247 0.23895673881657564
0.5553055265648204 0.16083231358443584
0.5553364510582803 0.10823572710982887
0.5553572605640809 0.07283327030194187
0.5553712627313068 0.04900758529124971
0.5553806840452344 0.03297459874662704
