0.6853742635561217 87.99999999999919
0.6908534637931754 27.396001185268304
0.6925325841731165 8.39560189970534
0.6930446548779963 2.5603535243990065
0.6932005852129022 0.7796516745299583
0.6932480458940082 0.23730340553029805
0.6932624895535899 0.07221829790802303
0.6932668849923842 0.02197719397136666
0.6932682225782338 0.006687929248627711
0.6932686296203996 0.0020352108283105963
0.6932687534876845 0.0006193364239237553
0.693268791181811 0.00018847063287807941
0.6932688026525318 5.735360453229532e-05
0.6932688061431926 1.745330457936234e-05
0.6932688072054383 5.311227013748976e-06
0.6932688075286904 1.6162609028924635e-06
0.6932688076270594 4.91844787120499e-07
0.693268807656994 1.4967318406888808e-07
0.6932688076661035 4.554843258119945e-08
0.6932688076688751 1.3857359704161354e-08
0.6932688076697189 4.218847493575595e-09
