0.7709893168600899 104.63359530833303
0.7767740230242377 28.923530820739174
0.7781888477920242 7.074123838933133
0.7785328570992704 1.7200465362306039
0.7786163817559828 0.41762328356130535
0.7786366542794441 0.10136261730676877
0.7786415742688932 0.02459994724633719
0.7786427682889192 0.005970100129815137
0.7786430580612311 0.0014488615587284616
0.7786431283849189 0.000351618439253798
0.7786431454514888 8.533285011935732e-05
0.7786431495933053 2.070908244868086e-05
0.7786431505984666 5.025805549715656e-06
0.7786431508424041 1.2196874619316845e-06
0.7786431509016043 2.9600144557662134e-07
0.7786431509159715 7.183587058534613e-08
0.7786431509194582 1.7433166021874058e-08
0.7786431509203049 4.233960286370575e-09
0.7786431509205105 1.0276086719329668e-09
0.77864315092056 2.4868995751603507e-10
0.7786431509205718 5.861998353395847e-11
