0.603211797881916 119.99999999999922
0.6119250017225975 43.56601920340708
0.6150283000389891 15.516491581959002
0.6161259523786478 5.488261698292973
0.6165132440831831 1.9364585226764321
0.6166497759827962 0.6826594980662293
0.6166978928037872 0.24058410495442217
0.616714848389122 0.08477792667349604
0.6167208230341514 0.029873225146914706
0.6167229282934794 0.010526296639667976
0.6167236701109187 0.0037090871973788353
0.6167239315001871 0.00130694634137285
0.6167240236041285 0.0004605197077012235
0.6167240560581557 0.0001622701351067235
0.6167240674937551 5.717799744786589e-05
0.6167240715232372 2.014741085076821e-05
0.6167240729430774 7.099201226878904e-06
0.6167240734433768 2.5014958993097025e-06
0.6167240736196635 8.814335927809225e-07
0.6167240736817801 3.10583558871258e-07
0.6167240737036681 1.0943956851861003e-07
