0.7775034017367317 100.61483239044637
0.7829405133382785 27.18555800773359
0.7842459067672838 6.526967145026319
0.7845575724416296 1.5583283717290897
0.7846318838618891 0.37155710129788194
0.7846495965111926 0.08856324651773662
0.7846538181243794 0.021108065933361786
0.7846548242807345 0.005030781776045852
0.7846550640815382 0.0011990040187403182
0.7846551212340531 0.0002857625744923098
0.7846551348553967 6.810671848711536e-05
0.7846551381018152 1.6232091227362134e-05
0.7846551388755443 3.868645848115193e-06
0.7846551390599501 9.220286756317364e-07
0.7846551391039003 2.1975132758100813e-07
0.784655139114375 5.2374105052876985e-08
0.7846551391168712 1.248068315362616e-08
0.7846551391174665 2.9771740628348198e-09
0.7846551391176084 7.087670432781579e-10
0.7846551391176422 1.6875323538556587e-10
0.7846551391176502 3.997188713356081e-11
