1.2566370614359 2.0002105587755 -0.37772775867835 1.9997894412237 -0.37772775867835 
3.7699111843078 2.0001999035414 -0.45311791651899 1.9998000964578 -0.45311791651899 
6.2831853071796 2.000203826554 -0.40059784283824 1.9997961734452 -0.40059784283824 
8.7964594300514 2.0002066223731 -0.34071369976171 1.9997933776262 -0.34071369976171 
11.309733552923 2.0002082831025 -0.29086017263285 1.9997917168969 -0.29086017263285 
13.823007675795 2.0002092907762 -0.25146284605493 1.9997907092232 -0.25146284605493 
16.336281798667 2.0002099318674 -0.22037972550549 1.9997900681319 -0.22037972550549 
18.849555921539 2.0002103593426 -0.19556274041482 1.9997896406568 -0.19556274041482 
21.362830044411 2.0002106563965 -0.17544459353513 1.9997893436028 -0.17544459353513 
23.876104167282 2.0002108702168 -0.1588849570746 1.9997891297825 -0.1588849570746 
26.389378290154 2.0002110287863 -0.14505970983881 1.9997889712131 -0.14505970983881 
28.902652413026 2.0002111494018 -0.13336841661138 1.9997888505976 -0.13336841661138 
31.415926535898 2.0002112431596 -0.12336772376312 1.9997887568398 -0.12336772376312 
33.92920065877 2.0002113174156 -0.11472533200133 1.9997886825838 -0.11472533200133 
36.442474781642 2.000211377189 -0.10718842073068 1.9997886228104 -0.10718842073068 
38.955748904513 2.0002114259929 -0.10056186179846 1.9997885740065 -0.10056186179846 
41.469023027385 2.0002114663425 -0.094693018581383 1.9997885336569 -0.094693018581383 
43.982297150257 2.0002115000749 -0.08946099738222 1.9997884999245 -0.089460997382223 
46.495571273129 2.0002115285562 -0.08476894019699 1.9997884714432 -0.084768940196991 
49.008845396001 2.0002115528186 -0.080538421276102 1.9997884471808 -0.080538421276102 
51.522119518873 2.0002115736536 -0.076705318500944 1.9997884263458 -0.076705318500944 
54.035393641744 2.0002115916758 -0.073216732581828 1.9997884083236 -0.073216732581825 
56.548667764616 2.0002116073685 -0.070028660497527 1.9997883926309 -0.070028660497529 
59.061941887488 2.0002116211157 -0.067104218678529 1.9997883788837 -0.067104218678529 
61.57521601036 2.0002116332254 -0.064412271710578 1.999788366774 -0.064412271710578 
64.088490133232 2.0002116439474 -0.061926363529451 1.999788356052 -0.061926363529451 
66.601764256104 2.0002116534855 -0.059623876684074 1.9997883465139 -0.059623876684075 
69.115038378975 2.0002116620076 -0.057485365274397 1.9997883379918 -0.057485365274396 
71.628312501847 2.0002116696528 -0.055494021401404 1.9997883303466 -0.055494021401403 
74.141586624719 2.0002116765372 -0.053635245151488 1.9997883234622 -0.053635245151488 
76.654860747591 2.0002116827585 -0.051896295565205 1.9997883172409 -0.051896295565206 
79.168134870463 2.000211688399 -0.05026600542818 1.9997883116004 -0.050266005428179 
81.681408993335 2.0002116935288 -0.048734546746372 1.9997883064706 -0.04873454674637 
84.194683116206 2.0002116982077 -0.047293236749449 1.9997883017918 -0.04729323674945 
86.707957239078 2.0002117024869 -0.045934376522068 1.9997882975125 -0.045934376522066 
89.22123136195 2.0002117064107 -0.044651116051929 1.9997882935887 -0.044651116051929 
91.734505484822 2.0002117100174 -0.043437340817532 1.999788289982 -0.043437340817532 
94.247779607694 2.0002117133402 -0.042287576014173 1.9997882866592 -0.042287576014171 
96.761053730566 2.0002117164081 -0.041196905313723 1.9997882835913 -0.041196905313721 
99.274327853437 2.0002117192465 -0.040160901656291 1.9997882807529 -0.040160901656291 
101.78760197631 2.0002117218778 -0.039175568056893 1.9997882781216 -0.039175568056893 
104.30087609918 2.0002117243215 -0.038237286763739 1.9997882756779 -0.038237286763739 
106.81415022205 2.0002117265952 -0.037342775462607 1.9997882734042 -0.037342775462607 
109.32742434492 2.0002117287142 -0.036489049377432 1.9997882712852 -0.036489049377429 
111.8406984678 2.0002117306922 -0.035673388400597 1.9997882693072 -0.035673388400595 
114.35397259067 2.0002117325414 -0.03489330843317 1.999788267458 -0.034893308433171 
116.86724671354 2.0002117342729 -0.034146536438007 1.9997882657265 -0.034146536438007 
119.38052083641 2.0002117358963 -0.033430988511729 1.9997882641031 -0.033430988511732 
121.89379495928 2.0002117374206 -0.032744750663476 1.9997882625788 -0.032744750663475 
124.40706908216 2.0002117388535 -0.032086061888025 1.9997882611459 -0.032086061888026 
126.92034320503 2.0002117402023 -0.031453299178351 1.9997882597971 -0.031453299178348 
129.4336173279 2.0002117414733 -0.03084496433999 1.999788258526 -0.03084496433999 
131.94689145077 2.0002117426726 -0.030259672212343 1.9997882573268 -0.030259672212343 
134.46016557364 2.0002117438053 -0.029696140232072 1.9997882561941 -0.029696140232071 
136.97343969651 2.0002117448764 -0.029153179122978 1.999788255123 -0.02915317912298 
139.48671381939 2.0002117458901 -0.028629684588561 1.9997882541093 -0.028629684588563 
141.99998794226 2.0002117468506 -0.028124629834444 1.9997882531488 -0.028124629834445 
144.51326206513 2.0002117477614 -0.027637058944039 1.999788252238 -0.02763705894404 
147.026536188 2.000211748626 -0.027166080845525 1.9997882513734 -0.027166080845522 
149.53981031087 2.0002117494474 -0.026710863920353 1.999788250552 -0.026710863920352 
152.05308443375 2.0002117502285 -0.026270631141537 1.9997882497709 -0.026270631141533 
154.56635855662 2.0002117509718 -0.02584465563988 1.9997882490276 -0.025844655639881 
157.07963267949 2.0002117516798 -0.025432256773292 1.9997882483196 -0.025432256773293 
159.59290680236 2.0002117523546 -0.025032796483962 1.9997882476448 -0.025032796483961 
162.10618092523 2.0002117529984 -0.024645676030623 1.999788247001 -0.024645676030622 
164.61945504811 2.0002117536129 -0.024270333018364 1.9997882463866 -0.024270333018363 
167.13272917098 2.0002117541999 -0.023906238652302 1.9997882457995 -0.023906238652303 
169.64600329385 2.000211754761 -0.023552895315161 1.9997882452384 -0.02355289531516 
172.15927741672 2.0002117552978 -0.0232098342755 1.9997882447016 -0.023209834275505 
174.67255153959 2.0002117558116 -0.022876613630527 1.9997882441878 -0.022876613630527 
177.18582566246 2.0002117563037 -0.022552816416289 1.9997882436957 -0.022552816416289 
179.69909978534 2.0002117567754 -0.022238048882843 1.999788243224 -0.022238048882844 
182.21237390821 2.0002117572276 -0.021931938869759 1.9997882427718 -0.021931938869756 
184.72564803108 2.0002117576616 -0.021634134395358 1.9997882423378 -0.021634134395355 
187.23892215395 2.0002117580782 -0.02134430227789 1.9997882419211 -0.021344302277886 
189.75219627682 2.0002117584784 -0.021062126905766 1.999788241521 -0.021062126905765 
192.2654703997 2.0002117588631 -0.020787309103438 1.9997882411364 -0.020787309103433 
194.77874452257 2.0002117592329 -0.020519565043653 1.9997882407665 -0.020519565043652 
197.29201864544 2.0002117595887 -0.02025862532414 1.9997882404107 -0.020258625324139 
199.80529276831 2.0002117599312 -0.020004234032583 1.9997882400682 -0.020004234032583 
202.31856689118 2.000211760261 -0.01975614792082 1.9997882397383 -0.019756147920823 
204.83184101405 2.0002117605788 -0.019514135631698 1.9997882394206 -0.019514135631701 
207.34511513693 2.0002117608851 -0.019277976990135 1.9997882391142 -0.019277976990134 
209.8583892598 2.0002117611805 -0.019047462303335 1.9997882388189 -0.01904746230333 
212.37166338267 2.0002117614655 -0.018822391792801 1.9997882385339 -0.0188223917928 
214.88493750554 2.0002117617406 -0.018602574984198 1.9997882382588 -0.0186025749842 
217.39821162841 2.0002117620061 -0.018387830180379 1.9997882379932 -0.018387830180376 
219.91148575129 2.0002117622627 -0.018177983969791 1.9997882377367 -0.018177983969786 
222.42475987416 2.0002117625106 -0.017972870727456 1.9997882374888 -0.017972870727453 
224.93803399703 2.0002117627502 -0.017772332230831 1.9997882372491 -0.017772332230832 
227.4513081199 2.000211762982 -0.017576217219737 1.9997882370173 -0.017576217219736 
229.96458224277 2.0002117632062 -0.017384381025861 1.9997882367931 -0.017384381025862 
232.47785636564 2.0002117634233 -0.017196685217212 1.9997882365761 -0.017196685217211 
234.99113048852 2.0002117636333 -0.017012997274831 1.999788236366 -0.017012997274833 
237.50440461139 2.0002117638369 -0.016833190247117 1.9997882361626 -0.016833190247119 
240.01767873426 2.000211764034 -0.016657142509186 1.9997882359654 -0.016657142509184 
242.53095285713 2.000211764225 -0.016484737455211 1.9997882357744 -0.01648473745521 
245.04422698 2.0002117644102 -0.016315863249815 1.9997882355892 -0.016315863249812 
247.55750110288 2.0002117645898 -0.016150412595203 1.9997882354096 -0.016150412595206 
250.07077522575 2.0002117647641 -0.01598828247055 1.9997882352353 -0.015988282470549 
252.58404934862 2.0002117649331 -0.015829373969266 1.9997882350663 -0.015829373969261 
255.09732347149 2.0002117650973 -0.015673592064441 1.9997882349022 -0.015673592064441 
257.61059759436 2.0002117652566 -0.015520845428263 1.9997882347428 -0.015520845428261 
260.12387171723 2.0002117654114 -0.015371046253529 1.9997882345881 -0.015371046253525 
262.63714584011 2.0002117655618 -0.015224110094583 1.9997882344377 -0.015224110094587 
265.15041996298 2.0002117657078 -0.01507995567469 1.9997882342916 -0.015079955674695 
267.66369408585 2.0002117658499 -0.014938504787504 1.9997882341496 -0.014938504787506 
270.17696820872 2.0002117659879 -0.014799682121667 1.9997882340114 -0.01479968212167 
272.69024233159 2.0002117661223 -0.014663415136149 1.9997882338772 -0.014663415136149 
275.20351645447 2.0002117662529 -0.014529633942285 1.9997882337465 -0.01452963394229 
277.71679057734 2.00021176638 -0.01439827115086 1.9997882336193 -0.01439827115086 
280.23006470021 2.0002117665038 -0.01426926180961 1.9997882334956 -0.014269261809612 
282.74333882308 2.0002117666243 -0.014142543262806 1.9997882333751 -0.014142543262798 
285.25661294595 2.0002117667415 -0.014018055058348 1.9997882332578 -0.014018055058349 
287.76988706883 2.0002117668559 -0.013895738859769 1.9997882331436 -0.013895738859769 
290.2831611917 2.0002117669672 -0.013775538322225 1.9997882330322 -0.013775538322225 
292.79643531457 2.0002117670757 -0.013657399056177 1.9997882329237 -0.013657399056175 
295.30970943744 2.0002117671814 -0.013541268511918 1.999788232818 -0.013541268511919 
297.82298356031 2.0002117672845 -0.013427095910349 1.9997882327149 -0.01342709591035 
300.33625768318 2.000211767385 -0.013314832168361 1.9997882326143 -0.013314832168368 
302.84953180606 2.0002117674831 -0.013204429838228 1.9997882325163 -0.013204429838226 
305.36280592893 2.0002117675787 -0.013095843005905 1.9997882324207 -0.013095843005908 
307.8760800518 2.000211767672 -0.012989027278767 1.9997882323273 -0.012989027278762 
310.38935417467 2.0002117677632 -0.012883939691422 1.9997882322363 -0.012883939691424 
312.90262829754 2.0002117678521 -0.012780538656128 1.9997882321473 -0.012780538656126 
315.41590242042 2.0002117679389 -0.012678783917223 1.9997882320605 -0.012678783917217 
317.92917654329 2.0002117680237 -0.0125786364642 1.9997882319758 -0.012578636464198 
320.44245066616 2.0002117681064 -0.012480058533631 1.9997882318929 -0.012480058533633 
322.95572478903 2.0002117681874 -0.012383013527016 1.9997882318121 -0.012383013527016 
325.4689989119 2.0002117682664 -0.012287465974743 1.999788231733 -0.01228746597474 
327.98227303477 2.0002117683437 -0.012193381492353 1.9997882316558 -0.012193381492355 
330.49554715765 2.0002117684191 -0.012100726748621 1.9997882315803 -0.012100726748621 
333.00882128052 2.0002117684929 -0.012009469390937 1.9997882315064 -0.012009469390937 
335.52209540339 2.0002117685651 -0.011919578059851 1.9997882314342 -0.01191957805985 
338.03536952626 2.0002117686357 -0.011831022319014 1.9997882313637 -0.011831022319009 
340.54864364913 2.0002117687047 -0.011743772628915 1.9997882312946 -0.01174377262891 
343.06191777201 2.0002117687723 -0.01165780032289 1.9997882312271 -0.011657800322889 
345.57519189488 2.0002117688384 -0.011573077541731 1.999788231161 -0.011573077541735 
348.08846601775 2.0002117689031 -0.011489577254405 1.9997882310963 -0.011489577254404 
350.60174014062 2.0002117689664 -0.011407273195718 1.999788231033 -0.011407273195717 
353.11501426349 2.0002117690284 -0.01132613984717 1.999788230971 -0.011326139847177 
355.62828838636 2.0002117690891 -0.011246152410402 1.9997882309103 -0.0112461524104 
358.14156250924 2.0002117691485 -0.011167286790522 1.9997882308509 -0.011167286790524 
360.65483663211 2.0002117692067 -0.011089519538249 1.9997882307926 -0.01108951953825 
363.16811075498 2.0002117692638 -0.011012827877348 1.9997882307356 -0.011012827877347 
365.68138487785 2.0002117693196 -0.010937189648614 1.9997882306797 -0.010937189648605 
368.19465900072 2.0002117693745 -0.010862583297007 1.9997882306251 -0.010862583297008 
370.7079331236 2.0002117694281 -0.010788987858983 1.9997882305714 -0.010788987858977 
373.22120724647 2.0002117694807 -0.010716382910868 1.9997882305188 -0.010716382910872 
375.73448136934 2.0002117695322 -0.010644748598747 1.9997882304672 -0.010644748598743 
378.24775549221 2.0002117695827 -0.010574065587606 1.9997882304166 -0.010574065587599 
380.76102961508 2.0002117696323 -0.010504315052137 1.9997882303671 -0.010504315052135 
383.27430373795 2.0002117696809 -0.010435478659988 1.9997882303184 -0.010435478659983 
385.78757786083 2.0002117697286 -0.010367538564512 1.9997882302708 -0.010367538564505 
388.3008519837 2.0002117697754 -0.01030047735515 1.9997882302241 -0.010300477355148 
390.81412610657 2.0002117698213 -0.010234278093308 1.9997882301781 -0.010234278093311 
393.32740022944 2.0002117698664 -0.010168924264787 1.9997882301332 -0.010168924264789 
395.84067435231 2.0002117699105 -0.010104399773971 1.9997882300889 -0.010104399773968 
398.35394847519 2.0002117699538 -0.01004068893909 1.9997882300454 -0.010040688939091 
400.86722259806 2.0002117699964 -0.0099777764463064 1.999788230003 -0.0099777764463163 
403.38049672093 2.0002117700383 -0.0099156473875888 1.9997882299612 -0.0099156473875898 
405.8937708438 2.0002117700793 -0.0098542872154079 1.9997882299201 -0.0098542872154112 
408.40704496667 2.0002117701199 -0.009793681739735 1.99978822988 -0.0097936817397391 
410.92031908954 2.0002117701592 -0.0097338171170401 1.9997882298402 -0.0097338171170412 
413.43359321242 2.000211770198 -0.0096746798485589 1.9997882298012 -0.0096746798485601 
415.94686733529 2.0002117702364 -0.0096162567358286 1.9997882297631 -0.0096162567358266 
418.46014145816 2.0002117702739 -0.0095585349224199 1.9997882297255 -0.0095585349224264 
420.97341558103 2.0002117703107 -0.0095015018499311 1.9997882296885 -0.0095015018499349 
423.4866897039 2.0002117703471 -0.0094451452572737 1.9997882296525 -0.0094451452572784 
425.99996382678 2.0002117703827 -0.0093894531812053 1.9997882296168 -0.0093894531812103 
428.51323794965 2.0002117704179 -0.0093344139130004 1.9997882295819 -0.0093344139130004 
431.02651207252 2.0002117704522 -0.0092800160422439 1.9997882295473 -0.0092800160422357 
433.53978619539 2.000211770486 -0.0092262484137554 1.9997882295135 -0.0092262484137605 
436.05306031826 2.000211770519 -0.0091731001295255 1.9997882294799 -0.0091731001295275 
438.56633444114 2.000211770552 -0.0091205605492624 1.9997882294474 -0.0091205605492594 
441.07960856401 2.0002117705841 -0.0090686192497829 1.9997882294152 -0.0090686192497878 
443.59288268688 2.0002117706159 -0.0090172660680297 1.9997882293835 -0.0090172660680323 
446.10615680975 2.000211770647 -0.0089664910622105 1.9997882293524 -0.0089664910622167 
448.61943093262 2.0002117706778 -0.0089162845126432 1.9997882293218 -0.008916284512641 
451.13270505549 2.0002117707079 -0.0088666369156316 1.9997882292916 -0.0088666369156356 
453.64597917837 2.0002117707374 -0.0088175389860884 1.9997882292618 -0.0088175389860861 
456.15925330124 2.0002117707668 -0.0087689816190622 1.9997882292327 -0.0087689816190639 
458.67252742411 2.0002117707955 -0.0087209559321414 1.9997882292039 -0.0087209559321394 
461.18580154698 2.0002117708238 -0.0086734532293809 1.9997882291757 -0.0086734532293795 
463.69907566985 2.0002117708516 -0.0086264650025333 1.9997882291477 -0.0086264650025313 
466.21234979273 2.0002117708792 -0.0085799829345117 1.9997882291204 -0.008579982934508 
468.7256239156 2.0002117709061 -0.0085339988622707 1.9997882290933 -0.0085339988622685 
471.23889803847 2.0002117709327 -0.0084885048204092 1.9997882290668 -0.0084885048204061 
473.75217216134 2.0002117709589 -0.008443493004669 1.9997882290405 -0.008443493004666 
476.26544628421 2.0002117709851 -0.0083989557751034 1.9997882290151 -0.008398955775102 
478.77872040708 2.00021177101 -0.008354885652005 1.9997882289892 -0.0083548856519993 
481.29199452996 2.0002117710351 -0.0083112753199973 1.9997882289643 -0.0083112753200056 
483.80526865283 2.0002117710599 -0.0082681175904459 1.9997882289398 -0.0082681175904442 
486.3185427757 2.0002117710842 -0.0082254054481803 1.9997882289155 -0.008225405448173 
488.83181689857 2.0002117711081 -0.0081831320127838 1.9997882288915 -0.0081831320127771 
491.34509102144 2.0002117711316 -0.0081412905469671 1.9997882288678 -0.008141290546968 
493.85836514432 2.0002117711548 -0.0080998744559392 1.9997882288446 -0.0080998744559509 
496.37163926719 2.0002117711779 -0.008058877254976 1.9997882288218 -0.0080588772549769 
498.88491339006 2.0002117712005 -0.0080182926140554 1.9997882287992 -0.0080182926140641 
501.39818751293 2.0002117712225 -0.0079781143224699 1.9997882287768 -0.0079781143224677 
503.9114616358 2.0002117712446 -0.0079383362921966 1.9997882287549 -0.0079383362922062 
506.42473575867 2.0002117712662 -0.0078989525570185 1.9997882287332 -0.0078989525570085 
508.93800988155 2.0002117712875 -0.0078599572761744 1.9997882287119 -0.0078599572761747 
511.45128400442 2.0002117713085 -0.0078213446990332 1.9997882286908 -0.0078213446990327 
513.96455812729 2.0002117713292 -0.0077831092122029 1.9997882286701 -0.0077831092122092 
516.47783225016 2.0002117713497 -0.007745245302972 1.9997882286497 -0.0077452453029729 
518.99110637303 2.0002117713697 -0.0077077475660403 1.9997882286294 -0.0077077475660414 
521.50438049591 2.0002117713898 -0.0076706107082807 1.9997882286096 -0.0076706107082832 
524.01765461878 2.0002117714093 -0.0076338295128142 1.99978822859 -0.0076338295128108 
526.53092874165 2.0002117714287 -0.0075973988876842 1.9997882285707 -0.0075973988876774 
529.04420286452 2.0002117714478 -0.0075613138300066 1.9997882285516 -0.0075613138300041 
531.55747698739 2.0002117714666 -0.0075255694307798 1.9997882285328 -0.0075255694307748 
534.07075111026 2.0002117714849 -0.007490160873534 1.9997882285139 -0.0074901608735373 
536.58402523314 2.0002117715035 -0.0074550834415507 1.9997882284958 -0.007455083441549 
539.09729935601 2.0002117715219 -0.0074203324799206 1.999788228478 -0.0074203324799264 
541.61057347888 2.0002117715394 -0.0073859034458339 1.9997882284599 -0.0073859034458372 
544.12384760175 2.0002117715571 -0.0073517918720806 1.9997882284423 -0.0073517918720807 
546.63712172462 2.0002117715742 -0.0073179933752893 1.9997882284247 -0.0073179933752802 
549.1503958475 2.0002117715916 -0.0072845036581651 1.9997882284078 -0.0072845036581665 
551.66366997037 2.0002117716085 -0.0072513184790918 1.9997882283909 -0.0072513184790929 
554.17694409324 2.0002117716251 -0.0072184336977548 1.9997882283741 -0.0072184336977589 
556.69021821611 2.0002117716417 -0.0071858452409959 1.9997882283578 -0.0071858452409936 
559.20349233898 2.0002117716579 -0.0071535491089701 1.9997882283415 -0.0071535491089604 
561.71676646185 2.0002117716739 -0.0071215413738944 1.9997882283253 -0.0071215413739057 
564.23004058473 2.0002117716899 -0.0070898181868871 1.9997882283096 -0.0070898181868948 
566.7433147076 2.0002117717055 -0.007058375741474 1.999788228294 -0.0070583757414748 
569.25658883047 2.0002117717211 -0.0070272103257575 1.9997882282787 -0.0070272103257557 
571.76986295334 2.000211771736 -0.0069963182826155 1.9997882282631 -0.0069963182826202 
574.28313707621 2.0002117717512 -0.0069656960226479 1.9997882282483 -0.00696569602265 
576.79641119909 2.0002117717659 -0.0069353400247157 1.9997882282333 -0.0069353400247125 
579.30968532196 2.0002117717806 -0.0069052468062575 1.9997882282187 -0.0069052468062506 
581.82295944483 2.0002117717952 -0.0068754129687327 1.9997882282044 -0.0068754129687359 
584.3362335677 2.0002117718092 -0.0068458351658119 1.9997882281898 -0.0068458351658086 
586.84950769057 2.0002117718235 -0.0068165101078063 1.999788228176 -0.0068165101078089 
589.36278181345 2.0002117718375 -0.0067874345706086 1.9997882281621 -0.0067874345706062 
591.87605593632 2.000211771851 -0.0067586053596526 1.9997882281482 -0.0067586053596521 
594.38933005919 2.0002117718645 -0.0067300193610286 1.9997882281346 -0.0067300193610281 
596.90260418206 2.0002117718781 -0.0067016735046241 1.9997882281214 -0.0067016735046251 
599.41587830493 2.0002117718913 -0.0066735647720356 1.9997882281082 -0.0066735647720348 
601.9291524278 2.0002117719044 -0.0066456901960747 1.9997882280952 -0.0066456901960744 
604.44242655068 2.0002117719173 -0.0066180468702756 1.9997882280823 -0.0066180468702674 
606.95570067355 2.0002117719298 -0.0065906319069851 1.9997882280694 -0.0065906319069771 
609.46897479642 2.0002117719426 -0.006563442495117 1.9997882280571 -0.0065634424951197 
611.98224891929 2.0002117719547 -0.0065364758609821 1.9997882280445 -0.0065364758609798 
614.49552304216 2.000211771967 -0.0065097292774683 1.9997882280324 -0.006509729277465 
617.00879716504 2.0002117719791 -0.0064832000695833 1.9997882280203 -0.0064832000695818 
619.52207128791 2.0002117719911 -0.0064568855823231 1.9997882280085 -0.0064568855823204 
622.03534541078 2.0002117720028 -0.0064307832284697 1.9997882279967 -0.0064307832284653 
624.54861953365 2.0002117720144 -0.0064048904546855 1.999788227985 -0.0064048904546845 
627.06189365652 2.0002117720257 -0.0063792047494605 1.9997882279735 -0.0063792047494491 
629.57516777939 2.0002117720371 -0.006353723640926 1.9997882279623 -0.0063537236409296 
632.08844190227 2.0002117720483 -0.0063284447070699 1.9997882279511 -0.0063284447070662 
634.60171602514 2.0002117720593 -0.0063033655377992 1.9997882279401 -0.0063033655378019 
637.11499014801 2.0002117720702 -0.0062784837877595 1.9997882279292 -0.0062784837877584 
639.62826427088 2.0002117720809 -0.0062537971398683 1.9997882279185 -0.0062537971398588 
642.14153839375 2.0002117720915 -0.0062293033136562 1.9997882279079 -0.0062293033136541 
644.65481251663 2.000211772102 -0.0062050000739133 1.9997882278974 -0.006205000073907 
647.1680866395 2.0002117721123 -0.0061808851944997 1.9997882278872 -0.0061808851945031 
649.68136076237 2.0002117721224 -0.0061569565091846 1.9997882278768 -0.0061569565091869 
652.19463488524 2.0002117721325 -0.0061332118779499 1.9997882278669 -0.0061332118779495 
654.70790900811 2.0002117721424 -0.0061096491928341 1.9997882278569 -0.0061096491928289 
657.22118313098 2.0002117721523 -0.006086266378808 1.9997882278472 -0.0060862663787988 
659.73445725386 2.0002117721619 -0.0060630614016651 1.9997882278375 -0.0060630614016642 
662.24773137673 2.0002117721714 -0.0060400322328209 1.999788227828 -0.0060400322328224 
664.7610054996 2.0002117721808 -0.0060171768989202 1.9997882278186 -0.0060171768989213 
667.27427962247 2.0002117721901 -0.0059944934497177 1.9997882278093 -0.005994493449717 
669.78755374534 2.0002117721993 -0.0059719799629291 1.9997882278002 -0.0059719799629208 
672.30082786822 2.0002117722083 -0.0059496345544843 1.9997882277911 -0.0059496345544813 
674.81410199109 2.0002117722173 -0.0059274553428189 1.9997882277822 -0.0059274553428159 
677.32737611396 2.0002117722261 -0.0059054405002385 1.9997882277734 -0.0059054405002319 
679.84065023683 2.0002117722349 -0.0058835882166913 1.9997882277648 -0.0058835882166862 
682.3539243597 2.0002117722433 -0.0058618967098718 1.9997882277561 -0.0058618967098712 
684.86719848257 2.0002117722518 -0.0058403642227601 1.9997882277476 -0.0058403642227592 
687.38047260545 2.0002117722605 -0.0058189890338555 1.9997882277396 -0.0058189890338502 
689.89374672832 2.000211772268 -0.0057977694197442 1.9997882277306 -0.0057977694197445 
692.40702085119 2.0002117722764 -0.0057767037081733 1.9997882277228 -0.0057767037081683 
694.92029497406 2.0002117722847 -0.0057557902424719 1.999788227715 -0.0057557902424759 
697.43356909693 2.0002117722924 -0.0057350273904184 1.9997882277069 -0.0057350273904143 
699.94684321981 2.0002117723003 -0.0057144135501182 1.9997882276991 -0.0057144135501176 
702.46011734268 2.0002117723083 -0.0056939471191476 1.9997882276916 -0.0056939471191428 
704.97339146555 2.0002117723156 -0.0056736265408405 1.9997882276837 -0.0056736265408383 
707.48666558842 2.0002117723232 -0.0056534502738171 1.9997882276763 -0.0056534502738123 
709.99993971129 2.0002117723305 -0.0056334167974131 1.9997882276688 -0.0056334167974127 
712.51321383417 2.0002117723379 -0.0056135246213114 1.9997882276615 -0.0056135246213165 
715.02648795704 2.0002117723451 -0.0055937722499943 1.9997882276543 -0.0055937722499873 
717.53976207991 2.0002117723522 -0.0055741582347581 1.9997882276471 -0.0055741582347586 
720.05303620278 2.0002117723592 -0.0055546811378844 1.9997882276401 -0.0055546811378806 
722.56631032565 2.0002117723662 -0.0055353395414638 1.9997882276332 -0.0055353395414695 
725.07958444852 2.0002117723731 -0.005516132047115 1.9997882276263 -0.0055161320471073 
727.5928585714 2.0002117723799 -0.0054970572845409 1.9997882276196 -0.0054970572845357 
730.10613269427 2.0002117723866 -0.0054781138756214 1.9997882276129 -0.005478113875626 
732.61940681714 2.0002117723932 -0.005459300486872 1.9997882276064 -0.0054593004868715 
735.13268094001 2.0002117723996 -0.0054406157943425 1.9997882275998 -0.0054406157943389 
737.64595506288 2.0002117724061 -0.0054220584913333 1.9997882275934 -0.0054220584913347 
740.15922918576 2.0002117724124 -0.0054036272981144 1.999788227587 -0.0054036272981145 
742.67250330863 2.0002117724185 -0.0053853209252904 1.9997882275806 -0.0053853209252911 
745.1857774315 2.0002117724249 -0.0053671381275599 1.9997882275747 -0.0053671381275638 
747.69905155437 2.0002117724308 -0.0053490776653769 1.9997882275683 -0.0053490776653787 
750.21232567724 2.0002117724373 -0.0053311383176568 1.9997882275627 -0.0053311383176555 
752.72559980011 2.0002117724434 -0.0053133188777571 1.999788227557 -0.005313318877759 
755.23887392299 2.0002117724488 -0.0052956181653183 1.9997882275506 -0.0052956181653163 
757.75214804586 2.0002117724547 -0.005278034987014 1.9997882275449 -0.0052780349870135 
760.26542216873 2.0002117724602 -0.0052605681928246 1.9997882275389 -0.0052605681928263 
762.7786962916 2.0002117724665 -0.0052432166384625 1.9997882275339 -0.0052432166384617 
765.29197041447 2.0002117724717 -0.0052259791936871 1.9997882275278 -0.0052259791936869 
767.80524453735 2.0002117724772 -0.0052088547519174 1.9997882275223 -0.0052088547519193 
770.31851866022 2.0002117724826 -0.0051918421951065 1.9997882275168 -0.0051918421951045 
772.83179278309 2.0002117724881 -0.0051749404458718 1.9997882275115 -0.0051749404458785 
775.34506690596 2.0002117724933 -0.0051581484294303 1.9997882275061 -0.0051581484294328 
777.85834102883 2.0002117724986 -0.0051414650874508 1.9997882275008 -0.0051414650874602 
780.3716151517 2.0002117725038 -0.0051248893736703 1.9997882274956 -0.0051248893736724 
782.88488927458 2.0002117725086 -0.0051084202634845 1.9997882274902 -0.0051084202634843 
785.39816339745 2.0002117725139 -0.005092056719919 1.9997882274854 -0.0050920567199169 
787.91143752032 2.000211772519 -0.0050757977441589 1.9997882274804 -0.005075797744159 
790.42471164319 2.000211772524 -0.0050596423421904 1.9997882274755 -0.0050596423421854 
792.93798576606 2.0002117725287 -0.0050435895309428 1.9997882274704 -0.0050435895309418 
795.45125988894 2.0002117725337 -0.0050276383495975 1.9997882274657 -0.0050276383495917 
797.96453401181 2.0002117725385 -0.0050117878223956 1.9997882274609 -0.0050117878223958 
800.47780813468 2.0002117725432 -0.0049960370120934 1.9997882274561 -0.0049960370120925 
802.99108225755 2.0002117725479 -0.0049803849841206 1.9997882274514 -0.0049803849841175 
805.50435638042 2.0002117725527 -0.0049648308147388 1.9997882274469 -0.0049648308147376 
808.01763050329 2.0002117725572 -0.0049493735924986 1.9997882274423 -0.0049493735925014 
810.53090462617 2.0002117725616 -0.0049340124252001 1.9997882274376 -0.0049340124251989 
813.04417874904 2.000211772566 -0.0049187464061674 1.9997882274331 -0.0049187464061684 
815.55745287191 2.0002117725709 -0.0049035746643434 1.9997882274291 -0.0049035746643425 
818.07072699478 2.000211772575 -0.0048884963321872 1.9997882274244 -0.0048884963321834 
820.58400111765 2.0002117725793 -0.0048735105515298 1.9997882274202 -0.0048735105515318 
823.09727524053 2.0002117725837 -0.0048586164827197 1.9997882274159 -0.0048586164827092 
825.6105493634 2.0002117725875 -0.0048438132720115 1.9997882274113 -0.0048438132720123 
828.12382348627 2.0002117725921 -0.0048291001003598 1.9997882274074 -0.0048291001003636 
830.63709760914 2.0002117725962 -0.0048144761507977 1.9997882274033 -0.0048144761507955 
833.15037173201 2.0002117726 -0.0047999406148634 1.9997882273988 -0.0047999406148652 
835.66364585488 2.0002117726044 -0.0047854926943029 1.9997882273951 -0.004785492694299 
838.17691997776 2.0002117726084 -0.0047711316096119 1.9997882273911 -0.0047711316096135 
840.69019410063 2.0002117726124 -0.0047568565640368 1.9997882273871 -0.0047568565640372 
843.2034682235 2.0002117726162 -0.0047426667961471 1.999788227383 -0.0047426667961395 
845.71674234637 2.0002117726201 -0.0047285615448734 1.9997882273791 -0.0047285615448724 
848.23001646924 2.0002117726243 -0.0047145400579505 1.9997882273756 -0.0047145400579522 
850.74329059212 2.0002117726282 -0.004700601599919 1.9997882273719 -0.0047006015999202 
853.25656471499 2.0002117726321 -0.0046867454200203 1.9997882273682 -0.0046867454200217 
855.76983883786 2.0002117726353 -0.0046729707998629 1.999788227364 -0.0046729707998612 
858.28311296073 2.0002117726394 -0.0046592770223913 1.9997882273606 -0.004659277022384 
860.7963870836 2.0002117726433 -0.004645663378282 1.9997882273572 -0.0046456633782845 
863.30966120648 2.0002117726465 -0.0046321291735299 1.9997882273531 -0.004632129173531 
865.82293532935 2.0002117726501 -0.0046186736988391 1.9997882273495 -0.0046186736988406 
868.33620945222 2.0002117726538 -0.0046052962783338 1.9997882273461 -0.0046052962783342 
870.84948357509 2.0002117726576 -0.0045919962333159 1.9997882273428 -0.0045919962333136 
873.36275769796 2.0002117726604 -0.0045787728958863 1.9997882273386 -0.004578772895891 
875.87603182083 2.0002117726642 -0.0045656256028005 1.9997882273355 -0.0045656256027937 
878.38930594371 2.0002117726676 -0.0045525537089056 1.999788227332 -0.0045525537089097 
880.90258006658 2.0002117726715 -0.0045395565498904 1.9997882273291 -0.0045395565498906 
883.41585418945 2.0002117726741 -0.0045266334947834 1.999788227325 -0.004526633494789 
885.92912831232 2.0002117726775 -0.0045137839117262 1.9997882273218 -0.0045137839117265 
888.44240243519 2.0002117726809 -0.0045010071743008 1.9997882273185 -0.0045010071743018 
890.95567655807 2.0002117726842 -0.0044883026742694 1.9997882273153 -0.0044883026742696 
893.46895068094 2.0002117726874 -0.0044756697819654 1.999788227312 -0.0044756697819684 
895.98222480381 2.0002117726904 -0.0044631079025522 1.9997882273085 -0.0044631079025503 
898.49549892668 2.0002117726938 -0.0044506164380743 1.9997882273056 -0.0044506164380733 
901.00877304955 2.000211772697 -0.0044381947971217 1.9997882273025 -0.0044381947971191 
903.52204717242 2.0002117727003 -0.0044258423960349 1.9997882272995 -0.0044258423960301 
906.0353212953 2.0002117727032 -0.0044135586646073 1.9997882272962 -0.0044135586646077 
908.54859541817 2.0002117727064 -0.004401343014566 1.9997882272932 -0.0044013430145652 
911.06186954104 2.0002117727095 -0.0043891948889288 1.9997882272903 -0.004389194888931 
913.57514366391 2.0002117727123 -0.0043771137292723 1.999788227287 -0.0043771137292699 
916.08841778678 2.0002117727151 -0.0043650989825061 1.9997882272838 -0.0043650989825083 
918.60169190966 2.0002117727183 -0.0043531501088998 1.999788227281 -0.0043531501088953 
921.11496603253 2.0002117727212 -0.0043412665523512 1.9997882272781 -0.0043412665523473 
923.6282401554 2.0002117727242 -0.0043294477855099 1.9997882272752 -0.0043294477855144 
926.14151427827 2.0002117727266 -0.0043176932795504 1.9997882272718 -0.0043176932795511 
928.65478840114 2.0002117727303 -0.0043060025098478 1.9997882272698 -0.0043060025098488 
931.16806252401 2.0002117727328 -0.0042943749603682 1.9997882272666 -0.0042943749603654 
933.68133664689 2.0002117727356 -0.0042828101265967 1.9997882272638 -0.0042828101265973 
936.19461076976 2.0002117727386 -0.0042713074837927 1.9997882272612 -0.0042713074837914 
938.70788489263 2.0002117727412 -0.0042598665413158 1.9997882272582 -0.0042598665413199 
941.2211590155 2.0002117727442 -0.0042484868017239 1.9997882272557 -0.0042484868017272 
943.73443313837 2.0002117727467 -0.0042371677749516 1.9997882272528 -0.0042371677749543 
946.24770726125 2.0002117727498 -0.0042259089834025 1.9997882272505 -0.0042259089834042 
948.76098138412 2.0002117727519 -0.0042147099310599 1.9997882272472 -0.0042147099310562 
951.27425550699 2.0002117727547 -0.0042035701505828 1.9997882272446 -0.00420357015058 
953.78752962986 2.0002117727575 -0.004192489171465 1.9997882272421 -0.0041924891714732 
956.30080375273 2.00021177276 -0.00418146652942 1.9997882272394 -0.0041814665294162 
958.8140778756 2.0002117727626 -0.0041705017639623 1.9997882272367 -0.0041705017639568 
961.32735199848 2.0002117727653 -0.0041595944273326 1.9997882272343 -0.0041595944273287 
963.84062612135 2.0002117727677 -0.0041487440526041 1.9997882272316 -0.0041487440526085 
966.35390024422 2.0002117727702 -0.0041379502024765 1.999788227229 -0.0041379502024786 
968.86717436709 2.0002117727725 -0.0041272124353842 1.9997882272263 -0.0041272124353822 
971.38044848996 2.0002117727753 -0.0041165303137979 1.9997882272241 -0.004116530313799 
973.89372261284 2.0002117727781 -0.0041059034153455 1.9997882272219 -0.0041059034153495 
976.40699673571 2.0002117727803 -0.0040953312947698 1.9997882272192 -0.0040953312947694 
978.92027085858 2.0002117727824 -0.0040848135368239 1.9997882272163 -0.0040848135368213 
981.43354498145 2.0002117727851 -0.0040743497232809 1.9997882272142 -0.0040743497232832 
983.94681910432 2.0002117727875 -0.0040639394386088 1.9997882272117 -0.0040639394386093 
986.4600932272 2.00021177279 -0.0040535822814291 1.9997882272095 -0.0040535822814296 
988.97336735007 2.0002117727921 -0.0040432778281216 1.9997882272069 -0.0040432778281234 
991.48664147294 2.0002117727948 -0.0040330256857987 1.9997882272048 -0.0040330256857937 
993.99991559581 2.0002117727972 -0.0040228254556796 1.9997882272025 -0.004022825455677 
996.51318971868 2.0002117727995 -0.0040126767440832 1.9997882272002 -0.004012676744081 
999.02646384155 2.0002117728018 -0.004002579160762 1.9997882271979 -0.0040025791607584 
1001.5397379644 2.0002117728042 -0.0039925323027763 1.9997882271958 -0.0039925323027773 
1004.0530120873 2.0002117728063 -0.0039825358479304 1.9997882271933 -0.0039825358479295 
1006.5662862102 2.0002117728085 -0.0039725893745504 1.999788227191 -0.0039725893745501 
1009.079560333 2.0002117728106 -0.0039626924238744 1.9997882271886 -0.0039626924238751 
1011.5928344559 2.0002117728128 -0.0039528447941713 1.9997882271864 -0.0039528447941699 
1014.1061085788 2.0002117728152 -0.0039430460337556 1.9997882271844 -0.0039430460337546 
1016.6193827017 2.0002117728175 -0.0039332957795703 1.9997882271823 -0.0039332957795706 
1019.1326568245 2.0002117728195 -0.0039235935861035 1.99978822718 -0.003923593586105 
1021.6459309474 2.0002117728217 -0.0039139392664593 1.9997882271778 -0.0039139392664582 
1024.1592050703 2.0002117728238 -0.0039043323845102 1.9997882271757 -0.0039043323845123 
1026.6724791931 2.0002117728257 -0.0038947725049141 1.9997882271734 -0.0038947725049122 
1029.185753316 2.0002117728279 -0.0038852594513149 1.9997882271713 -0.0038852594513154 
1031.6990274389 2.0002117728301 -0.0038757927969219 1.9997882271693 -0.0038757927969196 
1034.2123015618 2.0002117728322 -0.0038663722021684 1.9997882271673 -0.0038663722021699 
1036.7255756846 2.0002117728342 -0.003856997246549 1.9997882271651 -0.0038569972465477 
1039.2388498075 2.0002117728362 -0.0038476677670214 1.9997882271631 -0.0038476677670219 
1041.7521239304 2.0002117728384 -0.0038383833496181 1.9997882271611 -0.0038383833496205 
1044.2653980532 2.0002117728403 -0.0038291435831136 1.9997882271591 -0.0038291435831111 
1046.7786721761 2.0002117728424 -0.0038199483135838 1.9997882271571 -0.0038199483135844 
1049.291946299 2.0002117728443 -0.0038107971374145 1.9997882271551 -0.003810797137411 
1051.8052204219 2.0002117728463 -0.0038016897366622 1.9997882271531 -0.0038016897366599 
1054.3184945447 2.0002117728483 -0.0037926257131588 1.9997882271511 -0.0037926257131632 
1056.8317686676 2.0002117728503 -0.0037836049255911 1.9997882271492 -0.0037836049255883 
1059.3450427905 2.0002117728521 -0.0037746269818877 1.9997882271471 -0.003774626981889 
1061.8583169134 2.000211772854 -0.0037656915750034 1.9997882271452 -0.0037656915750007 
1064.3715910362 2.000211772856 -0.003756798320916 1.9997882271434 -0.0037567983209173 
1066.8848651591 2.000211772858 -0.0037479470880683 1.9997882271416 -0.0037479470880696 
1069.398139282 2.0002117728597 -0.0037391374964037 1.9997882271395 -0.0037391374964041 
1071.9114134048 2.0002117728617 -0.0037303691667849 1.9997882271378 -0.0037303691667827 
1074.4246875277 2.0002117728636 -0.003721641978292 1.9997882271359 -0.0037216419782948 
1076.9379616506 2.0002117728654 -0.0037129555584088 1.999788227134 -0.0037129555584115 
1079.4512357735 2.0002117728673 -0.0037043096210247 1.9997882271323 -0.0037043096210284 
1081.9645098963 2.0002117728691 -0.0036957037990651 1.9997882271304 -0.0036957037990665 
1084.4777840192 2.0002117728707 -0.003687137982137 1.9997882271284 -0.0036871379821359 
1086.9910581421 2.0002117728726 -0.0036786118075933 1.9997882271267 -0.0036786118075933 
1089.5043322649 2.0002117728745 -0.0036701249161998 1.999788227125 -0.0036701249162032 
1092.0176063878 2.0002117728762 -0.0036616772045307 1.9997882271231 -0.0036616772045298 
1094.5308805107 2.000211772878 -0.0036532683183114 1.9997882271214 -0.0036532683183117 
1097.0441546336 2.0002117728797 -0.0036448979902057 1.9997882271196 -0.0036448979902043 
1099.5574287564 2.0002117728815 -0.0036365658704884 1.9997882271179 -0.0036365658704906 
1102.0707028793 2.0002117728832 -0.0036282718660384 1.9997882271161 -0.0036282718660397 
1104.5839770022 2.0002117728849 -0.0036200156323893 1.9997882271144 -0.0036200156323902 
1107.097251125 2.0002117728868 -0.0036117968265205 1.9997882271128 -0.0036117968265248 
1109.6105252479 2.0002117728884 -0.0036036153627457 1.9997882271111 -0.0036036153627436 
1112.1237993708 2.0002117728901 -0.0035954709036531 1.9997882271094 -0.0035954709036508 
1114.6370734937 2.0002117728917 -0.0035873631979799 1.9997882271077 -0.0035873631979779 
1117.1503476165 2.0002117728933 -0.0035792919127784 1.9997882271059 -0.0035792919127811 
1119.6636217394 2.000211772895 -0.0035712569710042 1.9997882271044 -0.0035712569710028 
1122.1768958623 2.0002117728967 -0.0035632580440919 1.9997882271027 -0.0035632580440936 
1124.6901699851 2.0002117728982 -0.0035552948057091 1.999788227101 -0.0035552948057153 
1127.203444108 2.0002117728998 -0.0035473671849749 1.9997882270994 -0.0035473671849767 
1129.7167182309 2.0002117729015 -0.0035394748601495 1.9997882270978 -0.003539474860149 
1132.2299923538 2.0002117729032 -0.0035316175957172 1.9997882270963 -0.0035316175957188 
1134.7432664766 2.0002117729047 -0.0035237950735451 1.9997882270946 -0.0035237950735422 
1137.2565405995 2.0002117729065 -0.0035160072320538 1.9997882270932 -0.0035160072320591 
1139.7698147224 2.0002117729078 -0.0035082537569081 1.9997882270914 -0.003508253756909 
1142.2830888452 2.0002117729096 -0.0035005343366145 1.9997882270901 -0.0035005343366171 
1144.7963629681 2.0002117729111 -0.0034928489151054 1.9997882270885 -0.0034928489151073 
1147.309637091 2.0002117729123 -0.003485197184913 1.9997882270866 -0.0034851971849143 
1149.8229112139 2.0002117729141 -0.0034775789244651 1.9997882270853 -0.0034775789244622 
1152.3361853367 2.0002117729157 -0.0034699938301515 1.9997882270839 -0.0034699938301483 
1154.8494594596 2.0002117729171 -0.0034624418534592 1.9997882270823 -0.0034624418534583 
1157.3627335825 2.0002117729186 -0.0034549226946565 1.9997882270807 -0.0034549226946602 
1159.8760077054 2.0002117729201 -0.0034474361401913 1.9997882270793 -0.0034474361401909 
1162.3892818282 2.0002117729215 -0.0034399818935958 1.9997882270778 -0.0034399818935939 
1164.9025559511 2.000211772923 -0.0034325599143234 1.9997882270763 -0.0034325599143241 
1167.415830074 2.0002117729245 -0.0034251699095036 1.9997882270748 -0.0034251699095035 
1169.9291041968 2.000211772926 -0.0034178115884308 1.9997882270734 -0.0034178115884323 
1172.4423783197 2.0002117729274 -0.003410484916162 1.9997882270719 -0.0034104849161638 
1174.9556524426 2.0002117729288 -0.0034031896049488 1.9997882270705 -0.0034031896049492 
1177.4689265655 2.0002117729303 -0.0033959254540005 1.9997882270691 -0.0033959254540026 
1179.9822006883 2.0002117729317 -0.0033886921797482 1.9997882270677 -0.0033886921797454 
1182.4954748112 2.0002117729331 -0.0033814897536149 1.9997882270663 -0.0033814897536148 
1185.0087489341 2.0002117729346 -0.0033743178953743 1.9997882270649 -0.0033743178953738 
1187.5220230569 2.000211772936 -0.0033671763265233 1.9997882270635 -0.0033671763265222 
1190.0352971798 2.0002117729373 -0.0033600650235356 1.9997882270621 -0.0033600650235347 
1192.5485713027 2.0002117729387 -0.0033529837114849 1.9997882270607 -0.0033529837114818 
1195.0618454256 2.0002117729401 -0.0033459322008299 1.9997882270594 -0.0033459322008308 
1197.5751195484 2.0002117729415 -0.0033389102196072 1.999788227058 -0.0033389102196092 
1200.0883936713 2.0002117729428 -0.0033319177516936 1.9997882270567 -0.0033319177516923 
1202.6016677942 2.0002117729441 -0.0033249545278372 1.9997882270552 -0.0033249545278383 
1205.114941917 2.0002117729455 -0.0033180202807826 1.999788227054 -0.0033180202807804 
1207.6282160399 2.0002117729468 -0.0033111149994937 1.9997882270526 -0.0033111149994925 
1210.1414901628 2.0002117729481 -0.0033042384193806 1.9997882270513 -0.0033042384193779 
1212.6547642857 2.0002117729494 -0.0032973903629894 1.99978822705 -0.0032973903629853 
1215.1680384085 2.0002117729507 -0.0032905705699234 1.9997882270487 -0.0032905705699248 
1217.6813125314 2.000211772952 -0.0032837790346262 1.9997882270474 -0.0032837790346226 
1220.1945866543 2.0002117729533 -0.0032770155003133 1.9997882270461 -0.0032770155003113 
1222.7078607771 2.0002117729546 -0.0032702797109071 1.9997882270448 -0.0032702797109043 
1225.2211349 2.0002117729558 -0.0032635716669133 1.9997882270435 -0.0032635716669115 
1227.7344090229 2.0002117729571 -0.0032568911165024 1.9997882270423 -0.0032568911165016 
1230.2476831458 2.0002117729583 -0.0032502378940572 1.999788227041 -0.0032502378940589 
1232.7609572686 2.0002117729596 -0.0032436117520176 1.9997882270398 -0.0032436117520165 
1235.2742313915 2.0002117729608 -0.0032370126990476 1.9997882270386 -0.0032370126990443 
1237.7875055144 2.0002117729621 -0.0032304404919881 1.9997882270374 -0.0032304404919915 
1240.3007796373 2.0002117729632 -0.0032238949757416 1.9997882270361 -0.0032238949757397 
1242.8140537601 2.0002117729645 -0.0032173759141432 1.9997882270349 -0.0032173759141447 
1245.327327883 2.0002117729657 -0.0032108833287864 1.9997882270337 -0.0032108833287863 
1247.8406020059 2.0002117729669 -0.0032044169932582 1.9997882270326 -0.0032044169932618 
1250.3538761287 2.000211772968 -0.0031979766872007 1.9997882270314 -0.0031979766872004 
1252.8671502516 2.0002117729692 -0.003191562454054 1.9997882270303 -0.0031915624540512 
1255.3804243745 2.0002117729703 -0.0031851740956439 1.9997882270291 -0.0031851740956473 
1257.8936984974 2.0002117729714 -0.0031788115153591 1.999788227028 -0.0031788115153591 
1260.4069726202 2.0002117729726 -0.0031724745579742 1.9997882270269 -0.0031724745579728 
1262.9202467431 2.0002117729737 -0.0031661633598672 1.9997882270258 -0.0031661633598696 
1265.433520866 2.0002117729747 -0.0031598778603849 1.9997882270247 -0.0031598778603853 
1267.9467949888 2.0002117729757 -0.0031536180874394 1.9997882270237 -0.0031536180874378 
1270.4600691117 2.0002117729767 -0.0031473844597923 1.9997882270227 -0.0031473844597911 
1272.9733432346 2.0002117729776 -0.0031411773484202 1.9997882270218 -0.0031411773484208 
1275.4866173575 2.0002117729785 -0.0031349974802904 1.9997882270209 -0.0031349974802896 
1277.9998914803 2.0002117729795 -0.0031288456611618 1.9997882270199 -0.0031288456611608 
1280.5131656032 2.0002117729807 -0.0031227220497912 1.9997882270187 -0.0031227220497922 
1283.0264397261 2.0002117729828 -0.0031166211970565 1.9997882270166 -0.0031166211970562 
1285.5397138489 2.0002117729856 -0.0031105279070576 1.9997882270138 -0.0031105279070565 
1288.0529879718 2.0002117729876 -0.0031044425316509 1.9997882270118 -0.0031044425316519 
1290.5662620947 2.0002117729888 -0.0030983799422705 1.9997882270106 -0.0030983799422698 
1293.0795362176 2.0002117729897 -0.0030923450288159 1.9997882270097 -0.0030923450288171 
1295.5928103404 2.0002117729906 -0.003086337295506 1.9997882270089 -0.0030863372955051 
1298.1060844633 2.0002117729914 -0.0030803556698804 1.999788227008 -0.0030803556698811 
1300.6193585862 2.0002117729923 -0.0030743990287824 1.9997882270071 -0.0030743990287807 
1303.132632709 2.0002117729933 -0.003068466538224 1.9997882270062 -0.0030684665382245 
1305.6459068319 2.0002117729942 -0.0030625578319795 1.9997882270052 -0.0030625578319801 
1308.1591809548 2.0002117729952 -0.0030566724306159 1.9997882270042 -0.003056672430615 
1310.6724550777 2.0002117729962 -0.0030508100291593 1.9997882270032 -0.0030508100291595 
1313.1857292005 2.0002117729972 -0.003044970294917 1.9997882270022 -0.0030449702949153 
1315.6990033234 2.0002117729982 -0.003039153187782 1.9997882270013 -0.0030391531877821 
1318.2122774463 2.0002117729992 -0.0030333584385149 1.9997882270002 -0.0030333584385142 
1320.7255515691 2.0002117730002 -0.003027585794454 1.9997882269993 -0.0030275857944552 
1323.238825692 2.0002117730012 -0.0030218352699775 1.9997882269983 -0.003021835269978 
1325.7520998149 2.0002117730021 -0.0030161066331758 1.9997882269973 -0.0030161066331774 
1328.2653739378 2.0002117730031 -0.0030103997438743 1.9997882269962 -0.0030103997438737 
1330.7786480606 2.0002117730041 -0.0030047143820924 1.9997882269953 -0.003004714382092 
1333.2919221835 2.0002117730051 -0.0029990505851838 1.9997882269943 -0.0029990505851812 
1335.8051963064 2.0002117730061 -0.0029934081400029 1.9997882269933 -0.002993408140004 
1338.3184704293 2.0002117730071 -0.0029877869206427 1.9997882269924 -0.0029877869206442 
1340.8317445521 2.000211773008 -0.0029821867180445 1.9997882269914 -0.0029821867180431 
1343.345018675 2.000211773009 -0.0029766075796318 1.9997882269904 -0.00297660757963 
1345.8582927979 2.00021177301 -0.0029710493003457 1.9997882269894 -0.0029710493003462 
1348.3715669207 2.000211773011 -0.0029655116759689 1.9997882269885 -0.0029655116759729 
1350.8848410436 2.0002117730119 -0.0029599947585516 1.9997882269875 -0.0029599947585524 
1353.3981151665 2.0002117730128 -0.0029544983462392 1.9997882269865 -0.00295449834624 
1355.9113892894 2.0002117730138 -0.0029490223241467 1.9997882269856 -0.0029490223241455 
1358.4246634122 2.0002117730147 -0.0029435664931124 1.9997882269846 -0.0029435664931128 
1360.9379375351 2.0002117730156 -0.0029381309089094 1.9997882269837 -0.0029381309089105 
1363.451211658 2.0002117730167 -0.0029327153747575 1.9997882269829 -0.0029327153747592 
1365.9644857808 2.0002117730175 -0.0029273196945998 1.9997882269818 -0.0029273196946032 
1368.4777599037 2.0002117730185 -0.0029219439269215 1.9997882269809 -0.0029219439269214 
1370.9910340266 2.0002117730194 -0.0029165878779854 1.99978822698 -0.0029165878779871 
1373.5043081495 2.0002117730204 -0.0029112514388995 1.9997882269792 -0.002911251438898 
1376.0175822723 2.0002117730212 -0.0029059344168995 1.9997882269782 -0.0029059344168983 
1378.5308563952 2.0002117730223 -0.0029006368748325 1.9997882269775 -0.002900636874832 
1381.0441305181 2.000211773023 -0.0028953586210906 1.9997882269763 -0.0028953586210936 
1383.5574046409 2.0002117730242 -0.0028900994658832 1.9997882269757 -0.0028900994658844 
1386.0706787638 2.0002117730249 -0.0028848594746956 1.9997882269746 -0.0028848594746968 
1388.5839528867 2.0002117730257 -0.0028796384580288 1.9997882269737 -0.0028796384580313 
1391.0972270096 2.0002117730266 -0.0028744363134452 1.9997882269729 -0.0028744363134479 
1393.6105011324 2.0002117730275 -0.0028692528536579 1.9997882269719 -0.0028692528536571 
1396.1237752553 2.0002117730284 -0.0028640881465277 1.9997882269711 -0.0028640881465264 
1398.6370493782 2.0002117730293 -0.0028589420068747 1.9997882269702 -0.0028589420068704 
1401.150323501 2.0002117730301 -0.0028538142499464 1.9997882269693 -0.0028538142499477 
1403.6635976239 2.000211773031 -0.0028487049454803 1.9997882269685 -0.0028487049454773 
1406.1768717468 2.0002117730317 -0.0028436139107006 1.9997882269675 -0.0028436139106993 
1408.6901458697 2.0002117730326 -0.0028385410471997 1.9997882269667 -0.0028385410471975 
1411.2034199925 2.0002117730335 -0.0028334861733727 1.9997882269658 -0.0028334861733732 
1413.7166941154 2.0002117730344 -0.0028284493624329 1.999788226965 -0.0028284493624313 
1416.2299682383 2.0002117730352 -0.0028234304332811 1.9997882269642 -0.0028234304332821 
1418.7432423612 2.0002117730361 -0.0028184292912249 1.9997882269635 -0.0028184292912248 
1421.256516484 2.0002117730369 -0.0028134457572863 1.9997882269625 -0.0028134457572837 
1423.7697906069 2.0002117730378 -0.0028084799068456 1.9997882269618 -0.0028084799068452 
1426.2830647298 2.0002117730387 -0.0028035315621637 1.999788226961 -0.0028035315621642 
1428.7963388526 2.0002117730393 -0.0027986005464185 1.99978822696 -0.0027986005464188 
1431.3096129755 2.00021177304 -0.0027936869366455 1.9997882269591 -0.0027936869366443 
1433.8228870984 2.000211773041 -0.0027887905578755 1.9997882269584 -0.002788790557878 
1436.3361612213 2.0002117730418 -0.002783911318623 1.9997882269576 -0.0027839113186216 
1438.8494353441 2.0002117730425 -0.0027790490452489 1.9997882269567 -0.0027790490452475 
1441.362709467 2.0002117730435 -0.0027742038174985 1.9997882269561 -0.0027742038174983 
1443.8759835899 2.0002117730445 -0.0027693754620418 1.9997882269555 -0.0027693754620384 
1446.3892577127 2.000211773045 -0.0027645638065647 1.9997882269544 -0.0027645638065659 
1448.9025318356 2.0002117730458 -0.002759768932687 1.9997882269536 -0.0027597689326869 
1451.4158059585 2.0002117730466 -0.0027549906691461 1.9997882269529 -0.002754990669144 
1453.9290800814 2.0002117730473 -0.0027502289297325 1.999788226952 -0.0027502289297356 
1456.4423542042 2.0002117730482 -0.0027454835445826 1.9997882269513 -0.0027454835445834 
1458.9556283271 2.0002117730488 -0.002740754597647 1.9997882269504 -0.0027407545976457 
1461.46890245 2.0002117730497 -0.0027360419200233 1.9997882269498 -0.0027360419200281 
1463.9821765728 2.0002117730503 -0.0027313453433968 1.9997882269489 -0.0027313453433959 
1466.4954506957 2.0002117730517 -0.0027266649534379 1.9997882269487 -0.0027266649534396 
1469.0087248186 2.000211773052 -0.0027220005836935 1.9997882269475 -0.0027220005836919 
1471.5219989415 2.0002117730528 -0.0027173521511268 1.9997882269467 -0.0027173521511249 
1474.0352730643 2.0002117730535 -0.0027127194901857 1.9997882269459 -0.0027127194901864 
1476.5485471872 2.0002117730543 -0.0027081026888594 1.9997882269453 -0.00270810268886 
1479.0618213101 2.000211773055 -0.0027035015822946 1.9997882269445 -0.0027035015822944 
1481.5750954329 2.0002117730556 -0.00269891600606 1.9997882269436 -0.0026989160060573 
1484.0883695558 2.0002117730564 -0.0026943460497788 1.999788226943 -0.0026943460497804 
1486.6016436787 2.0002117730572 -0.0026897915503909 1.9997882269422 -0.0026897915503923 
1489.1149178016 2.0002117730579 -0.0026852524296404 1.9997882269415 -0.0026852524296437 
1491.6281919244 2.0002117730586 -0.0026807285247725 1.9997882269408 -0.0026807285247718 
1494.1414660473 2.0002117730594 -0.0026762199280537 1.9997882269401 -0.0026762199280553 
1496.6547401702 2.0002117730603 -0.0026717264790106 1.9997882269396 -0.0026717264790137 
1499.168014293 2.0002117730609 -0.0026672480149953 1.9997882269387 -0.0026672480149932 
1501.6812884159 2.0002117730619 -0.0026627846315376 1.9997882269383 -0.0026627846315373 
1504.1945625388 2.0002117730623 -0.002658336167314 1.9997882269373 -0.0026583361673144 
1506.7078366617 2.000211773063 -0.0026539025484904 1.9997882269365 -0.0026539025484911 
1509.2211107845 2.0002117730635 -0.002649483616625 1.9997882269357 -0.0026494836166267 
1511.7343849074 2.0002117730645 -0.0026450794664645 1.9997882269352 -0.0026450794664675 
1514.2476590303 2.0002117730656 -0.0026406899405893 1.9997882269349 -0.0026406899405902 
1516.7609331532 2.000211773066 -0.0026363149668243 1.999788226934 -0.0026363149668266 
1519.274207276 2.0002117730664 -0.0026319543876799 1.999788226933 -0.0026319543876787 
1521.7874813989 2.0002117730672 -0.0026276083006615 1.9997882269324 -0.0026276083006661 
1524.3007555218 2.0002117730678 -0.0026232765504049 1.9997882269316 -0.0026232765504043 
1526.8140296446 2.0002117730683 -0.0026189589809845 1.9997882269308 -0.002618958980984 
1529.3273037675 2.0002117730691 -0.0026146556917013 1.9997882269302 -0.0026146556917037 
1531.8405778904 2.0002117730698 -0.0026103665281792 1.9997882269296 -0.0026103665281779 
1534.3538520133 2.0002117730705 -0.002606091420376 1.9997882269289 -0.0026060914203769 
1536.8671261361 2.0002117730711 -0.0026018302155481 1.9997882269282 -0.0026018302155453 
1539.380400259 2.0002117730718 -0.0025975830139247 1.9997882269276 -0.0025975830139254 
1541.8936743819 2.0002117730724 -0.0025933496628414 1.9997882269269 -0.0025933496628384 
1544.4069485047 2.0002117730731 -0.0025891300102201 1.9997882269262 -0.0025891300102225 
1546.9202226276 2.0002117730738 -0.0025849241583848 1.9997882269256 -0.0025849241583832 
1549.4334967505 2.0002117730744 -0.0025807319555696 1.9997882269249 -0.0025807319555681 
1551.9467708734 2.0002117730749 -0.0025765533357653 1.9997882269242 -0.0025765533357653 
1554.4600449962 2.0002117730757 -0.0025723881485157 1.9997882269236 -0.0025723881485178 
1556.9733191191 2.0002117730765 -0.0025682364969561 1.9997882269231 -0.0025682364969558 
1559.486593242 2.0002117730771 -0.0025640982327684 1.9997882269224 -0.0025640982327644 
1561.9998673648 2.0002117730776 -0.0025599732048228 1.9997882269216 -0.0025599732048202 
1564.5131414877 2.000211773078 -0.0025558615204834 1.9997882269208 -0.0025558615204855 
1567.0264156106 2.0002117730786 -0.0025517630295788 1.9997882269202 -0.0025517630295766 
1569.5396897335 2.0002117730795 -0.0025476776692707 1.9997882269198 -0.002547677669269 
1572.0529638563 2.00021177308 -0.0025436052923206 1.999788226919 -0.0025436052923211 
1574.5662379792 2.0002117730807 -0.0025395460052179 1.9997882269184 -0.0025395460052169 
1577.0795121021 2.0002117730815 -0.0025354996608526 1.999788226918 -0.002535499660856 
1579.5927862249 2.0002117730822 -0.00253146611279 1.9997882269174 -0.0025314661127908 
1582.1060603478 2.0002117730827 -0.0025274454701732 1.9997882269167 -0.0025274454701709 
1584.6193344707 2.0002117730831 -0.0025234375860402 1.999788226916 -0.0025234375860405 
1587.1326085936 2.0002117730839 -0.0025194423998688 1.9997882269155 -0.0025194423998667 
1589.6458827164 2.0002117730845 -0.0025154597670939 1.9997882269149 -0.0025154597670892 
1592.1591568393 2.0002117730851 -0.0025114897975327 1.9997882269143 -0.0025114897975325 
1594.6724309622 2.0002117730858 -0.0025075323467311 1.9997882269138 -0.0025075323467296 
1597.1857050851 2.0002117730862 -0.002503587355208 1.999788226913 -0.0025035873552043 
1599.6989792079 2.0002117730869 -0.0024996546805338 1.9997882269125 -0.0024996546805336 
1602.2122533308 2.0002117730873 -0.0024957344325347 1.9997882269117 -0.0024957344325365 
1604.7255274537 2.0002117730881 -0.0024918264692645 1.9997882269113 -0.002491826469267 
1607.2388015765 2.0002117730893 -0.0024879306487865 1.9997882269113 -0.0024879306487877 
1609.7520756994 2.0002117730893 -0.0024840470823387 1.9997882269101 -0.0024840470823416 
1612.2653498223 2.00021177309 -0.0024801756288498 1.9997882269096 -0.0024801756288484 
1614.7786239452 2.0002117730899 -0.0024763162321294 1.9997882269084 -0.0024763162321266 
1617.291898068 2.0002117730912 -0.002472468749281 1.9997882269085 -0.0024724687492789 
1619.8051721909 2.0002117730914 -0.002468633296839 1.9997882269076 -0.0024686332968424 
1622.3184463138 2.0002117730923 -0.0024648097318248 1.9997882269073 -0.0024648097318292 
1624.8317204366 2.0002117730926 -0.0024609979161735 1.9997882269064 -0.0024609979161698 
1627.3449945595 2.0002117730933 -0.002457197963783 1.999788226906 -0.0024571979637898 
1629.8582686824 2.0002117730938 -0.0024534097353979 1.9997882269053 -0.0024534097354009 
1632.3715428053 2.0002117730944 -0.0024496331768203 1.9997882269049 -0.0024496331768217 
1634.8848169281 2.000211773095 -0.0024458681499238 1.9997882269043 -0.0024458681499228 
1637.398091051 2.0002117730959 -0.0024421147708506 1.9997882269041 -0.0024421147708463 
1639.9113651739 2.000211773096 -0.0024383729003977 1.9997882269031 -0.0024383729003979 
1642.4246392967 2.0002117730966 -0.0024346424020656 1.9997882269026 -0.0024346424020681 
1644.9379134196 2.0002117730972 -0.0024309233923399 1.999788226902 -0.0024309233923396 
1647.4511875425 2.0002117730981 -0.0024272157349133 1.9997882269018 -0.0024272157349113 
1649.9644616654 2.0002117730985 -0.0024235193768953 1.9997882269011 -0.0024235193768967 
1652.4777357882 2.0002117730987 -0.0024198341826499 1.9997882269002 -0.0024198341826552 
1654.9910099111 2.0002117730996 -0.0024161602699318 1.9997882269 -0.0024161602699311 
1657.504284034 2.0002117731 -0.0024124975036349 1.9997882268994 -0.0024124975036303 
1660.0175581568 2.0002117731008 -0.0024088457469789 1.999788226899 -0.0024088457469742 
1662.5308322797 2.0002117731012 -0.0024052051206891 1.9997882268984 -0.0024052051206863 
1665.0441064026 2.0002117731014 -0.002401575489555 1.9997882268974 -0.0024015754895565 
1667.5573805255 2.0002117731028 -0.0023979568032902 1.9997882268978 -0.0023979568032898 
1670.0706546483 2.0002117731026 -0.0023943489275306 1.9997882268965 -0.0023943489275307 
1672.5839287712 2.0002117731032 -0.0023907519831208 1.9997882268961 -0.0023907519831205 
1675.0972028941 2.0002117731041 -0.0023871658363777 1.9997882268959 -0.0023871658363763 
1677.6104770169 2.000211773104 -0.0023835903533745 1.9997882268947 -0.0023835903533748 
1680.1237511398 2.0002117731045 -0.0023800256561423 1.9997882268942 -0.0023800256561428 
1682.6370252627 2.0002117731061 -0.0023764716116468 1.9997882268947 -0.0023764716116485 
1685.1502993856 2.0002117731061 -0.0023729281706487 1.9997882268937 -0.0023729281706476 
1687.6635735084 2.0002117731063 -0.0023693952034774 1.9997882268928 -0.0023693952034803 
1690.1768476313 2.0002117731071 -0.0023658728312626 1.9997882268926 -0.0023658728312629 
1692.6901217542 2.0002117731072 -0.0023623609211824 1.9997882268917 -0.0023623609211831 
1695.2033958771 2.0002117731081 -0.0023588594273373 1.9997882268916 -0.0023588594273392 
1697.7166699999 2.0002117731086 -0.0023553682197198 1.999788226891 -0.0023553682197208 
1700.2299441228 2.0002117731088 -0.0023518874206188 1.9997882268902 -0.0023518874206154 
1702.7432182457 2.0002117731099 -0.002348416899926 1.9997882268903 -0.0023484168999244 
1705.2564923685 2.0002117731099 -0.0023449565267616 1.9997882268893 -0.0023449565267622 
1707.7697664914 2.0002117731104 -0.0023415064253547 1.9997882268887 -0.0023415064253572 
1710.2830406143 2.0002117731113 -0.0023380664658572 1.9997882268885 -0.0023380664658552 
1712.7963147372 2.000211773113 -0.0023346366049999 1.9997882268893 -0.0023346366050019 
1715.30958886 2.0002117731113 -0.0023312167105949 1.9997882268866 -0.0023312167105972 
1717.8228629829 2.0002117731128 -0.002327806909819 1.9997882268871 -0.0023278069098166 
1720.3361371058 2.0002117731143 -0.0023244070728497 1.9997882268876 -0.0023244070728523 
1722.8494112286 2.0002117731137 -0.0023210170734248 1.999788226886 -0.0023210170734254 
1725.3626853515 2.0002117731139 -0.0023176370339624 1.9997882268852 -0.0023176370339615 
1727.8759594744 2.0002117731151 -0.0023142668282685 1.9997882268854 -0.0023142668282723 
1730.3892335973 2.0002117731152 -0.0023109064134339 1.9997882268845 -0.0023109064134386 
1732.9025077201 2.0002117731154 -0.0023075556622629 1.9997882268837 -0.0023075556622653 
1735.415781843 2.0002117731162 -0.0023042147006135 1.9997882268835 -0.0023042147006157 
1737.9290559659 2.0002117731167 -0.0023008834018636 1.999788226883 -0.0023008834018673 
1740.4423300887 2.0002117731166 -0.0022975616386868 1.999788226882 -0.0022975616386868 
1742.9556042116 2.0002117731181 -0.0022942495400208 1.9997882268825 -0.0022942495400195 
1745.4688783345 2.0002117731183 -0.0022909469775811 1.9997882268817 -0.0022909469775816 
1747.9821524574 2.0002117731187 -0.002287653910945 1.9997882268812 -0.0022876539109534 
1750.4954265802 2.0002117731196 -0.0022843702143767 1.9997882268811 -0.0022843702143778 
1753.0087007031 2.0002117731194 -0.0022810960163697 1.99978822688 -0.0022810960163691 
1755.521974826 2.0002117731202 -0.0022778311906855 1.9997882268797 -0.0022778311906874 
1758.0352489488 2.0002117731206 -0.0022745756131385 1.9997882268792 -0.002274575613146 
1760.5485230717 2.0002117731213 -0.0022713294124419 1.999788226879 -0.0022713294124378 
1763.0617971946 2.0002117731212 -0.0022680924628138 1.9997882268779 -0.0022680924628066 
1765.5750713175 2.0002117731216 -0.002264864726106 1.9997882268774 -0.0022648647261128 
1768.0883454403 2.0002117731222 -0.0022616460772419 1.999788226877 -0.0022616460772458 
1770.6016195632 2.0002117731226 -0.0022584366462743 1.9997882268765 -0.0022584366462721 
1773.1148936861 2.0002117731232 -0.0022552363079241 1.9997882268761 -0.0022552363079237 
1775.628167809 2.0002117731219 -0.0022520450261186 1.9997882268739 -0.0022520450261154 
1778.1414419318 2.0002117731248 -0.0022488626750123 1.9997882268759 -0.0022488626750131 
1780.6547160547 2.0002117731248 -0.002245689385439 1.9997882268749 -0.0022456893854346 
1783.1679901776 2.0002117731249 -0.0022425250351729 1.9997882268741 -0.0022425250351711 
1785.6812643004 2.0002117731244 -0.0022393695012383 1.9997882268726 -0.0022393695012441 
1788.1945384233 2.0002117731262 -0.0022362229154385 1.9997882268735 -0.0022362229154381 
1790.7078125462 2.0002117731265 -0.0022330851545233 1.9997882268729 -0.0022330851545247 
1793.2210866691 2.0002117731268 -0.0022299561815479 1.9997882268723 -0.0022299561815541 
1795.7343607919 2.0002117731271 -0.0022268358744095 1.9997882268716 -0.0022268358744144 
1798.2476349148 2.0002117731271 -0.002223724364153 1.9997882268707 -0.0022237243641508 
1800.7609090377 2.0002117731286 -0.0022206215330017 1.9997882268713 -0.0022206215330049 
1803.2741831605 2.0002117731279 -0.002217527254002 1.9997882268697 -0.0022175272539985 
1805.7874572834 2.0002117731294 -0.0022144416647414 1.9997882268703 -0.0022144416647361 
1808.3007314063 2.0002117731295 -0.0022113646416462 1.9997882268695 -0.0022113646416424 
1810.8140055292 2.0002117731299 -0.002208296148972 1.999788226869 -0.0022082961489701 
1813.327279652 2.0002117731307 -0.0022052360668485 1.9997882268689 -0.0022052360668517 
1815.8405537749 2.0002117731311 -0.002202184528275 1.9997882268683 -0.0022021845282716 
1818.3538278978 2.000211773131 -0.0021991414123631 1.9997882268674 -0.0021991414123657 
1820.8671020206 2.0002117731326 -0.0021961066002552 1.9997882268681 -0.0021961066002538 
1823.3803761435 2.0002117731319 -0.0021930802260238 1.9997882268665 -0.0021930802260245 
1825.8936502664 2.0002117731327 -0.0021900621701767 1.9997882268664 -0.0021900621701712 
1828.4069243893 2.0002117731336 -0.0021870523968052 1.9997882268665 -0.0021870523968115 
1830.9201985121 2.0002117731337 -0.0021840507876885 1.9997882268656 -0.0021840507876879 
1833.433472635 2.0002117731347 -0.0021810574775434 1.9997882268657 -0.0021810574775399 
1835.9467467579 2.000211773135 -0.0021780723471649 1.9997882268651 -0.0021780723471615 
1838.4600208807 2.000211773135 -0.0021750952785316 1.9997882268642 -0.0021750952785376 
1840.9732950036 2.0002117731358 -0.0021721264065592 1.9997882268642 -0.0021721264065591 
1843.4865691265 2.0002117731363 -0.0021691656139726 1.9997882268638 -0.0021691656139775 
1845.9998432494 2.0002117731366 -0.0021662128648066 1.9997882268632 -0.0021662128648034 
1848.5131173722 2.0002117731365 -0.0021632680442609 1.9997882268623 -0.0021632680442621 
1851.0263914951 2.0002117731389 -0.0021603312878004 1.9997882268638 -0.0021603312877985 
1853.539665618 2.0002117731376 -0.0021574024754631 1.9997882268616 -0.0021574024754588 
1856.0529397408 2.0002117731378 -0.0021544814930155 1.999788226861 -0.0021544814930133 
1858.5662138637 2.0002117731377 -0.0021515684756162 1.99978822686 -0.0021515684756204 
1861.0794879866 2.0002117731393 -0.0021486633071279 1.9997882268607 -0.0021486633071284 
1863.5927621095 2.0002117731392 -0.0021457659549492 1.9997882268598 -0.0021457659549548 
1866.1060362323 2.0002117731396 -0.0021428763017804 1.9997882268594 -0.0021428763017783 
1868.6193103552 2.0002117731402 -0.0021399944866477 1.9997882268591 -0.0021399944866418 
1871.1325844781 2.0002117731387 -0.0021371203917446 1.9997882268568 -0.0021371203917442 
1873.645858601 2.0002117731412 -0.0021342539888618 1.9997882268584 -0.0021342539888627 
1876.1591327238 2.0002117731413 -0.0021313951582593 1.9997882268576 -0.0021313951582583 
1878.6724068467 2.0002117731424 -0.0021285440396429 1.9997882268579 -0.0021285440396458 
1881.1856809696 2.0002117731423 -0.0021257005189342 1.999788226857 -0.0021257005189403 
1883.6989550924 2.0002117731427 -0.0021228644786423 1.9997882268565 -0.0021228644786438 
1886.2122292153 2.0002117731435 -0.0021200360594623 1.9997882268566 -0.0021200360594598 
1888.7255033382 2.0002117731433 -0.0021172151444377 1.9997882268555 -0.0021172151444324 
1891.2387774611 2.0002117731439 -0.002114401704988 1.9997882268553 -0.0021144017049928 
1893.7520515839 2.000211773144 -0.0021115956264852 1.9997882268546 -0.0021115956264892 
1896.2653257068 2.0002117731449 -0.0021087970479728 1.9997882268546 -0.0021087970479688 
1898.7785998297 2.0002117731445 -0.0021060058556679 1.9997882268535 -0.0021060058556662 
1901.2918739525 2.0002117731457 -0.0021032219347136 1.9997882268538 -0.0021032219347113 
1903.8051480754 2.0002117731461 -0.0021004454272872 1.9997882268534 -0.0021004454272874 
1906.3184221983 2.0002117731467 -0.0020976762165243 1.9997882268532 -0.0020976762165247 
1908.8316963212 2.0002117731466 -0.0020949142761709 1.9997882268523 -0.0020949142761625 
1911.344970444 2.0002117731471 -0.0020921594915815 1.999788226852 -0.0020921594915828 
1913.8582445669 2.0002117731475 -0.0020894120042214 1.9997882268516 -0.0020894120042152 
1916.3715186898 2.0002117731483 -0.0020866716998555 1.9997882268516 -0.0020866716998583 
1918.8847928126 2.0002117731484 -0.0020839384690603 1.9997882268509 -0.0020839384690607 
1921.3980669355 2.0002117731483 -0.0020812124499527 1.9997882268501 -0.0020812124499561 
1923.9113410584 2.0002117731491 -0.0020784935290526 1.9997882268501 -0.0020784935290553 
1926.4246151813 2.0002117731496 -0.0020757816827391 1.9997882268498 -0.0020757816827389 
1928.9378893041 2.00021177315 -0.0020730767959575 1.9997882268493 -0.0020730767959591 
1931.451163427 2.0002117731508 -0.002070379010092 1.9997882268494 -0.0020703790100919 
1933.9644375499 2.0002117731507 -0.0020676882166906 1.9997882268485 -0.0020676882166934 
1936.4777116727 2.0002117731511 -0.0020650043019331 1.9997882268481 -0.0020650043019402 
1938.9909857956 2.0002117731516 -0.0020623274077078 1.9997882268479 -0.0020623274077059 
1941.5042599185 2.000211773152 -0.0020596574235485 1.9997882268475 -0.0020596574235505 
1944.0175340414 2.000211773152 -0.0020569943231928 1.9997882268468 -0.0020569943231947 
1946.5308081642 2.0002117731526 -0.0020543379949433 1.9997882268467 -0.0020543379949428 
1949.0440822871 2.0002117731526 -0.0020516885828161 1.9997882268459 -0.0020516885828128 
1951.55735641 2.0002117731535 -0.002049045974525 1.999788226846 -0.0020490459745218 
1954.0706305329 2.0002117731541 -0.0020464101453726 1.9997882268459 -0.0020464101453777 
1956.5839046557 2.0002117731542 -0.0020437809857768 1.9997882268452 -0.002043780985778 
1959.0971787786 2.0002117731545 -0.002041158636873 1.9997882268448 -0.0020411586368769 
1961.6104529015 2.0002117731547 -0.0020385429917812 1.9997882268443 -0.002038542991783 
1964.1237270243 2.0002117731552 -0.0020359339381708 1.999788226844 -0.002035933938166 
1966.6370011472 2.000211773156 -0.0020333316193998 1.9997882268441 -0.0020333316193962 
1969.1502752701 2.0002117731561 -0.0020307359306146 1.9997882268435 -0.002030735930612 
1971.663549393 2.0002117731556 -0.0020281468423954 1.9997882268423 -0.0020281468423902 
1974.1768235158 2.0002117731566 -0.0020255642450851 1.9997882268426 -0.0020255642450864 
1976.6900976387 2.0002117731573 -0.0020229882867641 1.9997882268426 -0.0020229882867696 
1979.2033717616 2.0002117731559 -0.0020204188555717 1.9997882268404 -0.0020204188555705 
1981.7166458844 2.0002117731594 -0.0020178558428177 1.9997882268432 -0.0020178558428123 
1984.2299200073 2.0002117731581 -0.0020152993941303 1.9997882268413 -0.0020152993941296 
1986.7431941302 2.000211773159 -0.0020127494023184 1.9997882268415 -0.0020127494023205 
1989.2564682531 2.000211773159 -0.0020102058398477 1.9997882268408 -0.0020102058398473 
1991.7697423759 2.000211773159 -0.0020076686009558 1.9997882268401 -0.0020076686009621 
1994.2830164988 2.0002117731594 -0.0020051378311561 1.9997882268399 -0.0020051378311579 
1996.7962906217 2.0002117731595 -0.0020026134211835 1.9997882268392 -0.002002613421187 
1999.3095647445 2.0002117731604 -0.0020000952631626 1.9997882268395 -0.0020000952631648 
2001.8228388674 2.0002117731603 -0.0019975835029364 1.9997882268387 -0.0019975835029324 
2004.3361129903 2.0002117731602 -0.0019950780337377 1.999788226838 -0.0019950780337332 
2006.8493871132 2.0002117731612 -0.0019925788305305 1.9997882268383 -0.0019925788305312 
2009.362661236 2.0002117731615 -0.0019900857874457 1.9997882268379 -0.0019900857874482 
2011.8759353589 2.0002117731621 -0.0019875990496133 1.9997882268379 -0.0019875990496136 
2014.3892094818 2.0002117731624 -0.0019851185099186 1.9997882268376 -0.0019851185099277 
2016.9024836046 2.0002117731627 -0.0019826440619909 1.9997882268372 -0.0019826440619836 
2019.4157577275 2.0002117731625 -0.0019801758514857 1.9997882268363 -0.0019801758514894 
2021.9290318504 2.0002117731635 -0.0019777137723241 1.9997882268366 -0.0019777137723223 
2024.4423059733 2.0002117731633 -0.0019752578002536 1.9997882268359 -0.0019752578002521 
2026.9555800961 2.0002117731644 -0.0019728078295433 1.9997882268363 -0.0019728078295454 
2029.468854219 2.0002117731642 -0.001970364008255 1.9997882268355 -0.0019703640082547 
2031.9821283419 2.0002117731644 -0.0019679262284128 1.999788226835 -0.0019679262284112 
2034.4954024647 2.0002117731649 -0.0019654943838094 1.9997882268349 -0.0019654943838104 
2037.0086765876 2.0002117731649 -0.0019630686219741 1.9997882268343 -0.001963068621978 
2039.5219507105 2.0002117731659 -0.0019606488365963 1.9997882268347 -0.0019606488365983 
2042.0352248334 2.0002117731656 -0.0019582350051984 1.9997882268338 -0.0019582350051942 
2044.5484989562 2.0002117731664 -0.0019558270236493 1.999788226834 -0.0019558270236492 
2047.0617730791 2.0002117731665 -0.0019534250366128 1.9997882268335 -0.0019534250366101 
2049.575047202 2.0002117731667 -0.001951028939892 1.9997882268331 -0.0019510289398909 
2052.0883213249 2.0002117731672 -0.0019486387139462 1.999788226833 -0.0019486387139445 
2054.6015954477 2.0002117731668 -0.001946254249744 1.9997882268321 -0.0019462542497433 
2057.1148695706 2.0002117731674 -0.0019438756970723 1.999788226832 -0.0019438756970693 
2059.6281436935 2.000211773168 -0.0019415029474107 1.999788226832 -0.0019415029474089 
2062.1414178163 2.0002117731688 -0.0019391359037832 1.9997882268322 -0.0019391359037813 
2064.6546919392 2.0002117731682 -0.0019367747057768 1.9997882268311 -0.0019367747057822 
2067.1679660621 2.0002117731681 -0.00193441925135 1.9997882268304 -0.0019344192513448 
2069.681240185 2.0002117731684 -0.001932069519904 1.9997882268301 -0.0019320695198986 
2072.1945143078 2.0002117731689 -0.0019297254054531 1.9997882268301 -0.0019297254054581 
2074.7077884307 2.0002117731693 -0.0019273870581386 1.9997882268299 -0.0019273870581376 
2077.2210625536 2.0002117731697 -0.001925054371262 1.9997882268297 -0.0019250543712639 
2079.7343366764 2.0002117731697 -0.0019227272412969 1.9997882268292 -0.001922727241297 
2082.2476107993 2.0002117731702 -0.0019204058169028 1.9997882268291 -0.001920405816907 
2084.7608849222 2.0002117731705 -0.0019180899932381 1.9997882268288 -0.0019180899932364 
2087.2741590451 2.0002117731708 -0.0019157797505628 1.9997882268287 -0.0019157797505577 
2089.7874331679 2.0002117731709 -0.0019134749839773 1.9997882268282 -0.0019134749839792 
2092.3007072908 2.0002117731711 -0.0019111758428893 1.9997882268278 -0.0019111758428933 
2094.8139814137 2.0002117731712 -0.001908882223537 1.9997882268274 -0.001908882223541 
2097.3272555365 2.0002117731725 -0.0019065940212213 1.9997882268282 -0.001906594021225 
2099.8405296594 2.0002117731722 -0.0019043113851624 1.9997882268273 -0.0019043113851566 
2102.3538037823 2.0002117731725 -0.001902034211848 1.9997882268271 -0.0019020342118521 
2104.8670779052 2.0002117731727 -0.0018997624815668 1.9997882268267 -0.0018997624815739 
2107.380352028 2.0002117731736 -0.0018974960906484 1.9997882268272 -0.001897496090647 
2109.8936261509 2.0002117731738 -0.0018952351885418 1.9997882268268 -0.0018952351885405 
2112.4069002738 2.0002117731735 -0.001892979672471 1.999788226826 -0.0018929796724696 
2114.9201743966 2.0002117731737 -0.0018907294380138 1.9997882268257 -0.001890729438016 
2117.4334485195 2.000211773173 -0.0018884846368144 1.9997882268244 -0.0018884846368173 
2119.9467226424 2.0002117731745 -0.0018862451614931 1.9997882268254 -0.0018862451614913 
2122.4599967653 2.0002117731747 -0.0018840109956488 1.9997882268251 -0.001884010995648 
2124.9732708881 2.0002117731757 -0.0018817820358827 1.9997882268256 -0.0018817820358777 
2127.486545011 2.000211773175 -0.0018795584357054 1.9997882268244 -0.0018795584357053 
2129.9998191339 2.0002117731749 -0.0018773400870406 1.9997882268238 -0.0018773400870403 
2132.5130932568 2.0002117731755 -0.0018751269743812 1.9997882268239 -0.0018751269743796 
2135.0263673796 2.0002117731764 -0.0018729189919471 1.9997882268243 -0.0018729189919484 
2137.5396415025 2.0002117731761 -0.0018707162952821 1.9997882268235 -0.0018707162952849 
2140.0529156254 2.0002117731763 -0.0018685187767273 1.9997882268232 -0.0018685187767246 
2142.5661897482 2.0002117731764 -0.0018663263351413 1.9997882268229 -0.0018663263351385 
2145.0794638711 2.0002117731765 -0.0018641391223029 1.9997882268224 -0.001864139122299 
2147.592737994 2.0002117731763 -0.0018619570355087 1.9997882268217 -0.0018619570355057 
2150.1060121169 2.0002117731772 -0.0018597800558563 1.9997882268222 -0.0018597800558552 
2152.6192862397 2.0002117731773 -0.0018576080820145 1.9997882268218 -0.0018576080820092 
2155.1325603626 2.0002117731801 -0.0018554412640052 1.9997882268241 -0.0018554412640039 
2157.6458344855 2.000211773178 -0.0018532795022146 1.9997882268215 -0.001853279502218 
2160.1591086083 2.0002117731786 -0.0018511226900602 1.9997882268216 -0.0018511226900567 
2162.6723827312 2.0002117731782 -0.0018489709833563 1.9997882268208 -0.0018489709833592 
2165.1856568541 2.0002117731785 -0.0018468242784874 1.9997882268206 -0.0018468242784864 
2167.698930977 2.0002117731786 -0.00184468255703 1.9997882268203 -0.0018446825570308 
2170.2122050998 2.0002117731793 -0.0018425457184843 1.9997882268204 -0.0018425457184862 
2172.7254792227 2.0002117731795 -0.0018404139139419 1.9997882268202 -0.0018404139139424 
2175.2387533456 2.0002117731797 -0.0018382870424466 1.9997882268199 -0.0018382870424492 
2177.7520274684 2.0002117731795 -0.001836165001093 1.9997882268192 -0.0018361650010921 
2180.2653015913 2.0002117731801 -0.0018340479433045 1.9997882268194 -0.0018340479433064 
2182.7785757142 2.0002117731806 -0.0018319357669501 1.9997882268194 -0.0018319357669513 
2185.2918498371 2.0002117731808 -0.0018298284550583 1.9997882268192 -0.0018298284550607 
2187.8051239599 2.0002117731807 -0.001827725906114 1.9997882268187 -0.0018277259061179 
2190.3183980828 2.0002117731812 -0.001825628273105 1.9997882268187 -0.0018256282731056 
2192.8316722057 2.0002117731813 -0.0018235354555189 1.9997882268184 -0.0018235354555163 
2195.3449463285 2.0002117731813 -0.0018214473502706 1.9997882268179 -0.0018214473502704 
2197.8582204514 2.0002117731816 -0.0018193641109979 1.9997882268177 -0.0018193641110037 
2200.3714945743 2.0002117731816 -0.0018172856371459 1.9997882268173 -0.0018172856371449 
2202.8847686972 2.000211773182 -0.0018152119115532 1.9997882268172 -0.001815211911552 
2205.39804282 2.0002117731824 -0.0018131428340009 1.9997882268172 -0.0018131428340046 
2207.9113169429 2.0002117731823 -0.0018110785574646 1.9997882268167 -0.0018110785574628 
2210.4245910658 2.0002117731828 -0.0018090189807924 1.9997882268167 -0.0018090189807915 
2212.9378651886 2.0002117731831 -0.0018069640028378 1.9997882268166 -0.0018069640028393 
2215.4511393115 2.0002117731832 -0.0018049137778956 1.9997882268163 -0.0018049137778962 
2217.9644134344 2.0002117731831 -0.0018028682051319 1.9997882268158 -0.0018028682051338 
2220.4776875573 2.0002117731826 -0.0018008272700664 1.9997882268148 -0.0018008272700686 
2222.9909616801 2.0002117731843 -0.0017987908683954 1.999788226816 -0.0017987908683989 
2225.504235803 2.0002117731837 -0.0017967591571566 1.9997882268151 -0.0017967591571595 
2228.0175099259 2.0002117731843 -0.001794732034912 1.9997882268152 -0.0017947320349111 
2230.5307840488 2.0002117731842 -0.0017927094866097 1.9997882268147 -0.0017927094866078 
2233.0440581716 2.0002117731844 -0.0017906914116368 1.9997882268145 -0.0017906914116368 
2235.5573322945 2.0002117731853 -0.0017886779639297 1.9997882268149 -0.0017886779639295 
2238.0706064174 2.0002117731849 -0.0017866690431744 1.9997882268141 -0.0017866690431777 
2240.5838805402 2.0002117731857 -0.0017846645498204 1.9997882268145 -0.0017846645498162 
2243.0971546631 2.0002117731853 -0.0017826646376928 1.9997882268137 -0.0017826646376922 
2245.610428786 2.0002117731871 -0.0017806692084205 1.999788226815 -0.0017806692084164 
2248.1237029089 2.0002117731864 -0.0017786782441031 1.999788226814 -0.0017786782441063 
2250.6369770317 2.0002117731868 -0.001776691650244 1.9997882268139 -0.0017766916502446 
2253.1502511546 2.0002117731858 -0.0017747095730823 1.9997882268125 -0.0017747095730859 
2255.6635252775 2.0002117731863 -0.0017727319193676 1.9997882268126 -0.0017727319193664 
2258.1767994003 2.000211773187 -0.0017707585869467 1.9997882268129 -0.0017707585869444 
2260.6900735232 2.0002117731871 -0.0017687897331861 1.9997882268126 -0.0017687897331876 
2263.2033476461 2.0002117731871 -0.0017668252559445 1.9997882268122 -0.0017668252559426 
2265.716621769 2.0002117731876 -0.0017648651415405 1.9997882268123 -0.0017648651415426 
2268.2298958918 2.000211773187 -0.0017629092905933 1.9997882268114 -0.0017629092905993 
2270.7431700147 2.0002117731878 -0.001760957858316 1.9997882268117 -0.0017609578583152 
2273.2564441376 2.0002117731879 -0.0017590107450437 1.9997882268114 -0.0017590107450416 
2275.7697182604 2.000211773188 -0.0017570678533072 1.9997882268112 -0.0017570678533087 
2278.2829923833 2.0002117731884 -0.0017551293359341 1.9997882268111 -0.0017551293359339 
2280.7962665062 2.0002117731883 -0.0017531950950005 1.9997882268106 -0.0017531950949989 
2283.3095406291 2.0002117731888 -0.0017512651166088 1.9997882268107 -0.0017512651166076 
2285.8228147519 2.0002117731892 -0.0017493393015079 1.9997882268107 -0.0017493393015079 
2288.3360888748 2.0002117731893 -0.0017474178060961 1.9997882268105 -0.0017474178060985 
2290.8493629977 2.0002117731896 -0.0017455005296277 1.9997882268103 -0.0017455005296299 
2293.3626371205 2.0002117731895 -0.0017435873755294 1.9997882268099 -0.0017435873755323 
2295.8759112434 2.0002117731899 -0.0017416784979146 1.9997882268099 -0.0017416784979147 
2298.3891853663 2.00021177319 -0.0017397737992076 1.9997882268096 -0.0017397737992067 
2300.9024594892 2.0002117731901 -0.0017378732653474 1.9997882268093 -0.0017378732653483 
2303.415733612 2.0002117731902 -0.001735976798302 1.999788226809 -0.0017359767982976 
2305.9290077349 2.0002117731904 -0.0017340845529517 1.9997882268088 -0.0017340845529536 
2308.4422818578 2.0002117731907 -0.0017321964316717 1.9997882268088 -0.0017321964316691 
2310.9555559807 2.0002117731911 -0.001730312420831 1.9997882268088 -0.001730312420834 
2313.4688301035 2.000211773191 -0.0017284324223294 1.9997882268083 -0.0017284324223286 
2315.9821042264 2.0002117731911 -0.0017265565923016 1.9997882268081 -0.0017265565923022 
2318.4953783493 2.0002117731912 -0.0017246848327388 1.9997882268078 -0.001724684832743 
2321.0086524721 2.0002117731914 -0.0017228170448007 1.9997882268076 -0.0017228170447998 
2323.521926595 2.0002117731918 -0.0017209533859995 1.9997882268076 -0.0017209533859966 
2326.0352007179 2.0002117731922 -0.0017190937581929 1.9997882268076 -0.0017190937581938 
2328.5484748408 2.0002117731921 -0.0017172381476977 1.9997882268072 -0.0017172381476986 
2331.0617489636 2.0002117731922 -0.0017153864572211 1.9997882268069 -0.0017153864572258 
2333.5750230865 2.0002117731923 -0.0017135388428368 1.9997882268066 -0.0017135388428341 
2336.0882972094 2.0002117731927 -0.001711695207144 1.9997882268066 -0.0017116952071466 
2338.6015713322 2.000211773193 -0.0017098554520327 1.9997882268066 -0.0017098554520348 
2341.1148454551 2.0002117731931 -0.0017080197346757 1.9997882268064 -0.0017080197346749 
2343.628119578 2.0002117731937 -0.001706187959149 1.9997882268066 -0.0017061879591451 
2346.1413937009 2.0002117731936 -0.0017043601096928 1.9997882268061 -0.0017043601096916 
2348.6546678237 2.0002117731936 -0.0017025360902546 1.9997882268058 -0.0017025360902501 
2351.1679419466 2.0002117731937 -0.0017007160581477 1.9997882268055 -0.0017007160581396 
2353.6812160695 2.000211773194 -0.0016988999158562 1.9997882268055 -0.0016988999158552 
2356.1944901923 2.0002117731939 -0.0016970875664038 1.999788226805 -0.0016970875664065 
2358.7077643152 2.0002117731946 -0.0016952791660456 1.9997882268053 -0.0016952791660481 
2361.2210384381 2.0002117731946 -0.001693474618567 1.9997882268049 -0.0016934746185682 
2363.734312561 2.0002117731948 -0.0016916739107635 1.9997882268048 -0.0016916739107643 
2366.2475866838 2.0002117731949 -0.0016898769462534 1.9997882268045 -0.0016898769462555 
2368.7608608067 2.0002117731952 -0.0016880838822049 1.9997882268045 -0.0016880838822066 
2371.2741349296 2.0002117731952 -0.0016862946220829 1.9997882268042 -0.0016862946220806 
2373.7874090524 2.0002117731953 -0.0016845090681368 1.9997882268039 -0.0016845090681331 
2376.3006831753 2.0002117731949 -0.0016827273779864 1.9997882268032 -0.0016827273779866 
2378.8139572982 2.0002117731957 -0.0016809494556519 1.9997882268036 -0.0016809494556548 
2381.3272314211 2.0002117731962 -0.0016791752885026 1.9997882268038 -0.0016791752885037 
2383.8405055439 2.0002117731969 -0.0016774047791973 1.9997882268042 -0.0016774047791957 
2386.3537796668 2.0002117731962 -0.0016756380877604 1.9997882268031 -0.0016756380877604 
2388.8670537897 2.0002117731963 -0.0016738751150999 1.9997882268028 -0.0016738751150989 
2391.3803279126 2.0002117731968 -0.0016721158509021 1.9997882268029 -0.0016721158509014 
2393.8936020354 2.0002117731968 -0.0016703601980322 1.9997882268026 -0.0016703601980336 
2396.4068761583 2.0002117731971 -0.0016686083149735 1.9997882268026 -0.0016686083149681 
2398.9201502812 2.0002117731971 -0.0016668601044996 1.9997882268023 -0.0016668601045013 
2401.433424404 2.0002117731971 -0.0016651154710023 1.9997882268019 -0.0016651154710022 
2403.9466985269 2.0002117731976 -0.0016633745719907 1.9997882268021 -0.0016633745719902 
2406.4599726498 2.0002117731978 -0.0016616373112323 1.999788226802 -0.0016616373112326 
2408.9732467727 2.0002117731979 -0.0016599036782857 1.9997882268017 -0.0016599036782883 
2411.4865208955 2.0002117731979 -0.0016581735760221 1.9997882268014 -0.0016581735760265 
2413.9997950184 2.0002117731982 -0.0016564471633644 1.9997882268013 -0.0016564471633646 
2416.5130691413 2.0002117731983 -0.00165472434329 1.9997882268011 -0.0016547243432915 
2419.0263432641 2.0002117731986 -0.0016530050206128 1.9997882268011 -0.0016530050206121 
2421.539617387 2.0002117731987 -0.0016512893535254 1.9997882268009 -0.0016512893535288 
2424.0528915099 2.0002117731988 -0.0016495772461971 1.9997882268006 -0.0016495772461951 
2426.5661656328 2.000211773199 -0.0016478686873485 1.9997882268005 -0.0016478686873463 
2429.0794397556 2.0002117731992 -0.0016461635810584 1.9997882268004 -0.0016461635810568 
2431.5927138785 2.0002117731992 -0.0016444620859131 1.9997882268 -0.0016444620859128 
2434.1059880014 2.0002117731998 -0.001642764107023 1.9997882268003 -0.0016427641070236 
2436.6192621242 2.0002117731995 -0.0016410695475212 1.9997882267997 -0.0016410695475211 
2439.1325362471 2.0002117731994 -0.0016393785666216 1.9997882267993 -0.0016393785666235 
2441.64581037 2.0002117732 -0.0016376910692887 1.9997882267996 -0.0016376910692897 
2444.1590844929 2.0002117732002 -0.0016360070442519 1.9997882267994 -0.0016360070442543 
2446.6723586157 2.0002117732004 -0.0016343263956269 1.9997882267993 -0.0016343263956275 
2449.1856327386 2.0002117732006 -0.0016326492829419 1.9997882267992 -0.0016326492829432 
2451.6989068615 2.0002117732007 -0.0016309756104416 1.999788226799 -0.0016309756104396 
2454.2121809843 2.0002117732007 -0.0016293052834045 1.9997882267987 -0.0016293052834058 
2456.7254551072 2.0002117732008 -0.0016276384599522 1.9997882267984 -0.0016276384599508 
2459.2387292301 2.000211773201 -0.0016259750453186 1.9997882267983 -0.0016259750453176 
2461.752003353 2.0002117732012 -0.0016243150286735 1.9997882267982 -0.001624315028673 
2464.2652774758 2.0002117732014 -0.0016226583152772 1.9997882267981 -0.0016226583152766 
2466.7785515987 2.0002117732014 -0.00162100506424 1.9997882267978 -0.001621005064241 
2469.2918257216 2.0002117732016 -0.0016193551807113 1.9997882267977 -0.0016193551807122 
2471.8050998444 2.0002117732018 -0.0016177085692102 1.9997882267976 -0.001617708569211 
2474.3183739673 2.0002117732021 -0.0016160653891234 1.9997882267975 -0.0016160653891232 
2476.8316480902 2.0002117732021 -0.0016144255458534 1.9997882267973 -0.0016144255458537 
2479.3449222131 2.0002117732022 -0.0016127890286921 1.999788226797 -0.0016127890286913 
2481.8581963359 2.0002117732025 -0.0016111557437495 1.999788226797 -0.0016111557437495 
2484.3714704588 2.0002117732026 -0.0016095258496515 1.9997882267968 -0.0016095258496491 
2486.8847445817 2.0002117732027 -0.0016078992519367 1.9997882267967 -0.0016078992519337 
2489.3980187046 2.0002117732029 -0.0016062759407332 1.9997882267966 -0.0016062759407308 
2491.9112928274 2.0002117732029 -0.0016046558213468 1.9997882267963 -0.0016046558213486 
2494.4245669503 2.0002117732032 -0.0016030390535546 1.9997882267962 -0.0016030390535553 
2496.9378410732 2.0002117732034 -0.0016014255431359 1.9997882267961 -0.0016014255431352 
2499.451115196 2.0002117732035 -0.0015998151950075 1.9997882267959 -0.0015998151950081 
2501.9643893189 2.0002117732037 -0.0015982081692108 1.9997882267958 -0.001598208169208 
2504.4776634418 2.0002117732038 -0.0015966043716869 1.9997882267956 -0.0015966043716875 
2506.9909375647 2.000211773204 -0.0015950037926503 1.9997882267956 -0.0015950037926505 
2509.5042116875 2.0002117732041 -0.0015934063386298 1.9997882267953 -0.00159340633863 
2512.0174858104 2.0002117732044 -0.0015918121686265 1.9997882267953 -0.0015918121686288 
