0.50265482457437 2.9248464615966 0.042635815820645 1.0751535384042 0.042635815821198 
1.5079644737231 2.9505486555301 -0.02160462914402 1.0494513444703 -0.021604629143993 
2.5132741228718 2.9454389252037 -0.11576678825976 1.0545610747965 -0.11576678825981 
3.5185837720206 2.9543000145846 -0.1749471120777 1.0456999854156 -0.17494711207772 
4.5238934211693 2.968713880506 -0.20520541176801 1.0312861194942 -0.20520541176804 
5.529203070318 2.9827706149041 -0.21782372293874 1.0172293850961 -0.21782372293877 
6.5345127194668 2.9946547499839 -0.22036033055091 1.0053452500162 -0.22036033055093 
7.5398223686155 3.0041966728611 -0.21727473504626 0.99580332713901 -0.21727473504629 
8.5451320177642 3.0117225020133 -0.21115379882929 0.98827749798687 -0.21115379882931 
9.550441666913 3.0176401406983 -0.20350354480572 0.98235985930185 -0.20350354480574 
10.555751316062 3.0223117587751 -0.1952035466625 0.97768824122504 -0.19520354666252 
11.56106096521 3.0260269914681 -0.1867654188676 0.97397300853197 -0.18676541886762 
12.566370614359 3.0290081323497 -0.17848192377916 0.97099186765043 -0.17848192377917 
13.571680263508 3.0314230933601 -0.17051448657659 0.96857690664002 -0.1705144865766 
14.576989912657 3.0333981980955 -0.16294538591566 0.96660180190461 -0.16294538591568 
15.582299561805 3.0350286829624 -0.15580929702067 0.96497131703775 -0.15580929702068 
16.587609210954 3.0363867366402 -0.14911255539815 0.96361326335994 -0.14911255539816 
17.592918860103 3.0375274716995 -0.14284500656623 0.96247252830065 -0.14284500656624 
18.598228509252 3.0384933049484 -0.13698732127876 0.96150669505167 -0.13698732127877 
19.6035381584 3.0393171593202 -0.13151550753735 0.96068284067992 -0.13151550753736 
20.608847807549 3.0400248078479 -0.12640367501148 0.95997519215216 -0.12640367501149 
21.614157456698 3.0406365970867 -0.12162570341152 0.95936340291342 -0.12162570341153 
22.619467105847 3.0411687220366 -0.1171562212675 0.9588312779635 -0.11715622126751 
23.624776754995 3.0416341751682 -0.1129711507472 0.95836582483187 -0.11297115074721 
24.630086404144 3.0420434596891 -0.10904798103142 0.957956540311 -0.10904798103143 
25.635396053293 3.0424051278765 -0.1053658729576 0.95759487212365 -0.10536587295761 
26.640705702441 3.0427261917726 -0.1019056613551 0.95727380822754 -0.10190566135511 
27.64601535159 3.0430124384398 -0.098649797111383 0.95698756156026 -0.098649797111392 
28.651325000739 3.0432686738343 -0.09558225586882 0.95673132616578 -0.095582255868827 
29.656634649888 3.0434989128323 -0.092688430383925 0.95650108716781 -0.092688430383931 
30.661944299036 3.0437065283395 -0.089955017163755 0.95629347166059 -0.089955017163756 
31.667253948185 3.0438943690881 -0.087369903873729 0.95610563091199 -0.08736990387373 
32.672563597334 3.0440648533029 -0.0849220613137 0.9559351466972 -0.084922061313706 
33.677873246483 3.0442200436484 -0.082601442063033 0.9557799563517 -0.082601442063047 
34.683182895631 3.0443617075573 -0.080398886771837 0.95563829244279 -0.080398886771847 
35.68849254478 3.0444913660727 -0.078306038408117 0.95550863392743 -0.078306038408125 
36.693802193929 3.0446103336078 -0.076315264329695 0.95538966639231 -0.0763152643297 
37.699111843078 3.0447197504856 -0.074419585831051 0.95528024951447 -0.074419585831051 
38.704421492226 3.0448206097028 -0.07261261465628 0.9551793902973 -0.072612614656287 
39.709731141375 3.0449137790511 -0.070888495930001 0.95508622094904 -0.070888495930005 
40.715040790524 3.0450000194854 -0.069241856922732 0.95499998051468 -0.069241856922739 
41.720350439672 3.0450800004452 -0.067667761106585 0.95491999955491 -0.067667761106591 
42.725660088821 3.0451543126874 -0.066161666965253 0.95484568731267 -0.066161666965258 
43.73096973797 3.0452234790802 -0.064719391060094 0.95477652091993 -0.064719391060096 
44.736279387119 3.0452879637168 -0.063337074916146 0.95471203628333 -0.063337074916155 
45.741589036267 3.0453481796405 -0.062011155307849 0.95465182035957 -0.062011155307849 
46.746898685416 3.0454044954161 -0.060738337585347 0.95459550458404 -0.060738337585349 
47.752208334565 3.045457240738 -0.059515571700102 0.9545427592621 -0.059515571700096 
48.757517983714 3.0455067112354 -0.058340030650146 0.95449328876473 -0.058340030650144 
49.762827632862 3.0455531725993 -0.057209091071182 0.95444682740078 -0.057209091071188 
50.768137282011 3.0455968641411 -0.056120315749543 0.95440313585899 -0.056120315749543 
51.77344693116 3.0456380018673 -0.055071437838119 0.95436199813281 -0.055071437838118 
52.778756580309 3.0456767811464 -0.054060346606897 0.95432321885373 -0.0540603466069 
53.784066229457 3.0457133790267 -0.05308507455347 0.95428662097341 -0.053085074553475 
54.789375878606 3.0457479562574 -0.052143785738035 0.95425204374276 -0.052143785738032 
55.794685527755 3.0457806590536 -0.051234765203019 0.95421934094653 -0.051234765203023 
56.799995176903 3.045811620644 -0.050356409378088 0.95418837935608 -0.050356409378094 
57.805304826052 3.0458409626296 -0.049507217362743 0.95415903737051 -0.049507217362749 
58.810614475201 3.045868796179 -0.048685782990314 0.95413120382114 -0.048685782990319 
59.81592412435 3.0458952230839 -0.047890787607889 0.95410477691624 -0.047890787607884 
60.821233773498 3.0459203366919 -0.047120993489288 0.95407966330827 -0.047120993489299 
61.826543422647 3.0459442227329 -0.046375237826937 0.95405577726727 -0.046375237826939 
62.831853071796 3.0459669600526 -0.04565242723427 0.95403303994748 -0.045652427234276 
63.837162720945 3.0459886212656 -0.044951532723509 0.9540113787345 -0.044951532723512 
64.842472370093 3.0460092733364 -0.04427158510188 0.9539907266637 -0.044271585101887 
65.847782019242 3.0460289780994 -0.043611670755019 0.95397102190074 -0.043611670755026 
66.853091668391 3.0460477927228 -0.04297092776977 0.95395220727733 -0.042970927769772 
67.85840131754 3.0460657701253 -0.042348542378975 0.95393422987482 -0.042348542378982 
68.863710966688 3.0460829593493 -0.041743745687529 0.9539170406508 -0.041743745687536 
69.869020615837 3.0460994058971 -0.041155810662508 0.953900594103 -0.041155810662515 
70.874330264986 3.0461151520328 -0.040584049352166 0.95388484796728 -0.040584049352169 
71.879639914134 3.0461302370553 -0.040027810326954 0.95386976294479 -0.040027810326956 
72.884949563283 3.0461446975445 -0.039486476316912 0.95385530245557 -0.039486476316919 
73.890259212432 3.0461585675841 -0.038959462021445 0.95384143241606 -0.038959462021446 
74.895568861581 3.0461718789629 -0.038446212090466 0.95382812103722 -0.038446212090468 
75.900878510729 3.0461846613585 -0.037946199250828 0.95381533864164 -0.037946199250829 
76.906188159878 3.0461969425029 -0.037458922574454 0.95380305749718 -0.037458922574458 
77.911497809027 3.046208748334 -0.03698390586466 0.95379125166607 -0.036983905864668 
78.916807458176 3.0462201031329 -0.036520696165348 0.95377989686723 -0.03652069616535 
79.922117107324 3.0462310296493 -0.0360688623716 0.95376897035086 -0.036068862371606 
80.927426756473 3.0462415492164 -0.035627993942188 0.95375845078372 -0.035627993942191 
81.932736405622 3.0462516818552 -0.035197699694009 0.9537483181449 -0.035197699694005 
82.938046054771 3.0462614463703 -0.034777606686554 0.95373855362974 -0.034777606686546 
83.943355703919 3.0462708604377 -0.034367359177954 0.95372913956243 -0.034367359177957 
84.948665353068 3.0462799406848 -0.033966617655411 0.95372005931528 -0.033966617655414 
85.953975002217 3.0462887027648 -0.033575057922995 0.95371129723528 -0.033575057922999 
86.959284651365 3.0462971614239 -0.033192370255891 0.95370283857617 -0.033192370255868 
87.964594300514 3.0463053305641 -0.032818258610026 0.95369466943596 -0.032818258610014 
88.969903949663 3.0463132233003 -0.032452439875897 0.95368677669977 -0.032452439875868 
89.975213598812 3.0463208520134 -0.032094643187428 0.9536791479867 -0.032094643187429 
90.98052324796 3.0463282283989 -0.03174460927019 0.95367177160123 -0.031744609270196 
91.985832897109 3.0463353635122 -0.031402089834942 0.95366463648787 -0.031402089834956 
92.991142546258 3.0463422678103 -0.031066847001181 0.95365773218985 -0.0310668470012 
93.996452195407 3.0463489511896 -0.03073865276359 0.95365104881049 -0.030738652763572 
95.001761844555 3.0463554230226 -0.030417288486557 0.95364457697746 -0.030417288486549 
96.007071493704 3.0463616921903 -0.03010254443347 0.95363830780982 -0.030102544433482 
97.012381142853 3.0463677671127 -0.029794219316892 0.95363223288741 -0.02979421931689 
98.017690792002 3.0463736557777 -0.029492119882423 0.95362634422242 -0.029492119882427 
99.02300044115 3.0463793657671 -0.02919606051273 0.95362063423303 -0.029196060512738 
100.0283100903 3.0463849042814 -0.02890586285969 0.95361509571869 -0.028905862859696 
101.03361973945 3.0463902781625 -0.028621355487357 0.95360972183757 -0.028621355487357 
102.0389293886 3.0463954939149 -0.028342373546845 0.95360450608518 -0.028342373546852 
103.04423903775 3.0464005577255 -0.028068758463294 0.95359944227456 -0.0280687584633 
104.04954868689 3.046405475482 -0.027800357633826 0.95359452451815 -0.027800357633839 
105.05485833604 3.0464102527907 -0.027537024180473 0.95358974720939 -0.027537024180466 
106.06016798519 3.0464148949916 -0.027278616641389 0.95358510500846 -0.027278616641392 
107.06547763434 3.046419407174 -0.027024998753323 0.95358059282611 -0.02702499875332 
108.07078728349 3.0464237941903 -0.026776039208898 0.95357620580981 -0.026776039208895 
109.07609693264 3.0464280606693 -0.026531611434416 0.95357193933085 -0.026531611434409 
110.08140658179 3.0464322110283 -0.026291593379319 0.95356778897179 -0.026291593379328 
111.08671623094 3.0464362494849 -0.026055867316625 0.95356375051518 -0.026055867316617 
112.09202588008 3.0464401800672 -0.02582431964636 0.95355981993293 -0.025824319646358 
113.09733552923 3.0464440066249 -0.025596840746858 0.95355599337524 -0.025596840746864 
114.10264517838 3.0464477328376 -0.025373324758866 0.95355226716244 -0.025373324758924 
115.10795482753 3.0464513622244 -0.025153669454709 0.95354863777573 -0.02515366945473 
116.11326447668 3.0464548981521 -0.024937776077382 0.95354510184805 -0.024937776077388 
117.11857412583 3.046458343843 -0.024725549195055 0.9535416561571 -0.024725549195072 
118.12388377498 3.0464617023826 -0.024516896562668 0.95353829761754 -0.024516896562669 
119.12919342412 3.0464649767257 -0.024311728982841 0.95353502327442 -0.024311728982845 
120.13450307327 3.0464681697045 -0.024109960211398 0.95353183029557 -0.024109960211398 
121.13981272242 3.0464712840331 -0.023911506792356 0.95352871596698 -0.023911506792362 
122.14512237157 3.0464743223141 -0.023716287975321 0.95352567768602 -0.023716287975324 
123.15043202072 3.046477287044 -0.023524225599986 0.95352271295614 -0.023524225599997 
124.15574166987 3.0464801806183 -0.023335243993277 0.95351981938182 -0.023335243993274 
125.16105131902 3.0464830053365 -0.023149269871553 0.95351699466359 -0.023149269871551 
126.16636096817 3.0464857634066 -0.022966232247158 0.95351423659347 -0.02296623224716 
127.17167061731 3.0464884569492 -0.022786062331722 0.95351154305093 -0.022786062331721 
128.17698026646 3.0464910880024 -0.022608693481971 0.95350891199773 -0.022608693481969 
129.18228991561 3.0464936585246 -0.022434061072612 0.95350634147549 -0.022434061072625 
130.18759956476 3.0464961703989 -0.022262102449593 0.95350382960123 -0.022262102449581 
131.19290921391 3.0464986254363 -0.022092756848558 0.95350137456381 -0.022092756848562 
132.19821886306 3.0465010253791 -0.021925965324226 0.95349897462099 -0.021925965324225 
133.20352851221 3.046503371904 -0.021761670682983 0.95349662809612 -0.021761670682986 
134.20883816136 3.0465056666249 -0.021599817418211 0.95349433337524 -0.021599817418222 
135.2141478105 3.0465079110957 -0.021440351641135 0.95349208890441 -0.02144035164113 
136.21945745965 3.0465101068137 -0.021283221052287 0.95348989318639 -0.021283221052265 
137.2247671088 3.0465122552208 -0.021128374839125 0.95348774477927 -0.021128374839127 
138.23007675795 3.0465143577068 -0.020975763652638 0.95348564229328 -0.020975763652633 
139.2353864071 3.0465164156114 -0.020825339548 0.95348358438872 -0.020825339548 
140.24069605625 3.0465184302263 -0.0206770559347 0.95348156977378 -0.020677055934701 
141.2460057054 3.0465204027975 -0.020530867529455 0.95347959720261 -0.020530867529466 
142.25131535455 3.0465223345269 -0.02038673031032 0.95347766547328 -0.02038673031035 
143.25662500369 3.046524226574 -0.020244601465639 0.95347577342608 -0.020244601465647 
144.26193465284 3.046526080059 -0.020104439382694 0.95347391994115 -0.020104439382685 
145.26724430199 3.0465278960622 -0.019966203561596 0.95347210393787 -0.019966203561599 
146.27255395114 3.0465296756276 -0.019829854607555 0.95347032437248 -0.019829854607548 
147.27786360029 3.0465314197632 -0.019695354186053 0.95346858023691 -0.019695354186032 
148.28317324944 3.0465331294431 -0.019562664987484 0.95346687055704 -0.019562664987476 
149.28848289859 3.0465348056084 -0.019431750693017 0.95346519439168 -0.019431750693007 
150.29379254774 3.0465364491691 -0.019302575941952 0.95346355083103 -0.019302575941958 
151.29910219688 3.0465380610044 -0.019175106292462 0.95346193899578 -0.019175106292454 
152.30441184603 3.0465396419652 -0.019049308222127 0.95346035803486 -0.01904930822214 
153.30972149518 3.0465411928741 -0.018925149052895 0.95345880712599 -0.01892514905287 
154.31503114433 3.0465427145268 -0.018802596953724 0.95345728547325 -0.018802596953731 
155.32034079348 3.0465442076934 -0.018681620906122 0.95345579230669 -0.018681620906123 
156.32565044263 3.046545673119 -0.018562190678292 0.95345432688107 -0.018562190678296 
157.33096009178 3.0465471115251 -0.018444276800226 0.95345288847505 -0.018444276800222 
158.33626974093 3.0465485236099 -0.018327850539873 0.9534514763903 -0.018327850539884 
159.34157939007 3.0465499100495 -0.018212883872235 0.95345008995064 -0.018212883872245 
160.34688903922 3.0465512714992 -0.018099349488066 0.95344872850092 -0.018099349488022 
161.35219868837 3.0465526085932 -0.01798722072637 0.95344739140687 -0.017987220726386 
162.35750833752 3.0465539219463 -0.017876471584519 0.9534460780538 -0.017876471584504 
163.36281798667 3.0465552121539 -0.017767076690787 0.95344478784617 -0.017767076690793 
164.36812763582 3.0465564797933 -0.017659011285226 0.95344352020684 -0.01765901128528 
165.37343728497 3.0465577254239 -0.017552251201151 0.95344227457625 -0.017552251201163 
166.37874693412 3.046558949588 -0.017446772847518 0.95344105041208 -0.017446772847521 
167.38405658326 3.0465601528114 -0.017342553184136 0.95343984718875 -0.017342553184123 
168.38936623241 3.0465613356042 -0.017239569735592 0.95343866439592 -0.017239569735632 
169.39467588156 3.0465624984609 -0.017137800529667 0.95343750153927 -0.017137800529687 
170.39998553071 3.046563641861 -0.017037224112386 0.95343635813913 -0.017037224112341 
171.40529517986 3.0465647662698 -0.016937819525347 0.95343523373024 -0.016937819525365 
172.41060482901 3.0465658721388 -0.016839566291953 0.95343412786126 -0.016839566291975 
173.41591447816 3.0465669599059 -0.016742444403173 0.95343304009415 -0.01674244440323 
174.42122412731 3.046568029996 -0.016646434304139 0.95343197000405 -0.016646434304118 
175.42653377645 3.0465690828214 -0.016551516873807 0.95343091717865 -0.016551516873794 
176.4318434256 3.0465701187827 -0.016457673443205 0.95342988121738 -0.016457673443187 
177.43715307475 3.0465711382682 -0.016364885737164 0.9534288617319 -0.016364885737161 
178.4424627239 3.0465721416549 -0.016273135893569 0.95342785834518 -0.016273135893577 
179.44777237305 3.0465731293089 -0.016182406444402 0.95342687069122 -0.016182406444398 
180.4530820222 3.0465741015855 -0.016092680304955 0.95342589841453 -0.01609268030498 
181.45839167135 3.0465750588296 -0.016003940763047 0.95342494117056 -0.016003940763067 
182.4637013205 3.0465760013761 -0.015916171469506 0.95342399862402 -0.015916171469515 
183.46901096964 3.04657692955 -0.015829356419961 0.95342307045015 -0.015829356419948 
184.47432061879 3.0465778436672 -0.01574347997658 0.9534221563329 -0.015743479976572 
185.47963026794 3.0465787440342 -0.015658526812772 0.95342125596597 -0.015658526812712 
186.48493991709 3.0465796309484 -0.015574481934701 0.95342036905179 -0.015574481934723 
187.49024956624 3.0465805046986 -0.015491330665503 0.95341949530146 -0.015491330665511 
188.49555921539 3.0465813655655 -0.015409058636594 0.9534186344346 -0.015409058636608 
189.50086886454 3.0465822138212 -0.015327651780045 0.95341778617883 -0.015327651780018 
190.50617851369 3.0465830497303 -0.015247096320497 0.95341695026985 -0.015247096320512 
191.51148816283 3.046583873549 -0.015167378759921 0.95341612645112 -0.015167378760029 
192.51679781198 3.0465846855268 -0.015088485901435 0.95341531447332 -0.015088485901433 
193.52210746113 3.0465854859054 -0.015010404795883 0.95341451409472 -0.015010404795856 
194.52741711028 3.0465862749195 -0.014933122765926 0.95341372508066 -0.014933122765906 
195.53272675943 3.0465870527968 -0.014856627391601 0.95341294720334 -0.014856627391603 
196.53803640858 3.0465878197585 -0.014780906503883 0.95341218024182 -0.014780906503855 
197.54334605773 3.0465885760188 -0.014705948178915 0.9534114239813 -0.014705948178925 
198.54865570687 3.0465893217859 -0.014631740724004 0.95341067821421 -0.014631740723983 
199.55396535602 3.0465900572619 -0.014558272702424 0.95340994273815 -0.014558272702399 
200.55927500517 3.0465907826425 -0.0144855328822 0.95340921735752 -0.014485532882185 
201.56458465432 3.0465914981177 -0.014413510260848 0.95340850188251 -0.014413510260876 
202.56989430347 3.0465922038715 -0.014342194053055 0.95340779612861 -0.014342194053068 
203.57520395262 3.0465929000827 -0.014271573684782 0.95340709991743 -0.014271573684769 
204.58051360177 3.0465935869243 -0.014201638789177 0.95340641307583 -0.014201638789186 
205.58582325092 3.0465942645641 -0.014132379201136 0.95340573543593 -0.014132379201127 
206.59113290006 3.0465949331648 -0.014063784945293 0.95340506683519 -0.014063784945228 
207.59644254921 3.0465955928842 -0.013995846262287 0.9534044071159 -0.013995846262309 
208.60175219836 3.0465962438749 -0.013928553558 0.9534037561252 -0.013928553558034 
209.60706184751 3.0465968862848 -0.013861897430653 0.9534031137153 -0.013861897430642 
210.61237149666 3.0465975202572 -0.013795868658173 0.95340247974291 -0.013795868658176 
211.61768114581 3.0465981459309 -0.013730458195155 0.9534018540693 -0.013730458195168 
212.62299079496 3.0465987634401 -0.013665657168151 0.95340123655997 -0.013665657168145 
213.62830044411 3.0465993729151 -0.013601456872782 0.95340062708505 -0.013601456872773 
214.63361009325 3.0465999744815 -0.01353784876149 0.95340002551862 -0.013537848761488 
215.6389197424 3.0466005682614 -0.013474824471698 0.95339943173871 -0.013474824471583 
216.64422939155 3.0466011543728 -0.013412375775561 0.9533988456273 -0.013412375775555 
217.6495390407 3.0466017329295 -0.013350494607671 0.95339826707057 -0.013350494607676 
218.65484868985 3.0466023040422 -0.013289173054295 0.95339769595796 -0.01328917305431 
219.660158339 3.0466028678174 -0.013228403349738 0.95339713218261 -0.013228403349755 
220.66546798815 3.0466034243587 -0.013168177874098 0.95339657564145 -0.013168177874115 
221.6707776373 3.0466039737659 -0.013108489149297 0.95339602623419 -0.013108489149317 
222.67608728644 3.0466045161356 -0.013049329829368 0.95339548386453 -0.013049329829363 
223.68139693559 3.0466050515616 -0.01299069272789 0.95339494843853 -0.012990692727918 
224.68670658474 3.0466055801343 -0.012932570769383 0.95339441986585 -0.012932570769384 
225.69201623389 3.0466061019413 -0.012874957017233 0.95339389805883 -0.012874957017227 
226.69732588304 3.0466066170674 -0.012817844663407 0.95339338293262 -0.012817844663398 
227.70263553219 3.0466071255946 -0.012761227025916 0.95339287440546 -0.012761227025906 
228.70794518134 3.0466076276024 -0.012705097546357 0.95339237239773 -0.012705097546346 
229.71325483049 3.0466081231677 -0.012649449787636 0.95339187683238 -0.012649449787643 
230.71856447963 3.0466086123651 -0.012594277423599 0.95339138763508 -0.012594277423642 
231.72387412878 3.0466090952669 -0.012539574267639 0.95339090473318 -0.012539574267631 
232.72918377793 3.0466095719435 -0.012485334224144 0.9533904280568 -0.012485334224165 
233.73449342708 3.0466100424625 -0.01243155131735 0.95338995753766 -0.012431551317374 
234.73980307623 3.0466105068903 -0.012378219681102 0.95338949310981 -0.012378219681114 
235.74511272538 3.0466109652911 -0.012325333556822 0.95338903470903 -0.012325333556836 
236.75042237453 3.0466114177273 -0.012272887291523 0.95338858227277 -0.012272887291521 
237.75573202368 3.0466118642599 -0.012220875335514 0.9533881357402 -0.012220875335471 
238.76104167282 3.046612304948 -0.012169292232969 0.95338769505219 -0.012169292232981 
239.76635132197 3.0466127398496 -0.012118132650254 0.95338726015053 -0.012118132650252 
240.77166097112 3.0466131690212 -0.012067391328209 0.95338683097895 -0.012067391328205 
241.77697062027 3.046613592518 -0.012017063110858 0.95338640748209 -0.012017063110854 
242.78228026942 3.0466140103942 -0.011967142935638 0.95338598960599 -0.0119671429356 
243.78758991857 3.0466144227027 -0.011917625831589 0.95338557729745 -0.011917625831602 
244.79289956772 3.0466148294956 -0.011868506917734 0.95338517050453 -0.011868506917746 
245.79820921687 3.0466152308242 -0.011819781400596 0.95338476917595 -0.011819781400614 
246.80351886601 3.0466156267387 -0.011771444565547 0.95338437326144 -0.011771444565567 
247.80882851516 3.046616017289 -0.011723491805057 0.95338398271106 -0.011723491805064 
248.81413816431 3.0466164025243 -0.011675918571105 0.95338359747586 -0.011675918571136 
249.81944781346 3.0466167824929 -0.011628720404138 0.95338321750727 -0.011628720404102 
250.82475746261 3.046617157243 -0.011581892923567 0.95338284275715 -0.011581892923581 
251.83006711176 3.0466175268223 -0.011535431826153 0.9533824731778 -0.011535431826149 
252.83537676091 3.0466178912782 -0.011489332884186 0.95338210872193 -0.011489332884166 
253.84068641006 3.0466182506578 -0.011443591943965 0.95338174934235 -0.011443591943963 
254.8459960592 3.0466186050079 -0.01139820491625 0.95338139499218 -0.011398204916256 
255.85130570835 3.0466189543757 -0.011353167805706 0.95338104562442 -0.011353167805682 
256.8566153575 3.0466192988078 -0.011308476662637 0.95338070119233 -0.011308476662624 
257.86192500665 3.0466196383509 -0.011264127612666 0.95338036164915 -0.011264127612774 
258.8672346558 3.0466199730519 -0.011220116847196 0.95338002694822 -0.011220116847204 
259.87254430495 3.0466203029576 -0.011176440621912 0.95337969704251 -0.011176440621925 
260.8778539541 3.0466206281151 -0.011133095255062 0.95337937188507 -0.011133095255067 
261.88316360325 3.0466209485715 -0.011090077126454 0.95337905142871 -0.011090077126461 
262.88847325239 3.046621264374 -0.011047382667751 0.95337873562599 -0.011047382667778 
263.89378290154 3.0466215755706 -0.011005008391838 0.95337842442949 -0.011005008391851 
264.89909255069 3.046621882209 -0.010962950845504 0.95337811779106 -0.010962950845523 
265.90440219984 3.0466221843374 -0.010921206638604 0.95337781566262 -0.010921206638505 
266.90971184899 3.0466224820041 -0.010879772435328 0.95337751799602 -0.010879772435337 
267.91502149814 3.0466227752579 -0.010838644951781 0.95337722474223 -0.010838644951809 
268.92033114729 3.046623064148 -0.010797820956064 0.95337693585215 -0.010797820956073 
269.92564079644 3.0466233487236 -0.010757297265945 0.95337665127648 -0.010757297265932 
270.93095044558 3.0466236290346 -0.010717070740294 0.95337637096556 -0.010717070740287 
271.93626009473 3.046623905131 -0.010677138308637 0.95337609486907 -0.010677138308659 
272.94156974388 3.0466241770634 -0.010637496923353 0.95337582293675 -0.010637496923368 
273.94687939303 3.0466244448823 -0.010598143589896 0.95337555511777 -0.010598143589898 
274.95218904218 3.0466247086389 -0.010559075357331 0.95337529136115 -0.010559075357344 
275.95749869133 3.0466249683846 -0.01052028931759 0.95337503161558 -0.010520289317714 
276.96280834048 3.0466252241709 -0.01048178260427 0.9533747758292 -0.010481782604267 
277.96811798962 3.0466254760497 -0.010443552383662 0.95337452395034 -0.010443552383628 
278.97342763877 3.0466257240735 -0.010405595884809 0.95337427592663 -0.010405595884815 
279.97873728792 3.0466259682945 -0.010367910352032 0.95337403170565 -0.010367910352025 
280.98404693707 3.0466262087653 -0.010330493075011 0.95337379123477 -0.010330493075035 
281.98935658622 3.0466264455388 -0.010293341379969 0.95337355446122 -0.010293341379984 
282.99466623537 3.046626678668 -0.010256452628508 0.95337332133217 -0.01025645262851 
283.99997588452 3.0466269082059 -0.010219824217458 0.95337309179424 -0.010219824217488 
285.00528553367 3.0466271342058 -0.010183453577276 0.95337286579433 -0.010183453577261 
286.01059518281 3.0466273567208 -0.010147338163755 0.95337264327932 -0.010147338163785 
287.01590483196 3.0466275758045 -0.010111475488175 0.95337242419575 -0.010111475488184 
288.02121448111 3.04662779151 -0.01007586307046 0.95337220849018 -0.010075863070501 
289.02652413026 3.0466280038906 -0.010040498468526 0.95337199610952 -0.010040498468541 
290.03183377941 3.0466282129997 -0.010005379270745 0.95337178700043 -0.010005379270736 
291.03714342856 3.0466284188903 -0.0099705030948479 0.95337158110982 -0.0099705030948432 
292.04245307771 3.0466286216154 -0.009935867587203 0.95337137838469 -0.0099358675871834 
293.04776272686 3.0466288212279 -0.0099014704225449 0.95337117877217 -0.0099014704225344 
294.053072376 3.0466290177804 -0.0098673092950347 0.95337098221975 -0.009867309295068 
295.05838202515 3.0466292113254 -0.0098333819494295 0.95337078867461 -0.009833381949441 
296.0636916743 3.0466294019152 -0.0097996861333134 0.95337059808492 -0.0097996861333124 
297.06900132345 3.0466295896015 -0.0097662196281811 0.95337041039868 -0.0097662196281908 
298.0743109726 3.0466297744359 -0.0097329802409595 0.95337022556418 -0.0097329802409278 
299.07962062175 3.0466299564697 -0.0096999658031848 0.95337004353043 -0.0096999658031898 
300.0849302709 3.0466301357536 -0.0096671741711459 0.95336986424643 -0.0096671741712088 
301.09023992005 3.0466303123383 -0.0096346032252244 0.9533696876617 -0.0096346032252494 
302.09554956919 3.0466304862733 -0.0096022508612134 0.95336951372665 -0.0096022508611481 
303.10085921834 3.0466306576088 -0.0095701150219713 0.95336934239124 -0.0095701150219946 
304.10616886749 3.0466308263935 -0.0095381936494883 0.9533691736067 -0.0095381936495733 
305.11147851664 3.046630992676 -0.0095064847162308 0.95336900732412 -0.0095064847162317 
306.11678816579 3.0466311565043 -0.0094749862168031 0.9533688434958 -0.0094749862168002 
307.12209781494 3.0466313179259 -0.0094436961675465 0.9533686820742 -0.0094436961675552 
308.12740746409 3.0466314769877 -0.0094126126062636 0.95336852301234 -0.0094126126063362 
309.13271711324 3.0466316337361 -0.0093817335920827 0.95336836626406 -0.0093817335920724 
310.13802676238 3.0466317882166 -0.0093510571971641 0.95336821178357 -0.0093510571971622 
311.14333641153 3.0466319404745 -0.0093205815375609 0.95336805952556 -0.0093205815375259 
312.14864606068 3.0466320905542 -0.0092903047264213 0.95336790944584 -0.0092903047264388 
313.15395570983 3.0466322384996 -0.0092602249048932 0.95336776150055 -0.0092602249048592 
314.15926535898 3.0466323843537 -0.0092303402338582 0.95336761564647 -0.0092303402338445 
315.16457500813 3.0466325281589 -0.0092006488938148 0.95336747184112 -0.0092006488938322 
316.16988465728 3.0466326699573 -0.0091711490847725 0.95336733004281 -0.0091711490847437 
317.17519430643 3.0466328097898 -0.0091418390257884 0.95336719021033 -0.0091418390258027 
318.18050395557 3.0466329476967 -0.0091127169470849 0.9533670523034 -0.0091127169471008 
319.18581360472 3.0466330837181 -0.0090837811212477 0.95336691628215 -0.009083781121233 
320.19112325387 3.0466332178927 -0.0090550298156161 0.95336678210741 -0.0090550298155976 
321.19643290302 3.0466333502589 -0.0090264613242236 0.95336664974119 -0.0090264613242082 
322.20174255217 3.0466334808544 -0.0089980739588084 0.95336651914573 -0.0089980739587428 
323.20705220132 3.0466336097159 -0.0089698660494036 0.95336639028416 -0.0089698660494058 
324.21236185047 3.0466337368798 -0.008941835943744 0.95336626312062 -0.0089418359438554 
325.21767149962 3.0466338623813 -0.0089139820072278 0.95336613761885 -0.0089139820071951 
326.22298114876 3.0466339862553 -0.0088863026149857 0.95336601374485 -0.0088863026150322 
327.22829079791 3.0466341085359 -0.0088587961825733 0.95336589146424 -0.0088587961825806 
328.23360044706 3.0466342292564 -0.0088314611195178 0.95336577074366 -0.0088314611195166 
329.23891009621 3.0466343484495 -0.008804295860126 0.95336565155054 -0.0088042958601127 
330.24421974536 3.0466344661472 -0.0087772988553934 0.95336553385298 -0.0087772988553893 
331.24952939451 3.0466345823806 -0.008750468572918 0.95336541761953 -0.0087504685729252 
332.25483904366 3.0466346971804 -0.0087238034971162 0.95336530281966 -0.008723803497127 
333.26014869281 3.0466348105766 -0.00869730212828 0.9533651894236 -0.0086973021282909 
334.26545834195 3.0466349225981 -0.0086709629754137 0.95336507740208 -0.0086709629754596 
335.2707679911 3.0466350332738 -0.0086447845867118 0.95336496672624 -0.0086447845867558 
336.27607764025 3.0466351426317 -0.0086187655029122 0.95336485736832 -0.0086187655029876 
337.2813872894 3.0466352506988 -0.0085929042884613 0.95336474930116 -0.0085929042884534 
338.28669693855 3.046635357502 -0.0085671995230445 0.95336464249804 -0.0085671995231081 
339.2920065877 3.0466354630672 -0.0085416498020581 0.9533645369329 -0.0085416498020516 
340.29731623685 3.0466355674198 -0.0085162537359221 0.95336443258022 -0.0085162537360017 
341.302625886 3.0466356705846 -0.0084910099503769 0.95336432941544 -0.0084910099503676 
342.30793553514 3.0466357725857 -0.0084659170784243 0.95336422741417 -0.0084659170784691 
343.31324518429 3.046635873447 -0.008440973790842 0.95336412655312 -0.0084409737908355 
344.31855483344 3.0466359731914 -0.0084161787500102 0.95336402680877 -0.0084161787500224 
345.32386448259 3.0466360718412 -0.0083915306407298 0.95336392815889 -0.0083915306407169 
346.32917413174 3.0466361694185 -0.0083670281619662 0.95336383058162 -0.0083670281619533 
347.33448378089 3.0466362659447 -0.0083426700270353 0.95336373405551 -0.0083426700269778 
348.33979343004 3.0466363614405 -0.0083184549633818 0.95336363855967 -0.0083184549634162 
349.34510307918 3.0466364559261 -0.0082943817046696 0.95336354407392 -0.008294381704689 
350.35041272833 3.0466365494217 -0.0082704490213907 0.95336345057838 -0.0082704490213966 
351.35572237748 3.0466366419463 -0.0082466556746873 0.95336335805369 -0.0082466556748102 
352.36103202663 3.0466367335189 -0.0082230004468621 0.95336326648125 -0.008223000446908 
353.36634167578 3.0466368241576 -0.0081994821337394 0.95336317584245 -0.0081994821336878 
354.37165132493 3.0466369138805 -0.0081760995441053 0.95336308611969 -0.0081760995440825 
355.37696097408 3.0466370027048 -0.0081528515002732 0.95336299729536 -0.0081528515002735 
356.38227062323 3.0466370906477 -0.00812973683694 0.95336290935268 -0.0081297368370976 
357.38758027237 3.0466371777252 -0.0081067543943099 0.95336282227495 -0.0081067543942365 
358.39288992152 3.046637263954 -0.0080839030483894 0.95336273604612 -0.0080839030484109 
359.39819957067 3.0466373493496 -0.008061181664286 0.95336265065065 -0.0080611816643064 
360.40350921982 3.046637433927 -0.0080385891275625 0.9533625660731 -0.0080385891275658 
361.40881886897 3.0466375177014 -0.0080161243357003 0.9533624822987 -0.0080161243357757 
362.41412851812 3.0466376006873 -0.0079937861985962 0.95336239931285 -0.0079937861985673 
363.41943816727 3.0466376828985 -0.007971573638022 0.95336231710145 -0.0079715736381339 
364.42474781642 3.0466377643492 -0.0079494855873812 0.95336223565104 -0.0079494855874359 
365.43005746556 3.0466378450522 -0.0079275209842317 0.95336215494792 -0.0079275209842093 
366.43536711471 3.0466379250211 -0.0079056788010287 0.95336207497899 -0.0079056788010278 
367.44067676386 3.0466380042685 -0.0078839579981462 0.95336199573166 -0.0078839579983691 
368.44598641301 3.0466380828065 -0.0078623575553949 0.9533619171935 -0.0078623575553066 
369.45129606216 3.0466381606475 -0.0078408764632269 0.95336183935264 -0.0078408764631793 
370.45660571131 3.0466382378029 -0.0078195137236662 0.95336176219706 -0.0078195137237483 
371.46191536046 3.0466383142846 -0.0077982683492011 0.95336168571555 -0.0077982683491361 
372.46722500961 3.0466383901033 -0.0077771393635519 0.95336160989674 -0.0077771393635467 
373.47253465875 3.0466384652701 -0.0077561257929713 0.95336153473002 -0.0077561257929727 
374.4778443079 3.0466385397956 -0.0077352266975639 0.95336146020452 -0.0077352266975782 
375.48315395705 3.0466386136901 -0.0077144411245673 0.95336138631006 -0.0077144411246459 
376.4884636062 3.0466386869635 -0.0076937681393771 0.95336131303651 -0.0076937681393849 
377.49377325535 3.046638759626 -0.0076732068173005 0.95336124037432 -0.0076732068174513 
378.4990829045 3.0466388316866 -0.0076527562440986 0.95336116831347 -0.0076527562441035 
379.50439255365 3.0466389031551 -0.007632415514854 0.95336109684513 -0.0076324155148378 
380.5097022028 3.0466389740403 -0.0076121837348079 0.95336102595988 -0.0076121837348438 
381.51501185194 3.046639044351 -0.0075920600111895 0.95336095564901 -0.0075920600112474 
382.52032150109 3.046639114096 -0.0075720434835302 0.95336088590398 -0.0075720434835642 
383.52563115024 3.0466391832838 -0.0075521332779663 0.9533608167162 -0.007552133277981 
384.53094079939 3.0466392519225 -0.0075323285376684 0.95336074807765 -0.0075323285376643 
385.53625044854 3.0466393200201 -0.0075126284148227 0.95336067998009 -0.0075126284148005 
386.54156009769 3.0466393875843 -0.0074930320708134 0.95336061241585 -0.0074930320708332 
387.54686974684 3.0466394546228 -0.0074735386759289 0.95336054537696 -0.0074735386757745 
388.55217939599 3.0466395211431 -0.0074541474091783 0.95336047885695 -0.0074541474091444 
389.55748904513 3.0466395871524 -0.0074348574510106 0.9533604128478 -0.0074348574510088 
390.56279869428 3.0466396526577 -0.0074156680132049 0.95336034734235 -0.007415668013185 
391.56810834343 3.0466397176661 -0.0073965782932405 0.95336028233399 -0.0073965782932529 
392.57341799258 3.0466397821842 -0.0073775875044983 0.95336021781583 -0.0073775875045155 
393.57872764173 3.0466398462187 -0.0073586948688186 0.95336015378145 -0.007358694868801 
394.58403729088 3.0466399097758 -0.0073398996162422 0.95336009022421 -0.0073398996162451 
395.58934694003 3.0466399728621 -0.0073212009848813 0.95336002713804 -0.0073212009849044 
396.59465658918 3.0466400354835 -0.0073025982206967 0.95335996451659 -0.0073025982206986 
397.59996623832 3.046640097646 -0.0072840905702133 0.95335990235415 -0.007284090570283 
398.60527588747 3.0466401593557 -0.0072656773106033 0.95335984064464 -0.0072656773103794 
399.61058553662 3.046640220618 -0.007247357703681 0.95335977938209 -0.0072473577036941 
400.61589518577 3.0466402814387 -0.0072291310266203 0.95335971856156 -0.0072291310263641 
401.62120483492 3.0466403418232 -0.0072109965640744 0.95335965817687 -0.0072109965640861 
402.62651448407 3.0466404017769 -0.0071929536082082 0.95335959822323 -0.0071929536082289 
403.63182413322 3.046640461305 -0.0071750014583863 0.95335953869506 -0.0071750014584797 
404.63713378237 3.0466405204126 -0.0071571394212429 0.95335947958751 -0.0071571394212324 
405.64244343151 3.0466405791046 -0.0071393668030543 0.95335942089551 -0.007139366803057 
406.64775308066 3.046640637386 -0.007121682939981 0.95335936261405 -0.0071216829399911 
407.65306272981 3.0466406952617 -0.0071040871520767 0.9533593047385 -0.0071040871520894 
408.65837237896 3.0466407527362 -0.0070865787741998 0.95335924726393 -0.0070865787741368 
409.66368202811 3.0466408098141 -0.0070691571478122 0.95335919018601 -0.0070691571478259 
410.66899167726 3.0466408665 -0.0070518216212703 0.95335913350014 -0.007051821621259 
411.67430132641 3.0466409227982 -0.0070345715492134 0.95335907720194 -0.0070345715492409 
412.67961097556 3.046640978713 -0.0070174062933443 0.95335902128697 -0.0070174062932878 
413.6849206247 3.0466410342486 -0.0070003252135082 0.95335896575157 -0.0070003252135263 
414.69023027385 3.0466410894092 -0.0069833276996556 0.95335891059097 -0.0069833276996048 
415.695539923 3.0466411441988 -0.0069664131246595 0.95335885580123 -0.006966413124671 
416.70084957215 3.0466411986214 -0.0069495808752415 0.95335880137872 -0.0069495808752645 
417.7061592213 3.0466412526808 -0.0069328303443944 0.95335874731925 -0.0069328303443749 
418.71146887045 3.0466413063808 -0.0069161609311513 0.95335869361928 -0.0069161609312197 
419.7167785196 3.0466413597253 -0.0068995720404794 0.95335864027486 -0.0068995720404846 
420.72208816875 3.0466414127177 -0.0068830630835118 0.95335858728245 -0.0068830630834965 
421.72739781789 3.0466414653616 -0.0068666334693593 0.95335853463859 -0.0068666334693519 
422.73270746704 3.0466415176606 -0.0068502826359993 0.95335848233949 -0.0068502826359965 
423.73801711619 3.0466415696182 -0.006834010004146 0.95335843038186 -0.0068340100041543 
424.74332676534 3.0466416212377 -0.0068178150077765 0.95335837876239 -0.0068178150077979 
425.74863641449 3.0466416725224 -0.0068016970865606 0.95335832747773 -0.0068016970865693 
426.75394606364 3.0466417234755 -0.0067856556854688 0.95335827652457 -0.006785655685454 
427.75925571279 3.0466417741003 -0.0067696902550779 0.95335822589988 -0.006769690255082 
428.76456536193 3.0466418243997 -0.0067538002437459 0.9533581756004 -0.0067538002437364 
429.76987501108 3.0466418743769 -0.0067379851280376 0.95335812562316 -0.0067379851280519 
430.77518466023 3.046641924035 -0.0067222443667803 0.95335807596511 -0.006722244366728 
431.78049430938 3.0466419733768 -0.0067065774317194 0.95335802662327 -0.0067065774316856 
432.78580395853 3.0466420224052 -0.0066909837997537 0.9533579775949 -0.0066909837997456 
433.79111360768 3.0466420711231 -0.0066754629528207 0.95335792887717 -0.0066754629528369 
434.79642325683 3.046642119533 -0.0066600143778745 0.95335788046707 -0.0066600143779285 
435.80173290598 3.0466421676381 -0.0066446375669011 0.95335783236215 -0.0066446375668273 
436.80704255512 3.0466422154404 -0.0066293320090736 0.95335778455969 -0.0066293320090888 
437.81235220427 3.0466422629431 -0.0066140972214314 0.95335773705692 -0.0066140972214503 
438.81766185342 3.0466423101486 -0.0065989327028175 0.95335768985156 -0.0065989327028315 
439.82297150257 3.0466423570593 -0.0065838379644978 0.95335764294079 -0.0065838379645089 
440.82828115172 3.0466424036777 -0.0065688125224246 0.9533575963225 -0.0065688125224185 
441.83359080087 3.0466424500061 -0.0065538558974063 0.95335754999404 -0.0065538558973722 
442.83890045002 3.046642496047 -0.0065389676143782 0.95335750395309 -0.006538967614378 
443.84421009917 3.0466425418027 -0.0065241472033514 0.9533574581974 -0.0065241472033644 
444.84951974831 3.0466425872752 -0.0065093941908113 0.95335741272488 -0.006509394190814 
445.85482939746 3.046642632467 -0.0064947081309643 0.95335736753305 -0.0064947081309338 
446.86013904661 3.0466426773801 -0.0064800885593929 0.95335732262001 -0.0064800885593701 
447.86544869576 3.0466427220166 -0.0064655350235996 0.95335727798355 -0.0064655350236046 
448.87075834491 3.0466427663784 -0.0064510470754649 0.95335723362171 -0.0064510470754964 
449.87606799406 3.0466428104676 -0.0064366242713431 0.95335718953236 -0.0064366242713886 
450.88137764321 3.0466428542863 -0.006422266171712 0.95335714571385 -0.0064222661717125 
451.88668729236 3.046642897836 -0.0064079723413306 0.95335710216416 -0.0064079723413283 
452.8919969415 3.0466429411186 -0.0063937423414854 0.95335705888157 -0.0063937423414716 
453.89730659065 3.0466429841359 -0.0063795757607009 0.95335701586419 -0.0063795757606909 
454.9026162398 3.0466430268897 -0.0063654721686889 0.95335697311044 -0.0063654721686826 
455.90792588895 3.0466430693813 -0.0063514311468057 0.95335693061876 -0.0063514311467854 
456.9132355381 3.0466431116125 -0.0063374522807219 0.9533568883876 -0.0063374522807524 
457.91854518725 3.0466431535846 -0.0063235351599848 0.95335684641548 -0.0063235351599708 
458.9238548364 3.0466431952991 -0.0063096793785167 0.95335680470106 -0.0063096793784953 
459.92916448555 3.0466432367571 -0.0062958845340812 0.95335676324303 -0.0062958845340972 
460.93447413469 3.0466432779599 -0.0062821502208826 0.95335672204015 -0.0062821502208852 
461.93978378384 3.0466433189087 -0.0062684760604227 0.95335668109135 -0.0062684760604231 
462.94509343299 3.0466433596044 -0.0062548616549591 0.95335664039571 -0.0062548616549391 
463.95040308214 3.046643400048 -0.0062413066187866 0.95335659995218 -0.0062413066188087 
464.95571273129 3.0466434402401 -0.0062278105702989 0.95335655976009 -0.0062278105702899 
465.96102238044 3.0466434801814 -0.0062143731318875 0.95335651981873 -0.0062143731318844 
466.96633202959 3.0466435198724 -0.0062009939303259 0.95335648012769 -0.0062009939303044 
467.97164167874 3.0466435593135 -0.0061876725965742 0.95335644068663 -0.006187672596564 
468.97695132788 3.0466435985046 -0.0061744087581633 0.95335640149539 -0.0061744087581605 
469.98226097703 3.0466436374461 -0.0061612020702549 0.95335636255404 -0.006161202070249 
470.98757062618 3.0466436761374 -0.0061480521692047 0.95335632386275 -0.0061480521692015 
471.99288027533 3.046643714578 -0.0061349587039397 0.95335628542209 -0.0061349587039409 
472.99818992448 3.0466437527673 -0.0061219213280692 0.95335624723283 -0.0061219213280812 
474.00349957363 3.046643790704 -0.0061089396999989 0.95335620929605 -0.0061089396999609 
475.00880922278 3.0466438283869 -0.0060960134833864 0.95335617161323 -0.0060960134833844 
476.01411887193 3.046643865814 -0.0060831423473316 0.95335613418611 -0.0060831423473218 
477.01942852107 3.046643902983 -0.0060703259586569 0.95335609701708 -0.006070325958656 
478.02473817022 3.0466439398913 -0.0060575640135458 0.95335606010877 -0.006057564013548 
479.03004781937 3.0466439765355 -0.0060448561911858 0.95335602346458 -0.006044856191188 
480.03535746852 3.0466440129116 -0.0060322021854735 0.95335598708852 -0.0060322021854608 
481.04066711767 3.0466440490147 -0.0060196016976158 0.95335595098533 -0.0060196016976176 
482.04597676682 3.0466440848394 -0.0060070544368126 0.95335591516073 -0.0060070544368173 
483.05128641597 3.0466441203788 -0.0059945601211123 0.95335587962131 -0.0059945601211437 
484.05659606512 3.0466441556253 -0.005982118478125 0.95335584437486 -0.0059821184781185 
485.06190571426 3.0466441905695 -0.0059697292386189 0.95335580943058 -0.0059697292386112 
486.06721536341 3.046644225201 -0.0059573921685339 0.9533557747991 -0.0059573921685284 
487.07252501256 3.0466442595071 -0.0059451070239932 0.95335574049294 -0.0059451070239828 
488.07783466171 3.0466442934734 -0.0059328735844519 0.95335570652672 -0.0059328735844502 
489.08314431086 3.0466443270827 -0.0059206916466019 0.95335567291743 -0.0059206916465776 
490.08845396001 3.0466443603152 -0.0059085610273957 0.95335563968488 -0.00590856102739 
491.09376360916 3.046644393148 -0.0058964815667513 0.95335560685208 -0.0058964815667546 
492.09907325831 3.0466444255543 -0.0058844531313183 0.95335557444577 -0.0058844531313237 
493.10438290745 3.0466444575033 -0.0058724756112192 0.95335554249682 -0.0058724756112198 
494.1096925566 3.0466444889595 -0.0058605489559099 0.95335551104062 -0.0058605489559094 
495.11500220575 3.0466445198824 -0.0058486731338684 0.9533554801177 -0.0058486731338617 
496.1203118549 3.0466445502263 -0.0058368481707451 0.95335544977378 -0.0058368481707536 
497.12562150405 3.0466445799405 -0.0058250741493653 0.95335542005956 -0.0058250741493469 
498.1309311532 3.0466446089703 -0.0058133512191083 0.95335539102982 -0.0058133512191089 
499.13624080235 3.0466446372591 -0.0058016796050842 0.95335536274098 -0.0058016796050914 
500.1415504515 3.0466446647535 -0.0057900596173994 0.95335533524662 -0.0057900596174023 
501.14686010064 3.0466446914113 -0.005778491650808 0.95335530858879 -0.0057784916508056 
502.15216974979 3.0466447172175 -0.0057669762168766 0.95335528278263 -0.0057669762168774 
503.15747939894 3.0466447422093 -0.0057555138880932 0.95335525779076 -0.0057555138881015 
504.16278904809 3.0466447665204 -0.0057441052957791 0.95335523347969 -0.0057441052957811 
505.16809869724 3.0466447904504 -0.0057327510469688 0.95335520954972 -0.0057327510469727 
506.17340834639 3.0466448145742 -0.0057214515736118 0.95335518542591 -0.0057214515736097 
507.17871799554 3.0466448399014 -0.005710206850599 0.95335516009866 -0.0057102068506021 
508.18402764468 3.0466448680821 -0.0056990158925549 0.95335513191797 -0.0056990158925513 
509.18933729383 3.0466449015994 -0.0056878759702648 0.95335509840068 -0.0056878759702662 
510.19464694298 3.0466449437319 -0.0056767813541634 0.95335505626815 -0.0056767813541678 
511.19995659213 3.0466449977154 -0.0056657219054636 0.95335500228469 -0.0056657219054635 
512.20526624128 3.04664506408 -0.005654682573724 0.95335493592015 -0.0056546825737216 
513.21057589043 3.0466451371801 -0.0056436480049569 0.95335486282 -0.0056436480049556 
514.21588553958 3.046645210515 -0.005632612808724 0.95335478948513 -0.0056326128087231 
515.22119518873 3.0466452820183 -0.0056215776491145 0.95335471798177 -0.0056215776491135 
516.22650483787 3.0466453455328 -0.0056105488874783 0.95335465446735 -0.0056105488874796 
517.23181448702 3.0466453960023 -0.0055995420771547 0.95335460399777 -0.0055995420771576 
518.23712413617 3.0466454344362 -0.0055885717003738 0.9533545655639 -0.0055885717003768 
519.24243378532 3.0466454643094 -0.0055776469619224 0.95335453569073 -0.0055776469619235 
520.24774343447 3.0466454889626 -0.0055667725469318 0.95335451103748 -0.0055667725469446 
521.25305308362 3.0466455108477 -0.0055559501941318 0.95335448915241 -0.0055559501941355 
522.25836273277 3.0466455315472 -0.0055451799540926 0.95335446845289 -0.0055451799540871 
523.26367238192 3.0466455519975 -0.0055344610112573 0.95335444800263 -0.0055344610112584 
524.26898203106 3.0466455727075 -0.0055237921623937 0.95335442729261 -0.0055237921623982 
525.27429168021 3.0466455939229 -0.0055131721143604 0.95335440607721 -0.0055131721143582 
526.27960132936 3.0466456157346 -0.0055025995754116 0.95335438426552 -0.0055025995754109 
527.28491097851 3.0466456381476 -0.0054920733492564 0.95335436185251 -0.0054920733492584 
528.29022062766 3.0466456611223 -0.0054815923511254 0.95335433887775 -0.0054815923511282 
529.29553027681 3.0466456845989 -0.0054711556100174 0.95335431540125 -0.0054711556100163 
530.30083992596 3.0466457085104 -0.0054607622617697 0.95335429148975 -0.0054607622617681 
531.30614957511 3.0466457327907 -0.0054504115381905 0.95335426720937 -0.0054504115381924 
532.31145922425 3.0466457573782 -0.0054401027465936 0.95335424262194 -0.0054401027465996 
533.3167688734 3.046645782217 -0.0054298352890748 0.95335421778314 -0.005429835289087 
534.32207852255 3.0466458072577 -0.0054196086059184 0.95335419274241 -0.0054196086059092 
535.3273881717 3.0466458324572 -0.0054094221966342 0.9533541675429 -0.0054094221966386 
536.33269782085 3.0466458577781 -0.0053992756044507 0.953354142222 -0.0053992756044522 
537.33800747 3.0466458831882 -0.0053891684099415 0.95335411681195 -0.0053891684099412 
538.34331711915 3.0466459086596 -0.0053791002247351 0.95335409134048 -0.0053791002247332 
539.3486267683 3.0466459341688 -0.005369070687214 0.95335406583136 -0.0053690706872185 
540.35393641744 3.0466459596951 -0.005359079450599 0.95335404030501 -0.0053590794506068 
541.35924606659 3.0466459852213 -0.0053491262108903 0.95335401477881 -0.00534912621089 
542.36455571574 3.0466460107323 -0.005339210657329 0.95335398926778 -0.0053392106573277 
543.36986536489 3.0466460362154 -0.0053293325012007 0.95335396378475 -0.0053293325011996 
544.37517501404 3.0466460616593 -0.0053194914663953 0.95335393834077 -0.0053194914663903 
545.38048466319 3.0466460870548 -0.0053096872874209 0.95335391294531 -0.0053096872874223 
546.38579431234 3.0466461123936 -0.0052999197081651 0.9533538876065 -0.0052999197081421 
547.39110396149 3.0466461376688 -0.0052901884811031 0.95335386233135 -0.0052901884811036 
548.39641361063 3.0466461628741 -0.0052804933580071 0.95335383712596 -0.005280493358011 
549.40172325978 3.0466461880047 -0.0052708341204449 0.95335381199536 -0.0052708341204599 
550.40703290893 3.046646213056 -0.0052612105325585 0.95335378694411 -0.0052612105325518 
551.41234255808 3.0466462380241 -0.0052516223716431 0.95335376197597 -0.0052516223717335 
552.41765220723 3.0466462629057 -0.00524206941953 0.95335373709436 -0.0052420694195373 
553.42296185638 3.0466462876981 -0.0052325514622281 0.95335371230204 -0.0052325514622466 
554.42827150553 3.0466463123987 -0.0052230682899788 0.95335368760138 -0.0052230682899842 
555.43358115468 3.0466463370056 -0.0052136196963449 0.95335366299457 -0.0052136196963603 
556.43889080382 3.0466463615169 -0.0052042054703803 0.9533536384833 -0.0052042054703694 
557.44420045297 3.0466463859311 -0.0051948254277496 0.95335361406902 -0.0051948254277461 
558.44951010212 3.046646410247 -0.0051854793634138 0.95335358975301 -0.0051854793632654 
559.45481975127 3.0466464344637 -0.0051761670828083 0.95335356553638 -0.0051761670827909 
560.46012940042 3.0466464585801 -0.0051668883940714 0.95335354141998 -0.0051668883940333 
561.46543904957 3.0466464825957 -0.0051576431074278 0.95335351740446 -0.0051576431074162 
562.47074869872 3.0466465065097 -0.0051484310353714 0.95335349349044 -0.0051484310353859 
563.47605834787 3.0466465303218 -0.0051392519927232 0.95335346967831 -0.0051392519927439 
564.48136799701 3.0466465540316 -0.00513010578833 0.9533534459685 -0.0051301057883489 
565.48667764616 3.046646577639 -0.0051209922562211 0.95335342236112 -0.0051209922562294 
566.49198729531 3.0466466011438 -0.0051119112090795 0.95335339885633 -0.0051119112090626 
567.49729694446 3.0466466245458 -0.0051028624692436 0.95335337545425 -0.0051028624692368 
568.50260659361 3.0466466478452 -0.0050938458605574 0.95335335215485 -0.0050938458605565 
569.50791624276 3.046646671042 -0.0050848612085096 0.95335332895811 -0.0050848612085127 
570.51322589191 3.0466466941362 -0.0050759083404312 0.95335330586382 -0.0050759083403441 
571.51853554106 3.0466467171282 -0.0050669870849186 0.95335328287182 -0.005066987084913 
572.5238451902 3.046646740018 -0.0050580972645373 0.95335325998213 -0.0050580972645364 
573.52915483935 3.0466467628059 -0.0050492387263319 0.95335323719418 -0.0050492387263207 
574.5344644885 3.0466467854923 -0.0050404112957467 0.95335321450775 -0.005040411295748 
575.53977413765 3.0466468080774 -0.0050316148072946 0.95335319192267 -0.005031614807305 
576.5450837868 3.0466468305616 -0.005022849096679 0.95335316943849 -0.0050228490966742 
577.55039343595 3.0466468529453 -0.005014114001338 0.95335314705483 -0.0050141140013229 
578.5557030851 3.0466468752288 -0.0050054093596116 0.95335312477126 -0.0050054093596252 
579.56101273424 3.0466468974126 -0.0049967350035198 0.95335310258749 -0.0049967350035245 
580.56632238339 3.0466469194971 -0.0049880907896647 0.95335308050296 -0.0049880907896647 
581.57163203254 3.0466469414829 -0.0049794765525373 0.9533530585172 -0.0049794765525677 
582.57694168169 3.0466469633702 -0.0049708921355626 0.95335303662976 -0.0049708921355674 
583.58225133084 3.0466469851598 -0.0049623373836023 0.9533530148403 -0.0049623373836215 
584.58756097999 3.046647006852 -0.0049538121423328 0.95335299314809 -0.0049538121424126 
585.59287062914 3.0466470284473 -0.0049453162587521 0.95335297155283 -0.0049453162587869 
586.59818027829 3.0466470499463 -0.0049368495811231 0.95335295005385 -0.004936849581117 
587.60348992743 3.0466470713494 -0.004928411950908 0.95335292865072 -0.0049284119508955 
588.60879957658 3.0466470926573 -0.0049200032339348 0.95335290734283 -0.0049200032339435 
589.61410922573 3.0466471138705 -0.0049116232738764 0.95335288612959 -0.0049116232738333 
590.61941887488 3.0466471349896 -0.0049032719234045 0.95335286501058 -0.0049032719234107 
591.62472852403 3.046647156015 -0.0048949490361261 0.95335284398515 -0.0048949490361377 
592.63003817318 3.0466471769474 -0.004886654466569 0.95335282305271 -0.0048866544665611 
593.63534782233 3.0466471977874 -0.0048783880705911 0.9533528022128 -0.0048783880705596 
594.64065747148 3.0466472185354 -0.004870149704843 0.9533527814647 -0.0048701497048858 
595.64596712062 3.0466472391921 -0.0048619392193438 0.9533527608079 -0.0048619392193793 
596.65127676977 3.0466472597582 -0.0048537564883166 0.95335274024194 -0.0048537564883393 
597.65658641892 3.0466472802341 -0.0048456013637791 0.95335271976602 -0.0048456013637722 
598.66189606807 3.0466473006205 -0.0048374737062883 0.95335269937962 -0.0048374737062857 
599.66720571722 3.0466473209179 -0.0048293733778139 0.95335267908216 -0.0048293733778219 
600.67251536637 3.046647341127 -0.004821300240815 0.95335265887306 -0.0048213002408082 
601.67782501552 3.0466473612484 -0.0048132541589196 0.95335263875171 -0.004813254158916 
602.68313466467 3.0466473812827 -0.004805234996582 0.95335261871742 -0.0048052349965771 
603.68844431381 3.0466474012303 -0.0047972426118221 0.95335259876977 -0.00479724261181 
604.69375396296 3.0466474210921 -0.0047892768862089 0.95335257890797 -0.0047892768862162 
605.69906361211 3.0466474408687 -0.0047813376793994 0.95335255913149 -0.0047813376794235 
606.70437326126 3.0466474605605 -0.004773424859587 0.95335253943955 -0.0047734248595736 
607.70968291041 3.0466474801682 -0.0047655382959569 0.95335251983188 -0.0047655382959535 
608.71499255956 3.0466474996925 -0.004757677858325 0.95335250030763 -0.0047576778582828 
609.72030220871 3.0466475191339 -0.0047498434176438 0.95335248086618 -0.0047498434176283 
610.72561185786 3.0466475384932 -0.0047420348456302 0.95335246150699 -0.0047420348456565 
611.730921507 3.0466475577708 -0.004734252007064 0.95335244222939 -0.0047342520071126 
612.73623115615 3.0466475769674 -0.0047264947909398 0.95335242303271 -0.0047264947909494 
613.7415408053 3.0466475960838 -0.0047187630638191 0.95335240391641 -0.0047187630638027 
614.74685045445 3.0466476151204 -0.0047110567006583 0.95335238487976 -0.0047110567006634 
615.7521601036 3.0466476340778 -0.0047033755774351 0.9533523659222 -0.0047033755774192 
616.75746975275 3.046647652957 -0.0046957195709449 0.95335234704322 -0.0046957195709473 
617.7627794019 3.0466476717581 -0.0046880885586902 0.95335232824192 -0.0046880885587168 
618.76808905105 3.0466476904822 -0.0046804824191517 0.95335230951788 -0.0046804824191324 
619.77339870019 3.0466477091295 -0.0046729010236909 0.95335229087039 -0.0046729010235285 
620.77870834934 3.0466477277011 -0.0046653442676277 0.953352272299 -0.0046653442676279 
621.78401799849 3.0466477461973 -0.0046578120239031 0.9533522538028 -0.0046578120239842 
622.78932764764 3.0466477646189 -0.004650304174352 0.95335223538114 -0.004650304174342 
623.79463729679 3.0466477829665 -0.0046428206009198 0.95335221703356 -0.0046428206008969 
624.79994694594 3.0466478012408 -0.0046353611866584 0.95335219875941 -0.0046353611866367 
625.80525659509 3.0466478194422 -0.004627925815418 0.95335218055789 -0.0046279258153751 
626.81056624424 3.0466478375716 -0.0046205143717788 0.95335216242838 -0.0046205143717743 
627.81587589338 3.0466478556296 -0.0046131267332577 0.95335214437064 -0.0046131267332084 
628.82118554253 3.0466478736167 -0.0046057628009977 0.95335212638343 -0.0046057628009776 
629.82649519168 3.0466478915337 -0.004598422454319 0.95335210846643 -0.0045984224543221 
630.83180484083 3.0466479093812 -0.0045911055804346 0.95335209061885 -0.0045911055804204 
631.83711448998 3.0466479271599 -0.0045838120674289 0.95335207284022 -0.0045838120674145 
632.84242413913 3.0466479448705 -0.0045765418044964 0.95335205512962 -0.0045765418045063 
633.84773378828 3.0466479625135 -0.0045692946809145 0.95335203748671 -0.0045692946808971 
634.85304343743 3.0466479800896 -0.0045620705866521 0.95335201991057 -0.0045620705866367 
635.85835308657 3.0466479975995 -0.0045548694053204 0.9533520024007 -0.0045548694052969 
636.86366273572 3.0466480150438 -0.00454769104369 0.95335198495634 -0.0045476910437056 
637.86897238487 3.0466480324232 -0.004540535386348 0.95335196757676 -0.0045405353862268 
638.87428203402 3.0466480497385 -0.0045334023261889 0.95335195026158 -0.0045334023261933 
639.87959168317 3.0466480669902 -0.0045262917567518 0.95335193300978 -0.0045262917567598 
640.88490133232 3.0466480841791 -0.0045192035723069 0.95335191582104 -0.004519203572278 
641.89021098147 3.0466481013058 -0.0045121376674583 0.95335189869447 -0.0045121376675214 
642.89552063062 3.0466481183708 -0.0045050939381167 0.9533518816293 -0.0045050939380847 
643.90083027976 3.046648135375 -0.0044980722723567 0.95335186462507 -0.0044980722723668 
644.90613992891 3.0466481523191 -0.0044910725823105 0.95335184768108 -0.0044910725822725 
645.91144957806 3.0466481692036 -0.0044840947579545 0.95335183079647 -0.0044840947578723 
646.91675922721 3.0466481860294 -0.0044771386969731 0.95335181397073 -0.0044771386969622 
647.92206887636 3.046648202797 -0.0044702042979618 0.95335179720303 -0.0044702042979304 
648.92737852551 3.0466482195072 -0.0044632914602573 0.95335178049278 -0.0044632914602396 
649.93268817466 3.0466482361606 -0.0044564000833778 0.95335176383938 -0.0044564000833748 
650.93799782381 3.0466482527581 -0.0044495300677422 0.95335174724201 -0.00444953006771 
651.94330747295 3.0466482693001 -0.004442681306688 0.95335173070006 -0.0044426813066557 
652.9486171221 3.0466482857875 -0.0044358537170862 0.95335171421273 -0.0044358537171587 
653.95392677125 3.0466483022207 -0.0044290471931555 0.9533516977793 -0.0044290471931442 
654.9592364204 3.046648318601 -0.0044222616376092 0.95335168139933 -0.0044222616374705 
655.96454606955 3.0466483349285 -0.0044154969535004 0.95335166507165 -0.0044154969535255 
656.9698557187 3.0466483512041 -0.0044087530448396 0.95335164879591 -0.0044087530447952 
657.97516536785 3.0466483674287 -0.0044020298155298 0.95335163257149 -0.0044020298154931 
658.980475017 3.0466483836028 -0.0043953271706518 0.95335161639723 -0.0043953271706795 
659.98578466614 3.0466483997271 -0.0043886450076483 0.95335160027294 -0.0043886450076478 
660.99109431529 3.0466484158025 -0.0043819832477664 0.95335158419758 -0.0043819832477977 
661.99640396444 3.0466484318295 -0.0043753417898588 0.95335156817059 -0.0043753417898714 
663.00171361359 3.046648447809 -0.0043687205406968 0.95335155219123 -0.0043687205405081 
664.00702326274 3.0466484637416 -0.0043621194073298 0.95335153625862 -0.004362119407337 
665.01233291189 3.0466484796278 -0.004355538298228 0.95335152037207 -0.0043555382981714 
666.01764256104 3.0466484954689 -0.004348977121252 0.95335150453119 -0.0043489771212367 
667.02295221018 3.0466485112652 -0.0043424357776641 0.95335148873501 -0.0043424357777205 
668.02826185933 3.0466485270173 -0.0043359141924302 0.95335147298237 -0.0043359141925038 
669.03357150848 3.0466485427264 -0.0043294122673196 0.95335145727362 -0.0043294122673173 
670.03888115763 3.0466485583929 -0.004322929912869 0.9533514416072 -0.0043229299128486 
671.04419080678 3.0466485740176 -0.0043164670395946 0.9533514259826 -0.0043164670395865 
672.04950045593 3.0466485896011 -0.0043100235586433 0.95335141039909 -0.0043100235587505 
673.05481010508 3.0466486051445 -0.0043035993817935 0.95335139485566 -0.0043035993817668 
674.06011975423 3.0466486206479 -0.0042971944210643 0.95335137935225 -0.0042971944211791 
675.06542940337 3.0466486361125 -0.0042908085812509 0.95335136388775 -0.0042908085811957 
676.07073905252 3.0466486515387 -0.0042844417906979 0.95335134846106 -0.0042844417907086 
677.07604870167 3.0466486669278 -0.0042780939548786 0.95335133307235 -0.0042780939548892 
678.08135835082 3.04664868228 -0.0042717649879016 0.95335131772014 -0.0042717649878368 
679.08666799997 3.0466486975961 -0.0042654548037507 0.95335130240421 -0.004265454803691 
680.09197764912 3.0466487128767 -0.0042591633170536 0.95335128712324 -0.0042591633170368 
681.09728729827 3.046648728123 -0.0042528904424761 0.95335127187715 -0.0042528904424849 
682.10259694742 3.0466487433352 -0.0042466360960118 0.95335125666493 -0.0042466360959576 
683.10790659656 3.0466487585141 -0.0042404001853501 0.95335124148584 -0.0042404001854112 
684.11321624571 3.0466487736605 -0.0042341826419167 0.95335122633911 -0.0042341826419386 
685.11852589486 3.0466487887755 -0.004227983375018 0.95335121122471 -0.0042279833749076 
686.12383554401 3.0466488038593 -0.0042218023013058 0.95335119614122 -0.0042218023014065 
687.12914519316 3.0466488189122 -0.004215639337872 0.95335118108787 -0.0042156393378904 
688.13445484231 3.0466488339356 -0.0042094944026467 0.95335116606427 -0.0042094944026252 
689.13976449146 3.0466488489299 -0.0042033674133292 0.95335115107009 -0.0042033674132911 
690.14507414061 3.0466488638959 -0.0041972582886398 0.95335113610429 -0.0041972582885757 
691.15038378975 3.0466488788341 -0.0041911669393592 0.95335112116615 -0.0041911669392203 
692.1556934389 3.0466488937452 -0.0041850932998122 0.95335110625515 -0.0041850932998382 
693.16100308805 3.0466489086296 -0.0041790372819326 0.95335109137065 -0.0041790372820426 
694.1663127372 3.0466489234885 -0.0041729988052777 0.95335107651202 -0.0041729988053071 
695.17162238635 3.0466489383219 -0.0041669777899443 0.95335106167824 -0.0041669777896912 
696.1769320355 3.0466489531308 -0.0041609741560857 0.9533510468693 -0.0041609741560568 
697.18224168465 3.0466489679155 -0.0041549878246167 0.95335103208447 -0.0041549878246429 
698.1875513338 3.0466489826769 -0.0041490187165541 0.95335101732305 -0.0041490187164413 
699.19286098294 3.0466489974154 -0.0041430667457052 0.95335100258446 -0.0041430667455085 
700.19817063209 3.0466490121318 -0.0041371318484647 0.95335098786843 -0.0041371318485297 
701.20348028124 3.0466490268262 -0.0041312139397012 0.95335097317391 -0.004131213939808 
702.20878993039 3.0466490414993 -0.0041253129412558 0.9533509585009 -0.0041253129412274 
703.21409957954 3.0466490561516 -0.0041194287758614 0.95335094384845 -0.004119428775768 
704.21940922869 3.0466490707839 -0.0041135613663859 0.95335092921651 -0.0041135613664529 
705.22471887784 3.046649085396 -0.0041077106361505 0.95335091460418 -0.0041077106360534 
706.23002852699 3.0466490999888 -0.0041018765083331 0.95335090001121 -0.0041018765083039 
707.23533817613 3.0466491145627 -0.0040960588989368 0.95335088543735 -0.0040960588989192 
708.24064782528 3.046649129118 -0.0040902577475946 0.95335087088197 -0.0040902577476613 
709.24595747443 3.0466491436551 -0.0040844729706375 0.95335085634488 -0.0040844729709201 
710.25126712358 3.0466491581745 -0.0040787044932127 0.95335084182568 -0.0040787044932348 
711.25657677273 3.0466491726763 -0.0040729522396477 0.95335082732397 -0.0040729522396245 
712.26188642188 3.0466491871607 -0.0040672161359782 0.95335081283945 -0.00406721613585 
713.26719607103 3.0466492016281 -0.0040614961067974 0.95335079837162 -0.0040614961068065 
714.27250572018 3.0466492160791 -0.0040557920787088 0.95335078392094 -0.0040557920787224 
715.27781536932 3.0466492305134 -0.0040501039694963 0.95335076948659 -0.0040501039693102 
716.28312501847 3.0466492449312 -0.0040444317211133 0.95335075506882 -0.0040444317211907 
717.28843466762 3.0466492593331 -0.0040387752531591 0.95335074066696 -0.0040387752531155 
718.29374431677 3.0466492737188 -0.0040331344922192 0.95335072628135 -0.0040331344922257 
719.29905396592 3.0466492880886 -0.0040275093654169 0.95335071191141 -0.0040275093651027 
720.30436361507 3.0466493024422 -0.004021899800854 0.95335069755785 -0.0040218998008331 
721.30967326422 3.0466493167798 -0.0040163057261763 0.95335068321986 -0.004016305726338 
722.31498291337 3.0466493311018 -0.0040107270701656 0.95335066889809 -0.0040107270700749 
723.32029256251 3.0466493454075 -0.0040051637529763 0.95335065459285 -0.0040051637530793 
724.32560221166 3.0466493596969 -0.0039996157195001 0.95335064030334 -0.0039996157199356 
725.33091186081 3.0466493739703 -0.0039940828915937 0.95335062602988 -0.0039940828916846 
726.33622150996 3.0466493882271 -0.0039885651982392 0.95335061177293 -0.0039885651982301 
727.34153115911 3.0466494024674 -0.0039830625697407 0.95335059753322 -0.0039830625702228 
728.34684080826 3.0466494166903 -0.0039775749369331 0.95335058330987 -0.0039775749366195 
729.35215045741 3.0466494308962 -0.0039721022297375 0.953350569104 -0.0039721022298136 
730.35746010656 3.0466494450843 -0.0039666443800568 0.95335055491582 -0.0039666443799327 
731.3627697557 3.0466494592544 -0.0039612013110633 0.95335054074566 -0.0039612013112241 
732.36807940485 3.046649473406 -0.0039557729702589 0.95335052659386 -0.0039557729702603 
733.373389054 3.0466494875388 -0.0039503592824496 0.95335051246121 -0.0039503592823557 
734.37869870315 3.0466495016521 -0.0039449601801021 0.95335049834805 -0.0039449601800652 
735.3840083523 3.0466495157455 -0.0039395755966318 0.95335048425505 -0.0039395755967781 
736.38931800145 3.0466495298179 -0.0039342054649792 0.95335047018235 -0.0039342054647859 
737.3946276506 3.0466495438692 -0.0039288497200489 0.95335045613096 -0.0039288497200015 
738.39993729974 3.0466495578986 -0.0039235082878262 0.95335044210171 -0.0039235082873209 
739.40524694889 3.0466495719049 -0.0039181811189172 0.95335042809534 -0.0039181811189771 
740.41055659804 3.0466495858878 -0.0039128681410957 0.95335041411214 -0.003912868141062 
741.41586624719 3.0466495998465 -0.0039075692903712 0.95335040015355 -0.0039075692903502 
742.42117589634 3.0466496137799 -0.0039022845025941 0.95335038622006 -0.0039022845025115 
743.42648554549 3.0466496276875 -0.0038970137152969 0.95335037231271 -0.0038970137153106 
744.43179519464 3.0466496415676 -0.003891756865447 0.9533503584326 -0.0038917568653146 
745.43710484379 3.0466496554199 -0.0038865138908719 0.95335034458002 -0.0038865138909518 
746.44241449293 3.0466496692435 -0.0038812847227494 0.95335033075759 -0.0038812847229769 
747.44772414208 3.0466496830362 -0.0038760693152102 0.95335031696394 -0.0038760693154105 
748.45303379123 3.0466496967982 -0.0038708676001029 0.95335030320201 -0.0038708676000857 
749.45834344038 3.0466497105279 -0.0038656795173828 0.95335028947232 -0.0038656795173627 
750.46365308953 3.0466497242241 -0.0038605050080274 0.95335027577602 -0.0038605050080483 
751.46896273868 3.046649737886 -0.0038553440130403 0.95335026211488 -0.0038553440135017 
752.47427238783 3.0466497515115 -0.0038501964747542 0.95335024848863 -0.0038501964747506 
753.47958203698 3.0466497651002 -0.0038450623349201 0.95335023490001 -0.0038450623348288 
754.48489168612 3.0466497786509 -0.0038399415296187 0.9533502213498 -0.0038399415296997 
755.49020133527 3.0466497921614 -0.0038348340171217 0.95335020783869 -0.0038348340171204 
756.49551098442 3.0466498056314 -0.003829739734608 0.95335019436885 -0.0038297397347218 
757.50082063357 3.0466498190591 -0.0038246586264435 0.95335018094095 -0.0038246586265233 
758.50613028272 3.0466498324435 -0.003819590638908 0.95335016755668 -0.0038195906388585 
759.51143993187 3.046649845783 -0.0038145357175087 0.95335015421729 -0.0038145357175228 
760.51674958102 3.0466498590762 -0.0038094938089483 0.95335014092396 -0.003809493808968 
761.52205923017 3.046649872322 -0.0038044648610607 0.95335012767816 -0.0038044648611026 
762.52736887931 3.0466498855188 -0.0037994488142762 0.95335011448145 -0.0037994488142606 
763.53267852846 3.0466498986655 -0.0037944456316169 0.95335010133454 -0.0037944456315744 
764.53798817761 3.0466499117604 -0.0037894552558589 0.95335008823925 -0.0037894552560119 
765.54329782676 3.0466499248027 -0.0037844776362896 0.95335007519739 -0.0037844776362387 
766.54860747591 3.0466499377906 -0.0037795127239223 0.95335006220945 -0.0037795127237346 
767.55391712506 3.0466499507229 -0.003774560469442 0.9533500492773 -0.0037745604694749 
768.55922677421 3.0466499635983 -0.003769620824648 0.95335003640184 -0.0037696208245906 
769.56453642336 3.0466499764155 -0.0037646937423375 0.95335002358464 -0.0037646937423113 
770.5698460725 3.0466499891731 -0.0037597791675963 0.95335001082702 -0.003759779167562 
771.57515572165 3.04665000187 -0.0037548770692608 0.95334999813008 -0.0037548770692788 
772.5804653708 3.046650014505 -0.0037499873940038 0.95334998549521 -0.0037499873939501 
773.58577501995 3.0466500270766 -0.0037451100967387 0.95334997292341 -0.0037451100967275 
774.5910846691 3.046650039584 -0.0037402451326383 0.95334996041593 -0.0037402451328284 
775.59639431825 3.0466500520258 -0.003735392457248 0.95334994797441 -0.0037353924572216 
776.6017039674 3.0466500644009 -0.0037305520276191 0.95334993559891 -0.0037305520276178 
777.60701361655 3.0466500767083 -0.0037257238006129 0.95334992329196 -0.0037257238005642 
778.61232326569 3.0466500889467 -0.003720907725899 0.95334991105343 -0.0037209077257836 
779.61763291484 3.0466501011156 -0.0037161037767602 0.95334989888474 -0.0037161037767262 
780.62294256399 3.0466501132134 -0.0037113119045079 0.95334988678661 -0.0037113119047084 
781.62825221314 3.0466501252395 -0.0037065320676497 0.95334987476058 -0.0037065320675843 
782.63356186229 3.0466501371931 -0.0037017642261129 0.95334986280705 -0.003701764226039 
783.63887151144 3.0466501490732 -0.0036970083395131 0.95334985092681 -0.0036970083393961 
784.64418116059 3.0466501608792 -0.003692264368334 0.95334983912101 -0.0036922643683762 
785.64949080974 3.04665017261 -0.0036875322732945 0.95334982739012 -0.0036875322733083 
786.65480045888 3.0466501842651 -0.0036828120079451 0.95334981573502 -0.0036828120079683 
787.66011010803 3.046650195844 -0.003678103549424 0.95334980415624 -0.0036781035493898 
788.66541975718 3.0466502073458 -0.0036734068516918 0.95334979265429 -0.0036734068517211 
789.67072940633 3.0466502187698 -0.0036687218774261 0.95334978122954 -0.0036687218776923 
790.67603905548 3.0466502301165 -0.0036640485889101 0.95334976988343 -0.0036640485889327 
791.68134870463 3.0466502413844 -0.0036593869491937 0.95334975861562 -0.0036593869492016 
792.68665835378 3.0466502525736 -0.0036547369218522 0.95334974742652 -0.0036547369219006 
793.69196800293 3.0466502636834 -0.0036500984701354 0.95334973631671 -0.003650098470087 
794.69727765207 3.046650274714 -0.0036454715502403 0.95334972528635 -0.0036454715502938 
795.70258730122 3.0466502856645 -0.0036408561418322 0.95334971433541 -0.0036408561418266 
796.70789695037 3.0466502965355 -0.0036362522014079 0.95334970346474 -0.0036362522014494 
797.71320659952 3.046650307326 -0.0036316596936226 0.95334969267367 -0.0036316596938115 
798.71851624867 3.0466503180368 -0.003627078583016 0.95334968196322 -0.0036270785830077 
799.72382589782 3.0466503286672 -0.0036225088348648 0.95334967133259 -0.0036225088348663 
800.72913554697 3.0466503392177 -0.0036179504137943 0.95334966078246 -0.0036179504138316 
801.73444519612 3.0466503496881 -0.0036134032857842 0.95334965031241 -0.0036134032857286 
802.73975484526 3.0466503600781 -0.003608867408275 0.95334963992192 -0.0036088674082317 
803.74506449441 3.0466503703884 -0.0036043427622826 0.95334962961158 -0.0036043427624188 
804.75037414356 3.0466503806193 -0.0035998293058523 0.95334961938062 -0.0035998293058979 
805.75568379271 3.0466503907703 -0.0035953270048083 0.95334960922935 -0.0035953270048587 
806.76099344186 3.0466504008427 -0.0035908358248712 0.95334959915742 -0.0035908358249268 
807.76630309101 3.0466504108359 -0.0035863557325208 0.95334958916423 -0.0035863557323737 
808.77161274016 3.0466504207509 -0.0035818866934989 0.95334957924918 -0.0035818866934428 
809.77692238931 3.0466504305877 -0.0035774286744143 0.95334956941241 -0.0035774286744206 
810.78223203845 3.0466504403468 -0.0035729816337161 0.95334955965319 -0.0035729816336974 
811.7875416876 3.0466504500288 -0.0035685455524747 0.95334954997124 -0.0035685455525118 
812.79285133675 3.0466504596343 -0.0035641203900113 0.95334954036607 -0.0035641203899014 
813.7981609859 3.0466504691632 -0.0035597061125925 0.95334953083614 -0.0035597061129298 
814.80347063505 3.046650478617 -0.0035553026869142 0.95334952138316 -0.0035553026869455 
815.8087802842 3.0466504879955 -0.0035509100791452 0.95334951200471 -0.003550910079006 
816.81408993335 3.0466504972998 -0.0035465282557712 0.95334950269959 -0.0035465282563819 
817.81939958249 3.0466505065303 -0.0035421571758813 0.95334949346979 -0.0035421571759452 
818.82470923164 3.0466505156878 -0.0035377968210014 0.95334948431251 -0.0035377968210897 
819.83001888079 3.046650524773 -0.0035334471498226 0.95334947522746 -0.003533447149936 
820.83532852994 3.0466505337863 -0.0035291081297866 0.95334946621377 -0.0035291081297969 
821.84063817909 3.0466505427286 -0.0035247797263886 0.9533494572713 -0.0035247797261755 
822.84594782824 3.0466505516012 -0.0035204619069219 0.95334944839916 -0.0035204619070327 
823.85125747739 3.046650560404 -0.0035161546378662 0.95334943959617 -0.003516154637875 
824.85656712654 3.0466505691384 -0.003511857885148 0.95334943086206 -0.0035118578848873 
825.86187677568 3.0466505778046 -0.0035075716082775 0.95334942219541 -0.0035075716085785 
826.86718642483 3.0466505864039 -0.0035032957890737 0.95334941359637 -0.0035032957893761 
827.87249607398 3.0466505949369 -0.0034990303860502 0.95334940506338 -0.0034990303861192 
828.87780572313 3.0466506034043 -0.0034947753657749 0.95334939659551 -0.0034947753658804 
829.88311537228 3.0466506118074 -0.0034905306951359 0.9533493881928 -0.0034905306950844 
830.88842502143 3.0466506201467 -0.0034862963404878 0.95334937985358 -0.0034862963404705 
831.89373467058 3.0466506284229 -0.003482072268368 0.95334937157713 -0.0034820722682857 
832.89904431973 3.046650636637 -0.0034778584452374 0.953349363363 -0.0034778584452546 
833.90435396887 3.04665064479 -0.0034736548299483 0.95334935521007 -0.0034736548299353 
834.90966361802 3.0466506528825 -0.0034694614043384 0.95334934711751 -0.0034694614043637 
835.91497326717 3.0466506609157 -0.0034652781274072 0.95334933908479 -0.0034652781274982 
836.92028291632 3.0466506688899 -0.0034611049655624 0.95334933111033 -0.0034611049658062 
837.92559256547 3.0466506768064 -0.0034569418853907 0.95334932319368 -0.0034569418854825 
838.93090221462 3.0466506846658 -0.0034527888537382 0.95334931533459 -0.0034527888536267 
839.93621186377 3.046650692469 -0.0034486458366228 0.95334930753101 -0.0034486458365913 
840.94152151292 3.0466507002169 -0.003444512800856 0.95334929978307 -0.00344451280095 
841.94683116206 3.0466507079103 -0.0034403897056384 0.95334929208954 -0.0034403897057287 
842.95214081121 3.0466507155502 -0.0034362765327964 0.95334928444984 -0.0034362765329286 
843.95745046036 3.0466507231374 -0.0034321732410407 0.9533492768629 -0.0034321732410379 
844.96276010951 3.0466507306723 -0.0034280797974559 0.95334926932769 -0.0034280797974952 
845.96806975866 3.0466507381563 -0.0034239961686148 0.95334926184376 -0.0034239961684235 
846.97337940781 3.0466507455896 -0.003419922321242 0.95334925441067 -0.0034199223213158 
847.97868905696 3.0466507529733 -0.0034158582221391 0.95334924702658 -0.0034158582221606 
848.98399870611 3.0466507603085 -0.0034118038381979 0.9533492396914 -0.0034118038379704 
849.98930835525 3.0466507675955 -0.0034077591287377 0.95334923240473 -0.0034077591287069 
850.9946180044 3.0466507748352 -0.0034037240754557 0.95334922516488 -0.0034037240754689 
851.99992765355 3.0466507820285 -0.0033996986383522 0.95334921797158 -0.0033996986384166 
853.0052373027 3.0466507891761 -0.0033956827842271 0.95334921082396 -0.0033956827842247 
854.01054695185 3.0466507962787 -0.0033916764800491 0.95334920372149 -0.0033916764800794 
855.015856601 3.0466508033367 -0.0033876796931145 0.9533491966629 -0.0033876796932609 
856.02116625015 3.0466508103518 -0.0033836923904575 0.95334918964841 -0.0033836923905379 
857.0264758993 3.0466508173236 -0.0033797145393956 0.95334918267666 -0.0033797145393965 
858.03178554844 3.0466508242534 -0.0033757461000096 0.95334917574736 -0.0033757461001403 
859.03709519759 3.0466508311416 -0.0033717870544127 0.95334916885841 -0.0033717870545054 
860.04240484674 3.0466508379893 -0.0033678373628566 0.95334916201086 -0.0033678373628841 
861.04771449589 3.0466508447967 -0.0033638969924992 0.95334915520308 -0.0033638969927607 
862.05302414504 3.0466508515647 -0.0033599659116968 0.95334914843518 -0.0033599659116539 
863.05833379419 3.0466508582941 -0.00335604408744 0.95334914170579 -0.0033560440873686 
864.06364344334 3.0466508649852 -0.0033521314878682 0.95334913501502 -0.0033521314878693 
865.06895309249 3.0466508716387 -0.0033482280808622 0.95334912836151 -0.0033482280808553 
866.07426274163 3.0466508782552 -0.0033443338270282 0.95334912174485 -0.0033443338271355 
867.07957239078 3.0466508848354 -0.0033404487091996 0.95334911516465 -0.0033404487092809 
868.08488203993 3.0466508913799 -0.0033365726882168 0.95334910862016 -0.0033365726882319 
869.09019168908 3.0466508978892 -0.0033327057323645 0.95334910211106 -0.0033327057325817 
870.09550133823 3.0466509043639 -0.0033288478099084 0.95334909563633 -0.0033288478098324 
871.10081098738 3.0466509108044 -0.0033249988895098 0.95334908919577 -0.0033249988894708 
872.10612063653 3.0466509172115 -0.0033211589396049 0.95334908278866 -0.0033211589396769 
873.11143028568 3.0466509235856 -0.003317327928512 0.95334907641464 -0.0033173279284976 
874.11673993482 3.0466509299269 -0.0033135058181526 0.95334907007311 -0.0033135058181456 
875.12204958397 3.0466509362365 -0.0033096925919571 0.95334906376351 -0.0033096925919546 
876.12735923312 3.0466509425146 -0.0033058882116898 0.95334905748549 -0.0033058882116734 
877.13266888227 3.0466509487618 -0.0033020926461118 0.95334905123859 -0.0033020926462605 
878.13797853142 3.0466509549783 -0.0032983058650166 0.953349045022 -0.0032983058648686 
879.14328818057 3.0466509611647 -0.0032945278371965 0.95334903883528 -0.0032945278371428 
880.14859782972 3.0466509673217 -0.0032907585320195 0.95334903267844 -0.0032907585319999 
881.15390747887 3.0466509734495 -0.0032869979196181 0.95334902655085 -0.0032869979196014 
882.15921712801 3.0466509795485 -0.0032832459612701 0.95334902045176 -0.0032832459613046 
883.16452677716 3.0466509856191 -0.0032795026426433 0.95334901438115 -0.0032795026426463 
884.16983642631 3.0466509916619 -0.0032757679256594 0.95334900833838 -0.0032757679256275 
885.17514607546 3.0466509976772 -0.0032720417802636 0.95334900232353 -0.0032720417805288 
886.18045572461 3.0466510036654 -0.003268324177336 0.95334899633481 -0.0032683241774409 
887.18576537376 3.0466510096269 -0.0032646150861692 0.95334899037327 -0.003264615086169 
888.19107502291 3.0466510155622 -0.0032609144776061 0.95334898443801 -0.0032609144775844 
889.19638467206 3.0466510214712 -0.0032572223222584 0.95334897852909 -0.0032572223224051 
890.2016943212 3.0466510273549 -0.0032535385823381 0.95334897264519 -0.0032535385823512 
891.20700397035 3.0466510332133 -0.003249863244692 0.95334896678697 -0.0032498632447141 
892.2123136195 3.0466510390468 -0.003246196272609 0.95334896095334 -0.0032461962725858 
893.21762326865 3.0466510448556 -0.0032425376362076 0.95334895514459 -0.0032425376362171 
894.2229329178 3.0466510506403 -0.0032388873074956 0.9533489493598 -0.003238887307407 
895.22824256695 3.046651056401 -0.0032352452572563 0.95334894359909 -0.0032352452572418 
896.2335522161 3.0466510621381 -0.0032316114567218 0.95334893786209 -0.0032316114566549 
897.23886186524 3.0466510678518 -0.0032279858700138 0.95334893214843 -0.0032279858700075 
898.24417151439 3.0466510735425 -0.0032243684839653 0.95334892645761 -0.0032243684839608 
899.24948116354 3.0466510792106 -0.003220759262581 0.9533489207897 -0.0032207592626069 
900.25479081269 3.046651084856 -0.0032171581777566 0.95334891514404 -0.0032171581778087 
901.26010046184 3.0466510904795 -0.0032135652012852 0.95334890952065 -0.0032135652013223 
902.26541011099 3.0466510960809 -0.0032099803056196 0.95334890391915 -0.0032099803055277 
903.27071976014 3.0466511016607 -0.0032064034624464 0.9533488983394 -0.0032064034624475 
904.27602940929 3.0466511072192 -0.0032028346447748 0.9533488927809 -0.0032028346447931 
905.28133905843 3.0466511127564 -0.0031992738169196 0.95334888724361 -0.0031992738169086 
906.28664870758 3.0466511182728 -0.003195720966851 0.95334888172725 -0.0031957209668485 
907.29195835673 3.0466511237685 -0.0031921760598207 0.95334887623165 -0.0031921760597934 
908.29726800588 3.0466511292436 -0.0031886390687451 0.9533488707566 -0.00318863906906 
909.30257765503 3.0466511346988 -0.0031851099659045 0.9533488653015 -0.0031851099659164 
910.30788730418 3.0466511401338 -0.003181588725205 0.95334885986636 -0.0031815887252433 
911.31319695333 3.0466511455491 -0.0031780753195346 0.95334885445102 -0.0031780753195116 
912.31850660248 3.0466511509449 -0.0031745697221006 0.95334884905566 -0.0031745697222824 
913.32381625162 3.046651156321 -0.003171071898716 0.95334884367917 -0.0031710718986993 
914.32912590077 3.0466511616781 -0.0031675818384205 0.95334883832214 -0.0031675818384802 
915.33443554992 3.0466511670163 -0.0031640995074969 0.9533488329838 -0.0031640995076245 
916.33974519907 3.0466511723356 -0.003160624879285 0.95334882766435 -0.0031606248791467 
917.34505484822 3.0466511776362 -0.0031571579277468 0.95334882236367 -0.0031571579277978 
918.35036449737 3.0466511829186 -0.0031536986270087 0.95334881708145 -0.0031536986269988 
919.35567414652 3.0466511881826 -0.0031502469516195 0.95334881181729 -0.0031502469515786 
920.36098379567 3.0466511934287 -0.0031468028755304 0.95334880657151 -0.0031468028755568 
921.36629344481 3.0466511986566 -0.0031433663654545 0.95334880134348 -0.0031433663654587 
922.37160309396 3.0466512038668 -0.0031399374111833 0.95334879613311 -0.0031399374113154 
923.37691274311 3.0466512090594 -0.003136515980393 0.95334879094059 -0.0031365159805219 
924.38222239226 3.0466512142346 -0.0031331020469159 0.95334878576531 -0.0031331020468602 
925.38753204141 3.0466512193926 -0.0031296955863132 0.9533487806075 -0.0031296955863247 
926.39284169056 3.0466512245334 -0.0031262965731196 0.95334877546684 -0.003126296573132 
927.39815133971 3.0466512296571 -0.0031229049830058 0.95334877034311 -0.0031229049829966 
928.40346098886 3.0466512347638 -0.0031195207907903 0.95334876523626 -0.0031195207907687 
929.408770638 3.0466512398539 -0.0031161439642563 0.9533487601462 -0.003116143964282 
930.41408028715 3.0466512449274 -0.0031127744942597 0.95334875507279 -0.0031127744942523 
931.4193899363 3.0466512499844 -0.0031094123488003 0.95334875001579 -0.0031094123487933 
932.42469958545 3.046651255025 -0.0031060575033385 0.95334874497511 -0.0031060575033295 
933.4300092346 3.0466512600494 -0.0031027099339806 0.95334873995073 -0.0031027099339145 
934.43531888375 3.0466512650576 -0.0030993696165327 0.95334873494271 -0.0030993696163625 
935.4406285329 3.0466512700499 -0.0030960365270012 0.95334872995023 -0.003096036527021 
936.44593818205 3.0466512750262 -0.0030927106416423 0.95334872497397 -0.0030927106416706 
937.45124783119 3.0466512799867 -0.0030893919289195 0.9533487200134 -0.0030893919289016 
938.45655748034 3.0466512849316 -0.0030860803809207 0.95334871506866 -0.0030860803809763 
939.46186712949 3.0466512898609 -0.0030827759659956 0.95334871013928 -0.0030827759659756 
940.46717677864 3.0466512947746 -0.0030794786609544 0.95334870522545 -0.0030794786609978 
941.47248642779 3.046651299673 -0.0030761884427176 0.95334870032706 -0.0030761884427214 
942.47779607694 3.0466513045561 -0.0030729052876565 0.95334869544395 -0.0030729052876308 
943.48310572609 3.046651309424 -0.0030696291732616 0.953348690576 -0.003069629173257 
944.48841537524 3.0466513142769 -0.0030663600762834 0.95334868572322 -0.0030663600762312 
945.49372502438 3.0466513191147 -0.0030630979660621 0.95334868088556 -0.0030630979660553 
946.49903467353 3.0466513239375 -0.0030598428356319 0.95334867606261 -0.0030598428356173 
947.50434432268 3.0466513287455 -0.0030565946544282 0.95334867125467 -0.0030565946544494 
948.50965397183 3.0466513335386 -0.0030533533999716 0.95334866646148 -0.0030533534000079 
949.51496362098 3.0466513383171 -0.0030501190499491 0.95334866168298 -0.0030501190499851 
950.52027327013 3.0466513430808 -0.0030468915819959 0.95334865691893 -0.0030468915822297 
951.52558291928 3.0466513478302 -0.0030436709740594 0.95334865216996 -0.0030436709740741 
952.53089256843 3.046651352565 -0.0030404572038196 0.95334864743522 -0.0030404572037304 
953.53620221757 3.0466513572852 -0.0030372502417139 0.95334864271481 -0.0030372502416537 
954.54151186672 3.0466513619912 -0.0030340500815822 0.95334863800883 -0.0030340500816164 
955.54682151587 3.0466513666828 -0.0030308566936294 0.95334863331726 -0.0030308566936012 
956.55213116502 3.0466513713602 -0.0030276700564061 0.95334862863995 -0.0030276700564159 
957.55744081417 3.0466513760233 -0.0030244901482577 0.95334862397676 -0.0030244901482624 
958.56275046332 3.0466513806722 -0.0030213169478247 0.95334861932781 -0.0030213169478314 
959.56806011247 3.0466513853071 -0.0030181504339707 0.95334861469301 -0.0030181504340007 
960.57336976162 3.0466513899278 -0.0030149905853014 0.95334861007221 -0.0030149905853075 
961.57867941076 3.0466513945346 -0.0030118373730232 0.95334860546566 -0.0030118373729749 
962.58398905991 3.0466513991271 -0.0030086907917801 0.95334860087288 -0.0030086907917759 
963.58929870906 3.0466514037059 -0.0030055508129358 0.95334859629419 -0.0030055508129245 
964.59460835821 3.0466514082707 -0.0030024174156953 0.95334859172947 -0.0030024174157002 
965.59991800736 3.0466514128215 -0.0029992905793413 0.95334858717865 -0.002999290579326 
966.60522765651 3.0466514173583 -0.0029961702836118 0.95334858264168 -0.0029961702836239 
967.61053730566 3.0466514218814 -0.0029930565079716 0.95334857811886 -0.0029930565079291 
968.6158469548 3.0466514263904 -0.0029899492245027 0.95334857360968 -0.0029899492245139 
969.62115660395 3.0466514308855 -0.0029868484284786 0.95334856911456 -0.0029868484284997 
970.6264662531 3.0466514353668 -0.0029837540921697 0.95334856463332 -0.0029837540921737 
971.63177590225 3.0466514398341 -0.0029806661957208 0.9533485601659 -0.0029806661957706 
972.6370855514 3.0466514442876 -0.0029775847194409 0.95334855571267 -0.0029775847195028 
973.64239520055 3.046651448727 -0.0029745096435192 0.95334855127315 -0.0029745096435047 
974.6477048497 3.0466514531524 -0.0029714409486517 0.95334854684768 -0.0029714409486376 
975.65301449885 3.0466514575638 -0.002968378615452 0.95334854243641 -0.0029683786153977 
976.65832414799 3.046651461961 -0.002965322617199 0.95334853803911 -0.0029653226171406 
977.66363379714 3.046651466344 -0.0029622729501258 0.953348533656 -0.0029622729501401 
978.66894344629 3.0466514707128 -0.0029592295875282 0.95334852928726 -0.0029592295875325 
979.67425309544 3.0466514750673 -0.0029561925110505 0.95334852493286 -0.0029561925110193 
980.67956274459 3.0466514794073 -0.0029531617020508 0.95334852059293 -0.0029531617020654 
981.68487239374 3.0466514837327 -0.0029501371422295 0.95334851626749 -0.0029501371421983 
982.69018204289 3.0466514880432 -0.0029471188135256 0.95334851195683 -0.002947118813562 
983.69549169204 3.046651492339 -0.002944106698048 0.95334850766128 -0.0029441066978857 
984.70080134118 3.0466514966195 -0.0029411007703317 0.95334850338057 -0.002941100770332 
985.70611099033 3.0466515008847 -0.0029381010286786 0.95334849911534 -0.002938101028671 
986.71142063948 3.0466515051344 -0.002935107448032 0.95334849486577 -0.002935107448016 
987.71673028863 3.0466515093681 -0.0029321200116345 0.95334849063202 -0.0029321200116506 
988.72203993778 3.0466515135856 -0.0029291387032257 0.95334848641455 -0.0029291387032134 
989.72734958693 3.0466515177865 -0.0029261635064551 0.95334848221361 -0.0029261635064569 
990.73265923608 3.0466515219703 -0.0029231944057199 0.95334847802977 -0.0029231944057048 
991.73796888523 3.0466515261367 -0.0029202313856623 0.9533484738635 -0.0029202313857474 
992.74327853437 3.0466515302848 -0.002917274424061 0.95334846971527 -0.0029172744241201 
993.74858818352 3.0466515344142 -0.002914323521969 0.95334846558585 -0.0029143235219786 
994.75389783267 3.0466515385243 -0.0029113786580509 0.95334846147595 -0.0029113786580004 
995.75920748182 3.0466515426138 -0.0029084398196518 0.9533484573863 -0.0029084398196241 
996.76451713097 3.0466515466821 -0.0029055069946552 0.95334845331798 -0.0029055069946511 
997.76982678012 3.046651550728 -0.0029025801719135 0.95334844927211 -0.0029025801719065 
998.77513642927 3.0466515547502 -0.0028996593415389 0.95334844524993 -0.0028996593415356 
999.78044607842 3.0466515587472 -0.0028967444947156 0.95334844125294 -0.0028967444947788 
1000.7857557276 3.0466515627174 -0.0028938356470762 0.95334843728271 -0.0028938356470675 
1001.7910653767 3.0466515666585 -0.0028909327083873 0.95334843334154 -0.0028909327084325 
1002.7963750259 3.0466515705688 -0.002888035813462 0.95334842943129 -0.0028880358134577 
1003.801684675 3.0466515744451 -0.0028851448067633 0.95334842555499 -0.0028851448067546 
1004.8069943242 3.046651578285 -0.0028822598434223 0.95334842171513 -0.0028822598434243 
