1.3194689145077 4.4819851274962 -2.3937697051884 3.5180148725081 -2.3937697051888 
3.9584067435231 4.4321210513155 -2.1681645548271 3.567878948686 -2.1681645548272 
6.5973445725386 4.40384066087 -1.7252780968927 3.5961593391308 -1.7252780968928 
9.236282401554 4.3905990994737 -1.3967005263536 3.6094009005272 -1.3967005263537 
11.875220230569 4.3836929065153 -1.1610575754719 3.6163070934851 -1.161057575472 
14.514158059585 4.3796970324083 -0.98809967571459 3.6203029675921 -0.98809967571459 
17.1530958886 4.3771922216747 -0.85733109945469 3.6228077783259 -0.8573310994547 
19.792033717616 4.3755237100915 -0.75569237103609 3.6244762899092 -0.75569237103612 
22.430971546631 4.3743588192838 -0.67477043255877 3.6256411807167 -0.67477043255878 
25.069909375647 4.3735146748162 -0.6090008923996 3.6264853251843 -0.60900089239961 
27.708847204662 4.3728841814929 -0.55459617929713 3.6271158185076 -0.55459617929713 
30.347785033677 4.3724013191166 -0.5089065535122 3.6275986808839 -0.50890655351222 
32.986722862693 4.3720236320874 -0.47003135048196 3.6279763679131 -0.47003135048197 
35.625660691708 4.3717228359895 -0.43657625782582 3.6282771640109 -0.43657625782583 
38.264598520724 4.3714795130878 -0.4074976934573 3.6285204869127 -0.40749769345731 
40.903536349739 4.3712799839162 -0.38200046379865 3.6287200160842 -0.38200046379866 
43.542474178755 4.3711143924306 -0.35946885353178 3.6288856075699 -0.35946885353179 
46.18141200777 4.3709754956916 -0.33941920907955 3.6290245043088 -0.33941920907956 
48.820349836785 4.3708578770773 -0.32146665892183 3.6291421229232 -0.32146665892184 
51.459287665801 4.3707574219921 -0.30530132968463 3.6292425780083 -0.30530132968464 
54.098225494816 4.370670960718 -0.29067106554787 3.6293290392825 -0.29067106554788 
56.737163323832 4.3705960202778 -0.2773686817177 3.6294039797227 -0.27736868171771 
59.376101152847 4.3705306489467 -0.26522243121831 3.6294693510537 -0.26522243121831 
62.015038981863 4.3704732901251 -0.25408878377065 3.6295267098754 -0.25408878377066 
64.653976810878 4.3704226903536 -0.24384689155376 3.6295773096469 -0.24384689155376 
67.292914639893 4.3703778313176 -0.23439430171111 3.6296221686829 -0.23439430171112 
69.931852468909 4.3703378789639 -0.2256436013249 3.6296621210365 -0.2256436013249 
72.570790297924 4.3703021449878 -0.21751976758885 3.6296978550126 -0.21751976758885 
75.20972812694 4.370270057375 -0.20995805685231 3.6297299426254 -0.20995805685232 
77.848665955955 4.370241137649 -0.20290230930744 3.6297588623514 -0.20290230930745 
80.487603784971 4.3702149831381 -0.19630357730211 3.6297850168624 -0.19630357730212 
83.126541613986 4.3701912530361 -0.19011900759104 3.6298087469644 -0.19011900759105 
85.765479443001 4.3701696573597 -0.18431092457797 3.6298303426407 -0.18431092457797 
88.404417272017 4.3701499481346 -0.17884607367741 3.6298500518658 -0.17884607367741 
91.043355101032 4.3701319123114 -0.1736949932058 3.629868087689 -0.1736949932058 
93.682292930048 4.3701153660355 -0.16883149013363 3.6298846339649 -0.16883149013364 
96.321230759063 4.3701001499822 -0.16423220018281 3.6298998500182 -0.16423220018281 
98.960168588078 4.3700861255379 -0.15987621696958 3.6299138744626 -0.15987621696959 
101.59910641709 4.3700731716562 -0.15574477782495 3.6299268283442 -0.15574477782495 
104.23804424611 4.3700611822569 -0.15182099657136 3.6299388177435 -0.15182099657137 
106.87698207512 4.3700500640607 -0.14808963503364 3.6299499359397 -0.14808963503364 
109.51591990414 4.3700397347839 -0.14453690739021 3.6299602652164 -0.14453690739021 
112.15485773316 4.3700301216192 -0.14115031131893 3.6299698783812 -0.14115031131892 
114.79379556217 4.3700211599577 -0.13791848237936 3.6299788400427 -0.13791848237936 
117.43273339119 4.3700127923077 -0.13483106776915 3.6299872076927 -0.13483106776916 
120.0716712202 4.3700049673738 -0.13187861619674 3.6299950326267 -0.13187861619674 
122.71060904922 4.3699976392747 -0.12905248223689 3.6300023607257 -0.1290524822369 
125.34954687823 4.3699907668714 -0.12634474213892 3.6300092331291 -0.12634474213892 
127.98848470725 4.3699843131924 -0.12374812040994 3.6300156868081 -0.12374812040994 
130.62742253626 4.3699782449366 -0.12125592471541 3.6300217550639 -0.12125592471541 
133.26636036528 4.3699725320463 -0.11886198891334 3.6300274679542 -0.11886198891335 
135.90529819429 4.3699671473345 -0.11656062217384 3.630032852666 -0.11656062217385 
138.54423602331 4.3699620661632 -0.11434656433923 3.6300379338372 -0.11434656433923 
141.18317385233 4.369957266162 -0.11221494578938 3.6300427338386 -0.11221494578938 
143.82211168134 4.3699527269814 -0.11016125198217 3.630047273019 -0.11016125198218 
146.46104951036 4.3699484300799 -0.10818129180295 3.6300515699205 -0.10818129180296 
149.09998733937 4.3699443585325 -0.10627116893515 3.6300556414679 -0.10627116893514 
151.73892516839 4.3699404968663 -0.10442725665287 3.6300595031342 -0.10442725665289 
154.3778629974 4.3699368309123 -0.10264617468904 3.630063169088 -0.10264617468904 
157.01680082642 4.3699333476774 -0.10092476890814 3.630066652323 -0.10092476890815 
159.65573865543 4.3699300352273 -0.099260092489253 3.6300699647731 -0.09926009248925 
162.29467648445 4.3699268825868 -0.097649389421895 3.6300731174136 -0.097649389421897 
164.93361431346 4.3699238796469 -0.09609007908575 3.6300761203536 -0.09609007908576 
167.57255214248 4.3699210170858 -0.09457974276668 3.6300789829148 -0.094579742766688 
170.21148997149 4.3699182862949 -0.093116110929271 3.6300817137055 -0.09311611092927 
172.85042780051 4.3699156793161 -0.091697052137257 3.6300843206842 -0.091697052137256 
175.48936562953 4.3699131887821 -0.090320562511016 3.6300868112183 -0.090320562511018 
178.12830345854 4.3699108078652 -0.088984756415082 3.630089192135 -0.088984756415081 
180.76724128756 4.3699085302316 -0.08768785796674 3.6300914697689 -0.087687857966741 
183.40617911657 4.3699063499967 -0.086428192960341 3.6300936500036 -0.08642819296034 
186.04511694559 4.3699042616905 -0.085204181937612 3.63009573831 -0.085204181937607 
188.6840547746 4.3699022602202 -0.084014333344112 3.6300977397802 -0.084014333344116 
191.32299260362 4.3699003408417 -0.082857237741434 3.6300996591587 -0.082857237741439 
193.96193043263 4.3698984991297 -0.081731561997527 3.6301015008707 -0.081731561997533 
196.60086826165 4.3698967309535 -0.080636044434842 3.6301032690469 -0.08063604443484 
199.23980609066 4.3698950324529 -0.079569489868823 3.6301049675475 -0.079569489868825 
201.87874391968 4.3698934000181 -0.078530765528238 3.6301065999823 -0.078530765528239 
204.5176817487 4.3698918302695 -0.077518796827119 3.630108169731 -0.077518796827123 
207.15661957771 4.369890320041 -0.076532563762914 3.6301096799594 -0.076532563762915 
209.79555740673 4.3698888663642 -0.07557109759305 3.6301111336362 -0.075571097593062 
212.43449523574 4.3698874664528 -0.074633477442421 3.6301125335476 -0.074633477442421 
215.07343306476 4.3698861176906 -0.073718827627609 3.6301138823099 -0.073718827627616 
217.71237089377 4.3698848176178 -0.072826314676352 3.6301151823824 -0.072826314676343 
220.35130872279 4.3698835639219 -0.071955145059701 3.6301164360785 -0.0719551450597 
222.9902465518 4.3698823544246 -0.071104562584495 3.6301176455757 -0.071104562584488 
225.62918438082 4.3698811870751 -0.070273846468739 3.6301188129249 -0.070273846468737 
228.26812220983 4.36988005994 -0.069462309049451 3.6301199400605 -0.069462309049436 
230.90706003885 4.3698789711947 -0.068669294146325 3.6301210288056 -0.068669294146314 
233.54599786787 4.3698779191181 -0.067894175071057 3.6301220808824 -0.067894175071055 
236.18493569688 4.3698769020833 -0.067136353074445 3.6301230979171 -0.06713635307445 
238.8238735259 4.3698759185537 -0.066395255905573 3.6301240814468 -0.066395255905545 
241.46281135491 4.3698749670752 -0.065670336145347 3.6301250329253 -0.065670336145343 
244.10174918393 4.3698740462723 -0.06496107012024 3.6301259537282 -0.064961070120237 
246.74068701294 4.369873154842 -0.064266956384447 3.6301268451583 -0.064266956384432 
249.37962484196 4.3698722915504 -0.063587514797876 3.6301277084499 -0.063587514797878 
252.01856267097 4.3698714552271 -0.062922285162246 3.6301285447732 -0.062922285162246 
254.65750049999 4.3698706447626 -0.062270826441814 3.6301293552379 -0.062270826441833 
257.296438329 4.3698698591028 -0.061632715532056 3.6301301408971 -0.06163271553205 
259.93537615802 4.3698690972486 -0.061007546601426 3.6301309027519 -0.061007546601431 
262.57431398703 4.3698683582482 -0.060394929976619 3.6301316417515 -0.060394929976607 
265.21325181605 4.3698676412001 -0.059794491589186 3.6301323588006 -0.059794491589166 
267.85218964507 4.3698669452431 -0.059205871991535 3.6301330547566 -0.059205871991513 
270.49112747408 4.3698662695615 -0.058628725735923 3.6301337304389 -0.058628725735921 
273.1300653031 4.3698656133762 -0.058062720796294 3.6301343866246 -0.058062720796296 
275.76900313211 4.3698649759456 -0.057507537707503 3.6301350240549 -0.057507537707507 
278.40794096113 4.3698643565641 -0.056962869221557 3.6301356434365 -0.05696286922157 
281.04687879014 4.3698637545581 -0.056428419484536 3.6301362454428 -0.056428419484557 
283.68581661916 4.3698631692846 -0.055903903759039 3.6301368307151 -0.055903903759056 
286.32475444817 4.3698626001327 -0.055389047660896 3.6301373998682 -0.055389047660897 
288.96369227719 4.3698620465155 -0.054883586939713 3.630137953485 -0.054883586939714 
291.6026301062 4.3698615078751 -0.05438726676907 3.6301384921252 -0.054387266769093 
294.24156793522 4.369860983678 -0.053899841575768 3.6301390163224 -0.053899841575759 
296.88050576424 4.3698604734137 -0.053421074410744 3.6301395265868 -0.053421074410741 
299.51944359325 4.3698599765942 -0.052950736662218 3.6301400234061 -0.052950736662193 
302.15838142227 4.3698594927533 -0.052488607787885 3.630140507247 -0.052488607787907 
304.79731925128 4.3698590214443 -0.052034474745322 3.6301409785561 -0.052034474745346 
307.4362570803 4.3698585622396 -0.051588131924261 3.6301414377604 -0.051588131924279 
310.07519490931 4.3698581147303 -0.051149380575253 3.6301418852701 -0.05114938057525 
312.71413273833 4.3698576785238 -0.050718028775704 3.6301423214767 -0.050718028775736 
315.35307056734 4.369857253244 -0.050293890892977 3.6301427467562 -0.050293890892967 
317.99200839636 4.369856838531 -0.04987678757249 3.6301431614689 -0.049876787572494 
320.63094622537 4.3698564340394 -0.049466545231434 3.6301435659607 -0.049466545231448 
323.26988405439 4.3698560394376 -0.049062996073306 3.6301439605632 -0.049062996073301 
325.90882188341 4.3698556544066 -0.048665977635184 3.6301443455937 -0.048665977635193 
328.54775971242 4.3698552786418 -0.048275332665557 3.6301447213586 -0.048275332665554 
331.18669754144 4.3698549118496 -0.047890909014209 3.6301450881508 -0.047890909014206 
333.82563537045 4.3698545537483 -0.047512559208712 3.6301454462524 -0.047512559208737 
336.46457319947 4.3698542040667 -0.047140140525725 3.6301457959337 -0.047140140525737 
339.10351102848 4.369853862545 -0.046773514550133 3.6301461374557 -0.046773514550131 
341.7424488575 4.3698535289327 -0.046412547265567 3.6301464710682 -0.046412547265562 
344.38138668651 4.3698532029886 -0.046057108630392 3.6301467970117 -0.0460571086304 
347.02032451553 4.3698528844817 -0.045707072681511 3.6301471155185 -0.045707072681514 
349.65926234454 4.3698525731889 -0.045362317126748 3.6301474268114 -0.045362317126757 
352.29820017356 4.3698522688958 -0.045022723459983 3.6301477311049 -0.045022723459989 
354.93713800257 4.369851971395 -0.044688176569636 3.6301480286056 -0.044688176569634 
357.57607583159 4.369851680488 -0.044358564864242 3.6301483195124 -0.044358564864243 
360.21501366061 4.3698513959827 -0.044033779924299 3.6301486040175 -0.044033779924305 
362.85395148962 4.3698511176947 -0.043713716479669 3.6301488823058 -0.043713716479675 
365.49288931864 4.3698508454453 -0.043398272392423 3.6301491545552 -0.043398272392428 
368.13182714765 4.369850579063 -0.043087348322329 3.630149420938 -0.043087348322382 
370.77076497667 4.3698503183813 -0.04278084788528 3.630149681619 -0.042780847885262 
373.40970280568 4.3698500632412 -0.042478677284354 3.6301499367592 -0.04247867728436 
376.0486406347 4.3698498134879 -0.042180745484503 3.6301501865125 -0.042180745484556 
378.68757846371 4.3698495689725 -0.041886963859491 3.6301504310279 -0.041886963859496 
381.32651629273 4.3698493295512 -0.041597246355837 3.6301506704493 -0.041597246355826 
383.96545412174 4.3698490950852 -0.041311509160402 3.6301509049158 -0.041311509160406 
386.60439195076 4.3698488654396 -0.04102967087059 3.6301511345609 -0.04102967087058 
389.24332977978 4.3698486404862 -0.040751652194648 3.6301513595156 -0.040751652194715 
391.88226760879 4.3698484200973 -0.040477375973752 3.6301515799031 -0.040477375973775 
394.52120543781 4.3698482041539 -0.040206767206135 3.6301517958464 -0.040206767206138 
397.16014326682 4.369847992538 -0.039939752753631 3.630152007462 -0.039939752753637 
399.79908109584 4.369847785137 -0.039676261535939 3.6301522148637 -0.039676261535945 
402.43801892485 4.3698475818402 -0.039416224205821 3.6301524181603 -0.039416224205826 
405.07695675387 4.3698473825424 -0.039159573349235 3.6301526174581 -0.039159573349232 
407.71589458288 4.3698471871406 -0.038906243168454 3.6301528128599 -0.03890624316846 
410.3548324119 4.3698469955358 -0.038656169682088 3.630153004465 -0.038656169682104 
412.99377024091 4.3698468076312 -0.038409290416744 3.6301531923693 -0.038409290416748 
415.63270806993 4.3698466233342 -0.038165544610035 3.6301533766661 -0.03816554460999 
418.27164589895 4.3698464425548 -0.037924872936686 3.6301535574459 -0.037924872936638 
420.91058372796 4.3698462652049 -0.037687217553913 3.6301537347957 -0.03768721755393 
423.54952155698 4.3698460912007 -0.037452522159741 3.6301539088008 -0.037452522159755 
426.18845938599 4.3698459204584 -0.037220731713008 3.6301540795417 -0.037220731712985 
428.82739721501 4.3698457529011 -0.03699179265592 3.6301542471004 -0.036991792655904 
431.46633504402 4.3698455884491 -0.036765652609026 3.6301544115519 -0.036765652609096 
434.10527287304 4.3698454270287 -0.036542260595834 3.6301545729721 -0.036542260595833 
436.74421070205 4.3698452685673 -0.036321566740752 3.6301547314334 -0.036321566740714 
439.38314853107 4.3698451129943 -0.036103522491648 3.6301548870061 -0.036103522491641 
442.02208636008 4.3698449602412 -0.035888080328225 3.6301550397584 -0.035888080328228 
444.6610241891 4.3698448102428 -0.035675193985488 3.6301551897578 -0.035675193985476 
447.29996201811 4.3698446629332 -0.035464818157727 3.6301553370671 -0.035464818157719 
449.93889984713 4.3698445182507 -0.035256908731234 3.6301554817497 -0.035256908731224 
452.57783767615 4.3698443761347 -0.03505142252422 3.6301556238663 -0.035051422524221 
455.21677550516 4.3698442365251 -0.034848317349978 3.6301557634752 -0.034848317349986 
457.85571333418 4.3698440993662 -0.034647552096344 3.6301559006347 -0.034647552096319 
460.49465116319 4.3698439646012 -0.034449086458131 3.6301560353998 -0.034449086458144 
463.13358899221 4.3698438321762 -0.03425288117971 3.6301561678246 -0.0342528811797 
465.77252682122 4.3698437020383 -0.034058897762881 3.6301562979615 -0.034058897762927 
468.41146465024 4.3698435741372 -0.033867098704938 3.6301564258625 -0.033867098704912 
471.05040247925 4.3698434484233 -0.033677447214115 3.6301565515774 -0.033677447214128 
473.68934030827 4.3698433248469 -0.033489907446133 3.6301566751533 -0.033489907446147 
476.32827813728 4.3698432033621 -0.033304444221273 3.6301567966385 -0.03330444422129 
478.9672159663 4.3698430839223 -0.033121023261332 3.6301569160779 -0.033121023261361 
481.60615379532 4.3698429664837 -0.032939610943765 3.6301570335168 -0.032939610943789 
484.24509162433 4.3698428510036 -0.032760174376409 3.6301571489994 -0.032760174376432 
486.88402945335 4.3698427374362 -0.032582681477122 3.6301572625643 -0.032582681477125 
489.52296728236 4.3698426257438 -0.032407100724561 3.630157374256 -0.03240710072456 
492.16190511138 4.3698425158862 -0.032233401400422 3.6301574841144 -0.032233401400416 
494.80084294039 4.3698424078222 -0.03206155331499 3.6301575921765 -0.032061553314976 
497.43978076941 4.3698423015177 -0.031891527043438 3.6301576984839 -0.031891527043391 
500.07871859842 4.3698421969314 -0.031723293654829 3.6301578030697 -0.031723293654773 
502.71765642744 4.3698420940286 -0.031556824953963 3.6301579059713 -0.031556824953966 
505.35659425645 4.3698419927757 -0.031392093205048 3.6301580072256 -0.031392093205007 
507.99553208547 4.3698418931358 -0.031229071372472 3.6301581068642 -0.031229071372498 
510.63446991449 4.3698417950779 -0.031067732888285 3.630158204923 -0.031067732888297 
513.2734077435 4.3698416985671 -0.030908051729844 3.6301583014328 -0.030908051729756 
515.91234557252 4.3698416035735 -0.030750002493438 3.6301583964267 -0.030750002493383 
518.55128340153 4.3698415100653 -0.03059356017519 3.6301584899358 -0.030593560175191 
521.19022123055 4.369841418011 -0.030438700401822 3.6301585819887 -0.030438700401789 
523.82915905956 4.3698413273829 -0.030285399159203 3.6301586726173 -0.030285399159181 
526.46809688858 4.3698412381508 -0.030133633046393 3.630158761849 -0.030133633046367 
529.10703471759 4.3698411502874 -0.029983378998166 3.6301588497133 -0.029983378998167 
531.74597254661 4.3698410637639 -0.029834614536502 3.630158936236 -0.029834614536482 
534.38491037562 4.369840978554 -0.029687317499227 3.6301590214451 -0.029687317499246 
537.02384820464 4.3698408946322 -0.029541466285526 3.6301591053677 -0.029541466285519 
539.66278603365 4.3698408119718 -0.029397039592686 3.6301591880285 -0.029397039592683 
542.30172386267 4.3698407305474 -0.029254016657676 3.6301592694523 -0.029254016657698 
544.94066169169 4.3698406503358 -0.029112377024974 3.630159349665 -0.029112377024974 
547.5795995207 4.3698405713113 -0.028972100632327 3.6301594286892 -0.028972100632324 
550.21853734972 4.3698404934517 -0.02883316790076 3.6301595065495 -0.028833167900773 
552.85747517873 4.3698404167316 -0.02869555949502 3.6301595832667 -0.028695559495051 
555.49641300775 4.3698403411323 -0.028559256576913 3.6301596588667 -0.028559256576907 
558.13535083676 4.3698402666307 -0.028424240534895 3.6301597333707 -0.028424240534909 
560.77428866578 4.3698401932027 -0.028290493240097 3.6301598067975 -0.028290493240078 
563.41322649479 4.3698401208304 -0.028157996774023 3.6301598791715 -0.028157996774066 
566.05216432381 4.3698400494898 -0.028026733675665 3.6301599505098 -0.028026733675624 
568.69110215282 4.369839979165 -0.027896686691694 3.6301600208369 -0.027896686691723 
571.33003998184 4.3698399098318 -0.02776783900679 3.6301600901682 -0.027767839006829 
573.96897781086 4.3698398414742 -0.027640174024493 3.6301601585264 -0.027640174024466 
576.60791563987 4.3698397740719 -0.027513675451754 3.6301602259291 -0.027513675451716 
579.24685346889 4.3698397076061 -0.027388327388544 3.6301602923946 -0.027388327388566 
581.8857912979 4.369839642059 -0.027264114097746 3.6301603579416 -0.027264114097743 
584.52472912692 4.3698395774125 -0.027141020254987 3.6301604225874 -0.027141020254944 
587.16366695593 4.3698395136489 -0.027019030683858 3.6301604863499 -0.027019030683919 
589.80260478495 4.3698394507534 -0.026898130611772 3.6301605492472 -0.02689813061183 
592.44154261396 4.3698393887063 -0.026778305396905 3.6301606112943 -0.026778305396928 
595.08048044298 4.3698393274923 -0.02665954079366 3.6301606725083 -0.026659540793642 
597.71941827199 4.3698392670949 -0.02654182267418 3.6301607329052 -0.02654182267423 
600.35835610101 4.3698392074989 -0.026425137295626 3.6301607925007 -0.026425137295673 
602.99729393002 4.3698391486893 -0.026309471024418 3.6301608513113 -0.02630947102443 
605.63623175904 4.36983909065 -0.026194810596744 3.6301609093511 -0.026194810596728 
608.27516958806 4.3698390333679 -0.026081142881758 3.6301609666362 -0.02608114288174 
610.91410741707 4.3698389768235 -0.02596845497871 3.6301610231773 -0.025968454978676 
613.55304524609 4.3698389210074 -0.025856734311169 3.6301610789927 -0.025856734311158 
616.1919830751 4.3698388659049 -0.025745968382925 3.6301611340956 -0.025745968382963 
618.83092090412 4.3698388115012 -0.025636145048413 3.630161188499 -0.025636145048453 
621.46985873313 4.3698387577838 -0.025527252238629 3.630161242217 -0.02552725223863 
624.10879656215 4.3698387047386 -0.025419278219779 3.6301612952619 -0.025419278219721 
626.74773439116 4.3698386523535 -0.025312211327139 3.6301613476473 -0.025312211327288 
629.38667222018 4.3698386006153 -0.025206040227537 3.6301613993852 -0.025206040227557 
632.02561004919 4.3698385495121 -0.02510075364439 3.6301614504888 -0.025100753644387 
634.66454787821 4.3698384990313 -0.024996340621119 3.6301615009693 -0.024996340621147 
637.30348570723 4.3698384491613 -0.024892790290887 3.6301615508389 -0.024892790290918 
639.94242353624 4.3698383998908 -0.02479009196607 3.6301616001097 -0.024790091966051 
642.58136136526 4.3698383512079 -0.02468823523053 3.6301616487925 -0.0246882352305 
645.22029919427 4.3698383031014 -0.024587209716589 3.6301616968984 -0.024587209716634 
647.85923702329 4.3698382555611 -0.024487005351939 3.6301617444389 -0.024487005351902 
650.4981748523 4.369838208576 -0.02438761210561 3.6301617914244 -0.024387612105644 
653.13711268132 4.3698381621353 -0.024289020233889 3.6301618378648 -0.024289020233914 
655.77605051033 4.3698381162292 -0.024191220027687 3.630161883771 -0.024191220027724 
658.41498833935 4.3698380708477 -0.024094202060316 3.6301619291526 -0.024094202060306 
661.05392616836 4.3698380259777 -0.023997956929012 3.6301619740167 -0.023997956929156 
663.69286399738 4.3698379816191 -0.023902475521298 3.6301620183812 -0.02390247552129 
666.3318018264 4.3698379377532 -0.02380774875656 3.6301620622469 -0.023807748756554 
668.97073965541 4.3698378943745 -0.023713767710755 3.6301621056262 -0.023713767710717 
671.60967748443 4.3698378514731 -0.023620523696217 3.6301621485273 -0.023620523696191 
674.24861531344 4.3698378090411 -0.023528008032102 3.6301621909593 -0.023528008032131 
676.88755314246 4.3698377670699 -0.023436212304768 3.6301622329307 -0.023436212304805 
679.52649097147 4.3698377255512 -0.023345128104435 3.6301622744497 -0.02334512810449 
682.16542880049 4.3698376844778 -0.023254747280707 3.6301623155254 -0.023254747280771 
684.8043666295 4.3698376438379 -0.023165061679661 3.6301623561621 -0.023165061679668 
687.44330445852 4.3698376036289 -0.023076063403898 3.630162396372 -0.023076063403907 
690.08224228753 4.3698375638403 -0.022987744552461 3.6301624361599 -0.022987744552421 
692.72118011655 4.3698375244662 -0.022900097467633 3.6301624755344 -0.022900097467642 
695.36011794556 4.3698374854983 -0.022813114485831 3.6301625145018 -0.022813114485927 
697.99905577458 4.3698374469295 -0.022726788186825 3.6301625530685 -0.022726788186773 
700.6379936036 4.3698374087564 -0.022641111164717 3.6301625912445 -0.02264111116471 
703.27693143261 4.3698373709678 -0.02255607612928 3.6301626290325 -0.022556076129333 
705.91586926163 4.36983733356 -0.022471675992519 3.630162666441 -0.022471675992513 
708.55480709064 4.3698372965252 -0.022387903646702 3.6301627034751 -0.022387903646726 
711.19374491966 4.3698372598582 -0.022304752216992 3.6301627401416 -0.022304752216988 
713.83268274867 4.3698372235537 -0.022222214801339 3.6301627764471 -0.022222214801326 
716.47162057769 4.3698371876043 -0.02214028473027 3.6301628123958 -0.022140284730322 
719.1105584067 4.369837152006 -0.022058955301285 3.6301628479948 -0.022058955301381 
721.74949623572 4.3698371167523 -0.021978220042372 3.6301628832486 -0.02197822004234 
724.38843406473 4.3698370818378 -0.021898072441867 3.6301629181625 -0.021898072441905 
727.02737189375 4.3698370472581 -0.021818506216512 3.6301629527422 -0.021818506216507 
729.66630972277 4.3698370130077 -0.021739515072334 3.6301629869925 -0.021739515072304 
732.30524755178 4.3698369790817 -0.02166109280975 3.6301630209183 -0.021661092809706 
734.9441853808 4.3698369454753 -0.021583233411517 3.6301630545241 -0.021583233411437 
737.58312320981 4.369836912185 -0.021505930818007 3.6301630878158 -0.021505930818043 
740.22206103883 4.3698368792046 -0.021429179187786 3.6301631207961 -0.021429179187735 
742.86099886784 4.369836846531 -0.02135297262751 3.6301631534709 -0.021352972627524 
745.49993669686 4.3698368141591 -0.021277305459891 3.6301631858434 -0.02127730545987 
748.13887452587 4.369836782084 -0.021202171955396 3.6301632179169 -0.021202171955329 
750.77781235489 4.3698367503039 -0.021127566593796 3.6301632496978 -0.021127566593774 
753.4167501839 4.3698367188124 -0.021053483804819 3.6301632811877 -0.021053483804761 
756.05568801292 4.3698366876074 -0.020979918220576 3.6301633123919 -0.02097991822048 
758.69462584194 4.3698366566856 -0.020906864453545 3.6301633433145 -0.020906864453538 
761.33356367095 4.3698366260423 -0.020834317187618 3.6301633739582 -0.02083431718763 
763.97250149997 4.3698365956738 -0.020762271277672 3.6301634043262 -0.020762271277653 
766.61143932898 4.369836565578 -0.020690721517008 3.6301634344234 -0.020690721516982 
769.250377158 4.3698365357495 -0.020619662899868 3.630163464251 -0.020619662899882 
771.88931498701 4.3698365061866 -0.020549090361139 3.6301634938138 -0.02054909036116 
774.52825281603 4.3698364768864 -0.020478999028514 3.6301635231151 -0.020478999028483 
777.16719064504 4.3698364478437 -0.020409383970471 3.6301635521563 -0.020409383970391 
779.80612847406 4.3698364190577 -0.020340240443976 3.6301635809424 -0.020340240444085 
782.44506630307 4.3698363905248 -0.020271563646728 3.6301636094755 -0.020271563646673 
785.08400413209 4.3698363622422 -0.020203348964689 3.6301636377588 -0.020203348964605 
787.7229419611 4.3698363342058 -0.020135591715431 3.6301636657938 -0.020135591715356 
790.36187979012 4.3698363064148 -0.020068287410013 3.6301636935852 -0.020068287410037 
793.00081761914 4.3698362788653 -0.020001431518725 3.6301637211344 -0.020001431518752 
795.63975544815 4.3698362515556 -0.01993501957105 3.630163748445 -0.019935019571058 
798.27869327717 4.3698362244817 -0.019869047251948 3.6301637755181 -0.019869047251894 
800.91763110618 4.3698361976423 -0.019803510174561 3.6301638023575 -0.019803510174626 
803.5565689352 4.369836171035 -0.019738404133495 3.6301638289655 -0.019738404133479 
806.19550676421 4.3698361446565 -0.019673724853235 3.630163855344 -0.019673724853236 
808.83444459323 4.3698361185055 -0.019609468238163 3.6301638814962 -0.019609468238124 
811.47338242224 4.369836092578 -0.01954563011777 3.6301639074228 -0.019545630117767 
814.11232025126 4.369836066873 -0.019482206503689 3.6301639331274 -0.019482206503736 
816.75125808027 4.3698360413875 -0.01941919332848 3.6301639586114 -0.019419193328409 
819.39019590929 4.3698360161217 -0.019356586707365 3.6301639838794 -0.019356586707377 
822.02913373831 4.369835991071 -0.019294382702952 3.630164008931 -0.019294382702846 
824.66807156732 4.3698359662326 -0.019232577429446 3.6301640337681 -0.019232577429422 
827.30700939634 4.3698359416064 -0.01917116714936 3.6301640583943 -0.019171167149342 
829.94594722535 4.369835917189 -0.019110148038745 3.6301640828106 -0.019110148038764 
832.58488505437 4.36983589298 -0.01904951645533 3.6301641070205 -0.019049516455358 
835.22382288338 4.3698358689761 -0.01898926866541 3.6301641310247 -0.018989268665409 
837.8627607124 4.3698358451756 -0.018929401117368 3.6301641548256 -0.018929401117355 
840.50169854141 4.3698358215759 -0.018869910171964 3.6301641784243 -0.018869910171976 
843.14063637043 4.3698357981762 -0.0188107923636 3.6301642018238 -0.018810792363592 
845.77957419944 4.3698357749742 -0.01875204413856 3.6301642250257 -0.018752044138644 
848.41851202846 4.3698357519679 -0.01869366211878 3.6301642480317 -0.018693662118826 
851.05744985748 4.3698357291562 -0.018635642869886 3.6301642708444 -0.018635642869859 
853.69638768649 4.3698357065361 -0.018577982998302 3.6301642934644 -0.018577982998297 
856.33532551551 4.3698356841063 -0.018520679247134 3.6301643158941 -0.018520679247136 
858.97426334452 4.3698356618647 -0.01846372827306 3.6301643381348 -0.018463728273036 
861.61320117354 4.3698356398109 -0.018407126899863 3.6301643601897 -0.018407126899905 
864.25213900255 4.3698356179412 -0.018350871861888 3.6301643820586 -0.0183508718618 
866.89107683157 4.3698355962557 -0.018294960059724 3.6301644037449 -0.018294960059714 
869.53001466058 4.3698355747515 -0.018239388304772 3.6301644252493 -0.018239388304775 
872.1689524896 4.3698355534266 -0.018184153574881 3.630164446573 -0.018184153574784 
874.80789031861 4.3698355322805 -0.018129252749106 3.6301644677189 -0.018129252749146 
877.44682814763 4.3698355113124 -0.018074682883651 3.6301644886894 -0.018074682883631 
880.08576597664 4.3698354905173 -0.018020440931871 3.6301645094831 -0.018020440931896 
882.72470380566 4.3698354698961 -0.017966524016924 3.6301645301038 -0.01796652401692 
885.36364163468 4.3698354494467 -0.017912929194296 3.6301645505527 -0.017912929194358 
888.00257946369 4.3698354291682 -0.017859653557547 3.6301645708323 -0.01785965355758 
890.64151729271 4.3698354090576 -0.017806694332427 3.6301645909424 -0.017806694332395 
893.28045512172 4.3698353891138 -0.017754048644396 3.6301646108852 -0.017754048644448 
895.91939295074 4.3698353693369 -0.017701713784879 3.6301646306638 -0.01770171378487 
898.55833077975 4.3698353497227 -0.017649686942762 3.6301646502773 -0.017649686942768 
901.19726860877 4.3698353302709 -0.017597965477272 3.6301646697283 -0.017597965477288 
903.83620643778 4.3698353109809 -0.017546546639499 3.6301646890192 -0.017546546639489 
906.4751442668 4.3698352918495 -0.017495427850131 3.6301647081497 -0.017495427850069 
909.11408209581 4.369835272877 -0.017444606423359 3.6301647271233 -0.017444606423336 
911.75301992483 4.3698352540611 -0.017394079835613 3.6301647459402 -0.017394079835534 
914.39195775385 4.3698352353987 -0.017343845496996 3.630164764601 -0.017343845496984 
917.03089558286 4.3698352168912 -0.017293900846228 3.6301647831093 -0.01729390084626 
919.66983341188 4.3698351985332 -0.017244243454149 3.6301648014629 -0.017244243454065 
922.30877124089 4.3698351803307 -0.017194870772143 3.6301648196705 -0.017194870772109 
924.94770906991 4.3698351622752 -0.017145780429873 3.6301648377264 -0.017145780429945 
927.58664689892 4.369835144367 -0.017096969949622 3.630164855634 -0.017096969949525 
930.22558472794 4.369835126606 -0.017048437000408 3.6301648733955 -0.017048437000424 
932.86452255695 4.3698351089889 -0.017000179155683 3.6301648910109 -0.017000179155799 
935.50346038597 4.3698350915169 -0.016952194156555 3.6301649084835 -0.016952194156565 
938.14239821498 4.3698350741872 -0.016904479618395 3.6301649258137 -0.01690447961841 
940.781336044 4.3698350569975 -0.01685703332743 3.6301649430017 -0.016857033327391 
943.42027387301 4.3698350399494 -0.016809852958857 3.6301649600519 -0.016809852958834 
946.05921170203 4.3698350230385 -0.01676293634646 3.6301649769623 -0.016762936346497 
948.69814953105 4.369835006264 -0.016716281252008 3.630164993735 -0.016716281251983 
951.33708736006 4.3698349896271 -0.016669885459702 3.6301650103735 -0.01666988545969 
953.97602518908 4.3698349731276 -0.016623746874135 3.6301650268803 -0.016623746874074 
956.61496301809 4.3698349567539 -0.016577863296728 3.6301650432466 -0.016577863296719 
959.25390084711 4.369834940515 -0.016532232678665 3.6301650594836 -0.016532232678668 
961.89283867612 4.3698349244075 -0.01648685287035 3.6301650755906 -0.016486852870368 
964.53177650514 4.36983490843 -0.016441721868196 3.6301650915686 -0.016441721868215 
967.17071433415 4.3698348925811 -0.016396837564719 3.6301651074189 -0.016396837564811 
969.80965216317 4.3698348768634 -0.016352198004498 3.6301651231455 -0.016352198004551 
972.44858999218 4.3698348612622 -0.016307801127794 3.6301651387378 -0.016307801127777 
975.0875278212 4.3698348457905 -0.016263645015457 3.63016515421 -0.016263645015504 
977.72646565022 4.3698348304415 -0.016219727682683 3.6301651695581 -0.016219727682669 
980.36540347923 4.3698348152159 -0.016176047163563 3.6301651847852 -0.016176047163573 
983.00434130825 4.3698348001107 -0.016132601606867 3.6301651998903 -0.016132601606884 
985.64327913726 4.3698347851262 -0.016089389054953 3.6301652148766 -0.016089389055337 
988.28221696628 4.3698347702585 -0.016046407703096 3.6301652297418 -0.016046407703123 
990.92115479529 4.3698347555092 -0.016003655628558 3.6301652444903 -0.016003655628552 
993.56009262431 4.3698347408779 -0.015961131066373 3.6301652591235 -0.015961131066444 
996.19903045332 4.3698347263612 -0.015918832136254 3.6301652736408 -0.015918832136231 
998.83796828234 4.369834711958 -0.015876757104494 3.630165288043 -0.015876757104686 
1001.4769061114 4.3698346976676 -0.015834904302378 3.6301653023314 -0.01583490430244 
1004.1158439404 4.3698346834902 -0.015793271643024 3.6301653165087 -0.015793271643015 
1006.7547817694 4.3698346694239 -0.015751857582123 3.6301653305752 -0.01575185758209 
1009.3937195984 4.3698346554681 -0.015710660401865 3.6301653445323 -0.015710660402005 
1012.0326574274 4.3698346416211 -0.015669678395923 3.6301653583803 -0.015669678395924 
1014.6715952564 4.3698346278811 -0.015628909883755 3.6301653721195 -0.01562890988374 
1017.3105330854 4.3698346142496 -0.015588353198049 3.6301653857534 -0.015588353198023 
1019.9494709145 4.3698346007217 -0.01554800701016 3.6301653992794 -0.015548007010146 
1022.5884087435 4.3698345873 -0.015507869046954 3.6301654127023 -0.015507869046845 
1025.2273465725 4.369834573981 -0.015467938006444 3.6301654260201 -0.015467938006463 
1027.8662844015 4.3698345607646 -0.01542821229876 3.6301654392349 -0.015428212298794 
1030.5052222305 4.369834547651 -0.015388690337441 3.6301654523491 -0.015388690337442 
1033.1441600595 4.3698345346374 -0.015349370557181 3.6301654653615 -0.015349370557208 
1035.7830978886 4.3698345217252 -0.015310251728541 3.6301654782752 -0.015310251728563 
1038.4220357176 4.3698345089102 -0.015271331674116 3.6301654910889 -0.015271331674146 
1041.0609735466 4.3698344961942 -0.015232609198125 3.6301655038055 -0.015232609198114 
1043.6999113756 4.3698344835754 -0.015194082795844 3.6301655164253 -0.015194082795831 
1046.3388492046 4.369834471052 -0.015155750978389 3.6301655289484 -0.015155750978462 
1048.9777870336 4.3698344586238 -0.015117612275847 3.6301655413762 -0.015117612275784 
1051.6167248626 4.3698344462897 -0.015079665226654 3.6301655537099 -0.015079665226563 
1054.2556626917 4.3698344340511 -0.015041908711075 3.6301655659519 -0.015041908711168 
1056.8946005207 4.3698344219021 -0.015004340654886 3.6301655780987 -0.015004340654915 
1059.5335383497 4.3698344098446 -0.014966959966547 3.6301655901541 -0.014966959966549 
1062.1724761787 4.3698343978795 -0.014929765245666 3.6301656021203 -0.014929765245737 
1064.8114140077 4.3698343860042 -0.014892755104775 3.6301656139968 -0.014892755104757 
1067.4503518367 4.3698343742168 -0.014855928171436 3.6301656257832 -0.014855928171399 
1070.0892896658 4.369834362519 -0.014819283406057 3.6301656374825 -0.014819283406138 
1072.7282274948 4.3698343509067 -0.014782818821409 3.6301656490929 -0.014782818821581 
1075.3671653238 4.3698343393821 -0.014746533409091 3.6301656606184 -0.014746533409056 
1078.0061031528 4.3698343279427 -0.014710425844142 3.6301656720576 -0.01471042584416 
1080.6450409818 4.3698343165881 -0.014674494824521 3.6301656834121 -0.014674494824513 
1083.2839788108 4.3698343053176 -0.014638739053321 3.6301656946825 -0.014638739053346 
1085.9229166398 4.3698342941342 -0.014603157251112 3.6301657058734 -0.014603157251189 
1088.5618544689 4.3698342830261 -0.014567748470747 3.6301657169747 -0.014567748470816 
1091.2007922979 4.3698342720028 -0.01453251081329 3.6301657279976 -0.014532510813279 
1093.8397301269 4.3698342610608 -0.014497443354469 3.6301657389401 -0.014497443354512 
1096.4786679559 4.3698342501977 -0.014462544865328 3.6301657498011 -0.014462544865293 
1099.1176057849 4.3698342394163 -0.014427814121184 3.6301657605851 -0.014427814121173 
1101.7565436139 4.3698342287117 -0.014393249918051 3.6301657712887 -0.014393249917988 
1104.395481443 4.3698342180851 -0.014358851379202 3.6301657819141 -0.014358851379217 
1107.034419272 4.3698342075366 -0.014324616673618 3.6301657924636 -0.014324616673636 
1109.673357101 4.3698341970645 -0.01429054495229 3.6301658029367 -0.014290544952198 
1112.31229493 4.3698341866676 -0.014256635051371 3.6301658133335 -0.014256635051304 
1114.951232759 4.3698341763456 -0.014222885818839 3.6301658236554 -0.014222885818817 
1117.590170588 4.3698341660976 -0.014189296113006 3.6301658339025 -0.01418929611301 
1120.229108417 4.3698341559242 -0.014155864804837 3.630165844077 -0.014155864804782 
1122.8680462461 4.369834145823 -0.014122591098151 3.6301658541775 -0.014122591098137 
1125.5069840751 4.3698341357943 -0.014089473237084 3.6301658642063 -0.014089473237075 
1128.1459219041 4.3698341258373 -0.014056510447543 3.6301658741637 -0.01405651044756 
1130.7848597331 4.3698341159503 -0.014023701641104 3.6301658840494 -0.014023701641119 
1133.4237975621 4.3698341061346 -0.013991045739593 3.6301658938658 -0.013991045739593 
1136.0627353911 4.3698340963879 -0.013958541674371 3.630165903612 -0.013958541674348 
1138.7016732202 4.3698340867104 -0.013926188711503 3.6301659132891 -0.013926188711491 
1141.3406110492 4.3698340771025 -0.013893985157587 3.6301659228996 -0.01389398515767 
1143.9795488782 4.3698340675608 -0.013861930294709 3.6301659324409 -0.013861930294724 
1146.6184867072 4.3698340580861 -0.013830023097575 3.6301659419151 -0.013830023097534 
1149.2574245362 4.3698340486775 -0.013798262544719 3.6301659513225 -0.013798262544716 
1151.8963623652 4.3698340393358 -0.013766647626467 3.6301659606652 -0.01376664762648 
1154.5353001942 4.3698340300586 -0.013735177343726 3.6301659699419 -0.013735177343721 
1157.1742380233 4.3698340208461 -0.013703851023128 3.6301659791538 -0.013703851023129 
1159.8131758523 4.3698340116982 -0.013672667042861 3.6301659883024 -0.013672667042845 
1162.4521136813 4.369834002613 -0.013641624749258 3.630165997387 -0.013641624749249 
1165.0910515103 4.3698339935911 -0.013610723177845 3.6301660064091 -0.013610723177889 
1167.7299893393 4.3698339846314 -0.013579961373039 3.6301660153689 -0.013579961373029 
1170.3689271683 4.3698339757336 -0.013549338388421 3.6301660242669 -0.013549338388419 
1173.0078649974 4.3698339668965 -0.013518853606313 3.6301660331031 -0.013518853606317 
1175.6468028264 4.369833958121 -0.013488505453284 3.6301660418802 -0.013488505453256 
1178.2857406554 4.3698339494045 -0.013458293329555 3.6301660505961 -0.013458293329544 
1180.9246784844 4.3698339407483 -0.013428216320508 3.6301660592532 -0.013428216320516 
1183.5636163134 4.3698339321497 -0.013398273522737 3.6301660678502 -0.013398273522746 
1186.2025541424 4.369833923611 -0.013368464038096 3.6301660763901 -0.013368464038086 
1188.8414919714 4.3698339151291 -0.013338786977909 3.6301660848711 -0.013338786977891 
1191.4804298005 4.3698339067052 -0.013309241781194 3.630166093295 -0.013309241781181 
1194.1193676295 4.3698338983388 -0.013279826932443 3.630166101663 -0.013279826932451 
1196.7583054585 4.3698338900273 -0.013250541888157 3.6301661099732 -0.013250541888229 
1199.3972432875 4.3698338817727 -0.013221385789807 3.6301661182288 -0.013221385789817 
1202.0361811165 4.3698338735725 -0.01319235778634 3.6301661264282 -0.013192357786408 
1204.6751189455 4.3698338654282 -0.013163457034557 3.6301661345737 -0.013163457034557 
1207.3140567746 4.3698338573367 -0.013134683022096 3.6301661426631 -0.01313468302211 
1209.9529946036 4.3698338493006 -0.013106034276352 3.6301661507006 -0.013106034276411 
1212.5919324326 4.3698338413166 -0.013077510298293 3.6301661586836 -0.013077510298283 
1215.2308702616 4.369833833386 -0.013049110274285 3.6301661666142 -0.013049110274301 
1217.8698080906 4.3698338255075 -0.013020833396939 3.6301661744923 -0.013020833396976 
1220.5087459196 4.3698338176819 -0.012992678867785 3.6301661823194 -0.012992678867758 
1223.1476837487 4.3698338099067 -0.012964646215131 3.6301661900938 -0.012964646215129 
1225.7866215777 4.3698338021813 -0.012936734011095 3.6301661978164 -0.012936734011008 
1228.4255594067 4.3698337945093 -0.01290894179462 3.6301662054914 -0.012908941794611 
1231.0644972357 4.3698337868855 -0.012881268797362 3.6301662131147 -0.012881268797363 
1233.7034350647 4.3698337793115 -0.012853714253368 3.6301662206886 -0.012853714253368 
1236.3423728937 4.3698337717868 -0.01282627740277 3.6301662282135 -0.012826277402774 
1238.9813107227 4.3698337643105 -0.012798957493195 3.6301662356896 -0.012798957493191 
1241.6202485518 4.3698337568825 -0.012771754100161 3.6301662431173 -0.012771754100196 
1244.2591863808 4.3698337495026 -0.012744665841959 3.630166250498 -0.012744665841962 
1246.8981242098 4.3698337421697 -0.012717692306548 3.6301662578312 -0.012717692306547 
1249.5370620388 4.3698337348832 -0.012690832767319 3.6301662651171 -0.012690832767294 
1252.1759998678 4.3698337276432 -0.01266408650413 3.6301662723568 -0.012664086504152 
1254.8149376968 4.3698337204495 -0.012637452801512 3.630166279551 -0.012637452801514 
1257.4538755259 4.3698337133015 -0.012610931275101 3.6301662866996 -0.012610931275114 
1260.0928133549 4.3698337061974 -0.012584520579532 3.6301662938027 -0.012584520579502 
1262.7317511839 4.3698336991384 -0.012558220338908 3.6301663008616 -0.012558220338939 
1265.3706890129 4.3698336921236 -0.012532029865117 3.6301663078767 -0.012532029865113 
1268.0096268419 4.3698336851526 -0.012505948475206 3.6301663148486 -0.012505948475174 
1270.6485646709 4.369833678224 -0.012479975490881 3.6301663217767 -0.012479975490891 
1273.2875024999 4.3698336713377 -0.012454110242636 3.6301663286621 -0.012454110242524 
1275.926440329 4.3698336644942 -0.012428352383347 3.6301663355058 -0.012428352383417 
1278.565378158 4.3698336576921 -0.012402700616848 3.6301663423084 -0.012402700616849 
1281.204315987 4.3698336509307 -0.012377154608989 3.6301663490699 -0.012377154608993 
1283.843253816 4.3698336442094 -0.012351713714257 3.6301663557909 -0.012351713714249 
1286.482191645 4.3698336375278 -0.012326377294668 3.6301663624723 -0.012326377294647 
1289.121129474 4.3698336308855 -0.012301144717248 3.6301663691153 -0.01230114471726 
1291.7600673031 4.3698336242811 -0.012276015679816 3.6301663757193 -0.012276015679811 
1294.3990051321 4.3698336177139 -0.012250988923223 3.6301663822864 -0.012250988923226 
1297.0379429611 4.3698336111831 -0.012226064160872 3.6301663888172 -0.012226064160887 
1299.6768807901 4.3698336046876 -0.012201240794798 3.6301663953129 -0.012201240794799 
1302.3158186191 4.369833598226 -0.012176518237551 3.6301664017745 -0.012176518237553 
1304.9547564481 4.3698335917966 -0.012151895916869 3.6301664082035 -0.012151895916853 
1307.5936942771 4.3698335853981 -0.012127373273536 3.6301664146024 -0.012127373273544 
1310.2326321062 4.3698335790279 -0.012102950091763 3.6301664209725 -0.012102950091767 
1312.8715699352 4.3698335726828 -0.012078625213505 3.6301664273174 -0.012078625213497 
1315.5105077642 4.3698335663598 -0.012054398482813 3.6301664336405 -0.012054398482821 
1318.1494455932 4.3698335600539 -0.012030269464292 3.6301664399464 -0.0120302694643 
1320.7883834222 4.369833553759 -0.012006237788613 3.6301664462413 -0.012006237788632 
1323.4273212512 4.3698335474672 -0.011982303178927 3.6301664525332 -0.011982303178926 
1326.0662590803 4.369833541168 -0.011958465817798 3.6301664588325 -0.0119584658178 
1328.7051969093 4.3698335348475 -0.011934725135573 3.6301664651528 -0.011934725135572 
1331.3441347383 4.3698335284904 -0.011911081854138 3.63016647151 -0.011911081854134 
1333.9830725673 4.3698335220825 -0.011887536888868 3.6301664779179 -0.011887536888868 
1336.6220103963 4.369833515627 -0.011864091941462 3.6301664843734 -0.011864091941464 
1339.2609482253 4.3698335091913 -0.011840749769448 3.6301664908091 -0.011840749769449 
1341.8998860543 4.3698335030311 -0.011817513791975 3.6301664969693 -0.011817513791975 
1344.5388238834 4.369833497813 -0.011794384255985 3.6301665021875 -0.011794384255982 
1347.1777617124 4.3698334944623 -0.011771340283403 3.6301665055381 -0.011771340283401 
1349.8166995414 4.3698334922543 -0.011748326051779 3.6301665077461 -0.01174832605178 
1352.4556373704 4.3698334888507 -0.011725342302162 3.6301665111497 -0.011725342302157 
1355.0945751994 4.3698334836476 -0.011702444627623 3.6301665163528 -0.011702444627621 
1357.7335130284 4.3698334776126 -0.011679651421629 3.6301665223879 -0.01167965142163 
1360.3724508575 4.3698334714053 -0.011656961451989 3.6301665285952 -0.011656961451987 
1363.0113886865 4.369833465268 -0.011634369323588 3.6301665347324 -0.011634369323588 
1365.6503265155 4.3698334592591 -0.011611871423766 3.630166540741 -0.011611871423773 
1368.2892643445 4.3698334533768 -0.011589464942564 3.6301665466237 -0.011589464942564 
1370.9282021735 4.3698334476036 -0.011567147885785 3.6301665523968 -0.011567147885782 
1373.5671400025 4.3698334419226 -0.011544918786911 3.6301665580778 -0.011544918786912 
1376.2060778315 4.3698334363193 -0.01152277651147 3.6301665636812 -0.011522776511476 
1378.8450156606 4.3698334307829 -0.011500720461828 3.6301665692176 -0.011500720461831 
1381.4839534896 4.3698334253047 -0.011478749210014 3.6301665746955 -0.011478749210035 
1384.1228913186 4.369833419879 -0.011456862387533 3.6301665801214 -0.011456862387539 
1386.7618291476 4.3698334145008 -0.011435059365447 3.6301665854996 -0.011435059365448 
1389.4007669766 4.3698334091666 -0.01141333955954 3.6301665908338 -0.01141333955955 
1392.0397048056 4.3698334038736 -0.011391702418499 3.6301665961268 -0.011391702418494 
1394.6786426347 4.3698333986199 -0.011370147735644 3.6301666013807 -0.011370147735636 
1397.3175804637 4.3698333934027 -0.011348674356667 3.630166606597 -0.011348674356673 
1399.9565182927 4.3698333882222 -0.011327282105265 3.6301666117782 -0.011327282105276 
1402.5954561217 4.3698333830759 -0.011305970498552 3.6301666169245 -0.011305970498552 
1405.2343939507 4.369833377963 -0.011284739060007 3.630166622037 -0.011284739059994 
1407.8733317797 4.3698333728834 -0.011263587321406 3.630166627117 -0.0112635873214 
1410.5122696087 4.3698333678359 -0.011242514821804 3.6301666321651 -0.011242514821802 
1413.1512074378 4.3698333628196 -0.011221521427789 3.6301666371812 -0.011221521427654 
1415.7901452668 4.3698333578339 -0.011200606045318 3.6301666421666 -0.011200606045321 
1418.4290830958 4.3698333528789 -0.011179768552577 3.630166647122 -0.011179768552593 
1421.0680209248 4.3698333479533 -0.011159008509195 3.630166652047 -0.011159008509194 
1423.7069587538 4.3698333430575 -0.011138325478875 3.6301666569429 -0.011138325478857 
1426.3458965828 4.3698333381905 -0.011117719029058 3.6301666618095 -0.011117719029076 
1428.9848344119 4.3698333333525 -0.011097189054641 3.6301666666474 -0.011097189054604 
1431.6237722409 4.3698333285431 -0.011076734488213 3.6301666714574 -0.011076734488201 
1434.2627100699 4.3698333237613 -0.011056355229024 3.630166676239 -0.011056355229011 
1436.9016478989 4.3698333190075 -0.011036050861177 3.6301666809932 -0.011036050861179 
1439.5405857279 4.3698333142807 -0.011015820970455 3.6301666857194 -0.011015820970447 
1442.1795235569 4.3698333095812 -0.010995665145915 3.6301666904186 -0.010995665145874 
1444.8184613859 4.3698333049091 -0.010975582981802 3.6301666950913 -0.010975582981753 
1447.457399215 4.3698333002634 -0.010955574392364 3.6301666997369 -0.010955574392353 
1450.096337044 4.369833295644 -0.010935638336153 3.6301667043562 -0.010935638336159 
1452.735274873 4.3698332910512 -0.010915774735723 3.6301667089497 -0.010915774735708 
1455.374212702 4.369833286485 -0.010895983195793 3.630166713518 -0.010895983195813 
1458.013150531 4.3698332819421 -0.010876263324845 3.6301667180582 -0.010876263324836 
1460.65208836 4.3698332774259 -0.010856614731474 3.6301667225743 -0.010856614731546 
1463.2910261891 4.3698332729356 -0.010837037355394 3.6301667270651 -0.010837037355402 
1465.9299640181 4.3698332684698 -0.010817530166574 3.6301667315307 -0.010817530166564 
1468.5689018471 4.3698332640287 -0.010798093106879 3.6301667359714 -0.01079809310686 
1471.2078396761 4.3698332596127 -0.010778725798521 3.6301667403878 -0.010778725798527 
1473.8467775051 4.3698332552211 -0.010759427865442 3.6301667447798 -0.010759427865469 
1476.4857153341 4.3698332508531 -0.010740198936864 3.6301667491466 -0.01074019893687 
1479.1246531631 4.3698332465099 -0.010721038642743 3.6301667534902 -0.010721038642768 
1481.7635909922 4.3698332421913 -0.010701946937251 3.6301667578104 -0.010701946937287 
1484.4025288212 4.369833237895 -0.010682922813565 3.6301667621057 -0.010682922813575 
1487.0414666502 4.369833233623 -0.010663966230042 3.6301667663783 -0.010663966230047 
1489.6804044792 4.3698332293734 -0.010645076828866 3.6301667706266 -0.010645076828885 
1492.3193423082 4.3698332251478 -0.01062625425332 3.6301667748525 -0.010626254253326 
1494.9582801372 4.3698332209451 -0.01060749814928 3.6301667790554 -0.010607498149301 
1497.5972179663 4.3698332167655 -0.010588808485085 3.6301667832355 -0.010588808485044 
1500.2361557953 4.3698332126085 -0.010570184271965 3.6301667873932 -0.010570184271934 
1502.8750936243 4.3698332084732 -0.010551625481301 3.6301667915275 -0.010551625481312 
1505.5140314533 4.36983320436 -0.010533131771355 3.6301667956395 -0.01053313177139 
1508.1529692823 4.3698332002697 -0.010514702799811 3.6301667997299 -0.010514702799763 
1510.7919071113 4.3698331962019 -0.010496338225833 3.6301668037989 -0.010496338225848 
1513.4308449403 4.3698331921548 -0.01047803771629 3.6301668078449 -0.010478037716161 
1516.0697827694 4.3698331881306 -0.01045980125346 3.6301668118702 -0.010459801253455 
1518.7087205984 4.369833184127 -0.010441627864994 3.6301668158733 -0.010441627864982 
1521.3476584274 4.3698331801452 -0.010423517541336 3.6301668198555 -0.010423517541382 
1523.9865962564 4.3698331761842 -0.010405469955255 3.6301668238161 -0.010405469955266 
1526.6255340854 4.3698331722445 -0.010387484781676 3.6301668277558 -0.010387484781683 
1529.2644719144 4.369833168326 -0.010369561696572 3.630166831675 -0.010369561696609 
1531.9034097435 4.3698331644278 -0.010351700702334 3.6301668355725 -0.010351700702385 
1534.5423475725 4.3698331605504 -0.010333900834462 3.63016683945 -0.010333900834429 
1537.1812854015 4.3698331566934 -0.010316162100078 3.6301668433069 -0.010316162100035 
1539.8202232305 4.3698331528576 -0.010298484184608 3.6301668471443 -0.010298484184619 
1542.4591610595 4.3698331490405 -0.010280866775455 3.6301668509601 -0.010280866775427 
1545.0980988885 4.3698331452426 -0.010263309564678 3.630166854755 -0.010263309564581 
1547.7370367175 4.3698331414676 -0.010245812238668 3.6301668585327 -0.010245812238706 
1550.3759745466 4.3698331377106 -0.01022837481957 3.6301668622889 -0.010228374819537 
1553.0149123756 4.3698331339744 -0.010210996357204 3.6301668660266 -0.010210996357174 
1555.6538502046 4.3698331302563 -0.010193676872672 3.6301668697436 -0.01019367687268 
1558.2927880336 4.3698331265584 -0.0101764160654 3.6301668734418 -0.010176416065447 
1560.9317258626 4.3698331228792 -0.010159213638233 3.6301668771204 -0.010159213638247 
1563.5706636916 4.3698331192199 -0.01014206929661 3.6301668807806 -0.01014206929662 
1566.2096015207 4.3698331155792 -0.010124983067851 3.6301668844212 -0.010124983067867 
1568.8485393497 4.3698331119565 -0.010107954016186 3.6301668880423 -0.01010795401618 
1571.4874771787 4.3698331083538 -0.010090982174151 3.630166891646 -0.01009098217414 
1574.1264150077 4.3698331047694 -0.010074067254827 3.6301668952307 -0.010074067254814 
1576.7653528367 4.3698331012034 -0.010057208973231 3.6301668987968 -0.010057208973264 
1579.4042906657 4.3698330976557 -0.010040407044254 3.6301669023445 -0.01004040704424 
1582.0432284947 4.3698330941267 -0.010023661185148 3.6301669058743 -0.010023661185168 
1584.6821663238 4.3698330906136 -0.01000697143655 3.6301669093836 -0.010006971436603 
1587.3211041528 4.3698330871219 -0.0099903368821439 3.6301669128784 -0.0099903368821302 
1589.9600419818 4.3698330836456 -0.0099737575626529 3.6301669163529 -0.009973757562675 
1592.5989798108 4.3698330801888 -0.0099572332039677 3.6301669198113 -0.009957233203992 
1595.2379176398 4.369833076749 -0.009940763534385 3.6301669232516 -0.0099407635343864 
1597.8768554688 4.3698330733255 -0.0099243482833735 3.6301669266729 -0.0099243482834493 
1600.5157932979 4.369833069925 -0.0099079875040356 3.6301669300818 -0.0099079875039395 
1603.1547311269 4.369833066533 -0.0098916802830693 3.6301669334654 -0.009891680282925 
1605.7936689559 4.3698330631637 -0.009875426677745 3.6301669368368 -0.0098754266777584 
1608.4326067849 4.3698330598108 -0.0098592264258808 3.6301669401905 -0.0098592264258583 
1611.0715446139 4.3698330564742 -0.0098430792624351 3.6301669435265 -0.0098430792624736 
1613.7104824429 4.369833053156 -0.0098269849310299 3.6301669468467 -0.0098269849313302 
1616.3494202719 4.3698330498517 -0.0098109431679848 3.630166950148 -0.0098109431680668 
1618.988358101 4.3698330465656 -0.009794954041687 3.6301669534336 -0.0097949540416288 
1621.62729593 4.369833043297 -0.009779016654081 3.6301669567036 -0.0097790166541064 
1624.266233759 4.3698330400442 -0.0097631310698225 3.6301669599565 -0.009763131069854 
1626.905171588 4.3698330368074 -0.0097472970392792 3.6301669631927 -0.0097472970392517 
1629.544109417 4.3698330335871 -0.0097315143116006 3.6301669664129 -0.0097315143115326 
1632.183047246 4.3698330303852 -0.0097157826366802 3.630166969619 -0.0097157826366628 
1634.8219850751 4.3698330271953 -0.0097001020910069 3.6301669728047 -0.0097001020910024 
1637.4609229041 4.3698330240231 -0.0096844717836394 3.6301669759764 -0.0096844717836883 
1640.0998607331 4.369833020868 -0.0096688917958128 3.6301669791334 -0.0096688917957912 
1642.7387985621 4.3698330177274 -0.009653361880481 3.6301669822733 -0.0096533618805262 
1645.3777363911 4.3698330146043 -0.0096378817997892 3.6301669853993 -0.0096378817997496 
1648.0166742201 4.3698330114983 -0.0096224513138724 3.6301669885105 -0.009622451314144 
1650.6556120491 4.3698330084004 -0.0096070701837812 3.6301669916003 -0.0096070701835859 
1653.2945498782 4.369833005322 -0.009591738496699 3.6301669946776 -0.0095917384967141 
1655.9334877072 4.3698330022596 -0.0095764553727506 3.6301669977405 -0.0095764553727498 
1658.5724255362 4.3698329992113 -0.0095612209022168 3.6301670007871 -0.0095612209021415 
1661.2113633652 4.3698329961801 -0.0095460348504728 3.6301670038204 -0.0095460348504749 
1663.8503011942 4.3698329931623 -0.0095308969919161 3.6301670068372 -0.0095308969917128 
1666.4892390232 4.3698329901607 -0.0095158070924758 3.6301670098399 -0.009515807092486 
1669.1281768523 4.3698329871726 -0.0095007652480008 3.6301670128262 -0.0095007652480427 
1671.7671146813 4.3698329842009 -0.0094857705912169 3.6301670157995 -0.0094857705912178 
1674.4060525103 4.3698329812435 -0.0094708232175657 3.6301670187576 -0.0094708232175853 
1677.0449903393 4.3698329782993 -0.0094559229040618 3.6301670216997 -0.0094559229041144 
1679.6839281683 4.3698329753715 -0.0094410694267251 3.6301670246288 -0.0094410694266339 
1682.3228659973 4.3698329724567 -0.0094262625698899 3.6301670275422 -0.0094262625699172 
1684.9618038263 4.369832969558 -0.0094115021116725 3.6301670304428 -0.0094115021116538 
1687.6007416554 4.3698329666725 -0.0093967881557984 3.6301670333277 -0.0093967881558113 
1690.2396794844 4.3698329638017 -0.0093821198451839 3.6301670361988 -0.0093821198451157 
1692.8786173134 4.3698329609444 -0.0093674972799144 3.6301670390554 -0.0093674972799635 
1695.5175551424 4.3698329581028 -0.009352920253358 3.6301670418994 -0.0093529202533252 
1698.1564929714 4.369832955274 -0.0093383885515388 3.630167044728 -0.00933838855151 
1700.7954308004 4.369832952459 -0.0093239019624766 3.6301670475426 -0.0093239019624513 
1703.4343686295 4.3698329496586 -0.009309460598971 3.6301670503438 -0.0093094605989709 
1706.0733064585 4.36983294687 -0.0092950636074117 3.6301670531294 -0.0092950636072915 
1708.7122442875 4.3698329440998 -0.0092807111033838 3.6301670559058 -0.0092807111035972 
1711.3511821165 4.3698329413383 -0.0092664028835429 3.6301670586639 -0.0092664028834761 
1713.9901199455 4.3698329385899 -0.0092521387388895 3.6301670614078 -0.0092521387388143 
1716.6290577745 4.3698329358595 -0.009237918469049 3.6301670641425 -0.0092379184690324 
1719.2679956036 4.3698329331395 -0.0092237421915972 3.6301670668605 -0.0092237421915611 
1721.9069334326 4.3698329304337 -0.0092096090656665 3.6301670695662 -0.0092096090656476 
1724.5458712616 4.3698329277422 -0.009195519209608 3.6301670722594 -0.0091955192095983 
1727.1848090906 4.3698329250628 -0.0091814724269581 3.6301670749384 -0.00918147242695 
1729.8237469196 4.3698329223961 -0.0091674685175887 3.6301670776037 -0.0091674685176167 
1732.4626847486 4.3698329197445 -0.0091535072909692 3.6301670802577 -0.0091535072909724 
1735.1016225776 4.3698329171026 -0.0091395885476162 3.6301670828955 -0.0091395885476308 
1737.7405604067 4.3698329144782 -0.0091257124181278 3.6301670855243 -0.009125712418099 
1740.3794982357 4.3698329118644 -0.0091118780641257 3.6301670881382 -0.0091118780641501 
1743.0184360647 4.3698329092613 -0.009098085615164 3.630167090737 -0.0090980856151231 
1745.6573738937 4.3698329066734 -0.0090843348845722 3.6301670933254 -0.0090843348846291 
1748.2963117227 4.3698329040995 -0.0090706256833372 3.6301670959022 -0.0090706256833442 
1750.9352495517 4.3698329015355 -0.0090569578178138 3.6301670984636 -0.0090569578177626 
1753.5741873808 4.3698328989911 -0.009043331431478 3.6301671010185 -0.0090433314304842 
1756.2131252098 4.3698328964499 -0.0090297456874017 3.6301671035525 -0.0090297456873653 
1758.8520630388 4.3698328939231 -0.0090162007250098 3.6301671060757 -0.0090162007249585 
1761.4910008678 4.3698328914155 -0.0090026963596611 3.630167108593 -0.0090026963597457 
1764.1299386968 4.3698328889106 -0.0089892324114178 3.6301671110882 -0.0089892324114462 
1766.7688765258 4.3698328864234 -0.0089758087041819 3.6301671135765 -0.0089758087041433 
1769.4078143548 4.3698328839471 -0.008962425038279 3.6301671160509 -0.0089624250383653 
1772.0467521839 4.3698328814857 -0.0089490815775216 3.6301671185153 -0.008949081577607 
1774.6856900129 4.3698328790335 -0.0089357774867157 3.630167120965 -0.0089357774867905 
1777.3246278419 4.3698328765956 -0.0089225129217691 3.6301671234047 -0.0089225129218249 
1779.9635656709 4.369832874169 -0.0089092876961968 3.6301671258315 -0.0089092876961481 
1782.6025034999 4.3698328717561 -0.0088961016374637 3.6301671282477 -0.0088961016374874 
1785.2414413289 4.3698328693527 -0.0088829545735171 3.6301671306498 -0.0088829545735728 
1787.880379158 4.3698328669576 -0.0088698466583023 3.6301671330368 -0.0088698466574819 
1790.519316987 4.3698328645809 -0.0088567770576273 3.6301671354168 -0.0088567770576857 
1793.158254816 4.3698328622157 -0.0088437459383389 3.6301671377856 -0.0088437459383853 
1795.797192645 4.369832859861 -0.0088307531277151 3.6301671401413 -0.0088307531276912 
1798.436130474 4.3698328575196 -0.0088177984526845 3.6301671424866 -0.008817798452574 
1801.075068303 4.3698328551844 -0.008804881748047 3.6301671448152 -0.0088048817479701 
1803.714006132 4.3698328528645 -0.0087920028418047 3.6301671471354 -0.0087920028418793 
1806.3529439611 4.3698328505583 -0.0087791618971963 3.630167149446 -0.0087791618971664 
1808.9918817901 4.369832848259 -0.0087663580993546 3.6301671517408 -0.0087663580993156 
1811.6308196191 4.3698328459742 -0.0087535916081165 3.630167154027 -0.0087535916080776 
1814.2697574481 4.3698328436989 -0.0087408622567521 3.6301671562997 -0.0087408622566869 
1816.9086952771 4.3698328414386 -0.0087281698825867 3.6301671585647 -0.0087281698826669 
1819.5476331061 4.3698328391856 -0.0087155143220932 3.6301671608141 -0.0087155143221871 
1822.1865709352 4.3698328369455 -0.0087028957526634 3.6301671630536 -0.0087028957524696 
1824.8255087642 4.3698328347179 -0.0086903133521513 3.6301671652836 -0.0086903133521503 
1827.4644465932 4.3698328325002 -0.0086777672878954 3.6301671675007 -0.0086777672878745 
1830.1033844222 4.369832830287 -0.0086652574037331 3.6301671697003 -0.0086652574037177 
1832.7423222512 4.3698328281002 -0.0086527835504768 3.6301671719036 -0.0086527835502608 
1835.3812600802 4.3698328259132 -0.0086403455470796 3.630167174085 -0.0086403455471306 
1838.0201979092 4.3698328237404 -0.0086279432581861 3.6301671762584 -0.0086279432582601 
1840.6591357383 4.3698328215785 -0.0086155768523104 3.6301671784202 -0.0086155768522946 
1843.2980735673 4.3698328194291 -0.0086032455170494 3.6301671805739 -0.0086032455179545 
1845.9370113963 4.3698328172888 -0.0085909494391149 3.6301671827134 -0.0085909494390167 
1848.5759492253 4.3698328151582 -0.00857868845503 3.6301671848417 -0.0085786884550513 
1851.2148870543 4.3698328130361 -0.0085664624161952 3.630167186957 -0.0085664624159971 
1853.8538248833 4.3698328109299 -0.0085542711695692 3.6301671890664 -0.0085542711695234 
1856.4927627124 4.369832808837 -0.0085421148890278 3.6301671911675 -0.008542114888981 
1859.1317005414 4.3698328067481 -0.0085299927842811 3.6301671932514 -0.008529992784143 
1861.7706383704 4.3698328046744 -0.0085179050295411 3.6301671953299 -0.008517905029456 
1864.4095761994 4.3698328026068 -0.0085058514716626 3.6301671973931 -0.0085058514715059 
1867.0485140284 4.3698328005531 -0.0084938319658805 3.6301671994492 -0.0084938319659453 
1869.6874518574 4.3698327985067 -0.0084818463731863 3.6301672014918 -0.008481846373161 
1872.3263896864 4.3698327964744 -0.0084698945428224 3.6301672035276 -0.0084698945428516 
1874.9653275155 4.3698327944487 -0.0084579766534737 3.6301672055491 -0.0084579766534843 
1877.6042653445 4.3698327924364 -0.0084460919208491 3.6301672075636 -0.00844609192069 
1880.2432031735 4.3698327904332 -0.008434240518912 3.630167209567 -0.008434240518985 
1882.8821410025 4.3698327884399 -0.0084224223084256 3.6301672115596 -0.008422422308435 
1885.5210788315 4.3698327864574 -0.0084106371504072 3.630167213543 -0.0084106371503858 
1888.1600166605 4.3698327844844 -0.0083988849066236 3.6301672155156 -0.0083988849064496 
1890.7989544896 4.369832782522 -0.00838716574943 3.6301672174788 -0.008387165749362 
1893.4378923186 4.3698327805722 -0.0083754789015268 3.6301672194344 -0.0083754789014451 
1896.0768301476 4.3698327786282 -0.0083638245580581 3.6301672213766 -0.0083638245580839 
1898.7157679766 4.3698327766919 -0.008352202564386 3.6301672233068 -0.0083522025644287 
1901.3547058056 4.3698327747715 -0.0083406127954389 3.6301672252331 -0.0083406127953978 
1903.9936436346 4.3698327728552 -0.0083290551117117 3.6301672271443 -0.0083290551115417 
1906.6325814636 4.3698327709502 -0.008317529374404 3.6301672290476 -0.0083175293742765 
1909.2715192927 4.3698327690584 -0.0083060357774294 3.6301672309446 -0.0083060357772742 
1911.9104571217 4.369832767172 -0.0082945735415173 3.6301672328283 -0.0082945735415208 
1914.5493949507 4.3698327652967 -0.0082831428545134 3.630167234704 -0.0082831428545849 
1917.1883327797 4.3698327634345 -0.0082717435861014 3.6301672365743 -0.0082717435862943 
1919.8272706087 4.3698327615723 -0.0082603756046004 3.6301672384263 -0.008260375604606 
1922.4662084377 4.3698327597298 -0.0082490387788676 3.6301672402785 -0.0082490387789044 
1925.1051462668 4.3698327578873 -0.0082377333005172 3.6301672421136 -0.0082377333004376 
1927.7440840958 4.3698327560565 -0.0082264583978328 3.6301672439418 -0.008226458397962 
1930.3830219248 4.3698327542367 -0.0082152142655887 3.6301672457629 -0.0082152142655579 
1933.0219597538 4.3698327524245 -0.0082040007768478 3.630167247573 -0.0082040007762327 
1935.6608975828 4.3698327506239 -0.0081928177940956 3.6301672493788 -0.0081928177940298 
1938.2998354118 4.369832748828 -0.0081816652020969 3.630167251171 -0.0081816652020698 
1940.9387732408 4.3698327470447 -0.0081705428738262 3.6301672529583 -0.0081705428737723 
1943.5777110699 4.3698327452639 -0.0081594510036752 3.6301672547307 -0.008159451003843 
1946.2166488989 4.3698327434975 -0.0081483888261278 3.6301672565007 -0.0081483888261274 
1948.8555867279 4.3698327417391 -0.0081373565352685 3.630167258262 -0.0081373565353485 
1951.4945245569 4.3698327399872 -0.0081263540139901 3.6301672600129 -0.0081263540139861 
1954.1334623859 4.3698327382452 -0.0081153811349616 3.6301672617574 -0.0081153811350098 
1956.7724002149 4.3698327365087 -0.0081044377836999 3.6301672634911 -0.0081044377837238 
1959.411338044 4.3698327347804 -0.0080935241594863 3.6301672652167 -0.0080935241594495 
1962.050275873 4.3698327330626 -0.0080826394885523 3.630167266937 -0.0080826394883178 
1964.689213702 4.3698327313521 -0.0080717839838027 3.6301672686486 -0.00807178398388 
1967.328151531 4.3698327296479 -0.00806095752587 3.630167270351 -0.0080609575259854 
1969.96708936 4.3698327279517 -0.0080501599970192 3.630167272046 -0.0080501599971176 
1972.606027189 4.3698327262689 -0.0080393912811576 3.6301672737392 -0.0080393912810438 
1975.244965018 4.3698327245744 -0.0080286512559733 3.6301672754064 -0.0080286512554896 
1977.8839028471 4.3698327229105 -0.0080179401280631 3.6301672770881 -0.0080179401281197 
1980.5228406761 4.3698327212453 -0.0080072571456024 3.6301672787545 -0.0080072571456031 
1983.1617785051 4.3698327195866 -0.0079966025100285 3.6301672804131 -0.0079966025100132 
1985.8007163341 4.3698327179346 -0.0079859761116258 3.6301672820642 -0.0079859761115849 
1988.4396541631 4.3698327162915 -0.00797537783294 3.6301672837098 -0.007975377832794 
1991.0785919921 4.3698327146545 -0.0079648075683103 3.6301672853478 -0.0079648075682575 
1993.7175298212 4.3698327130252 -0.0079542655230429 3.6301672869801 -0.0079542655229778 
1996.3564676502 4.3698327114023 -0.0079437509369075 3.6301672886047 -0.0079437509367927 
1998.9954054792 4.3698327097811 -0.0079332640303677 3.6301672902184 -0.0079332640304368 
2001.6343433082 4.3698327081706 -0.0079228046955132 3.6301672918299 -0.0079228046951416 
2004.2732811372 4.3698327065639 -0.0079123728121666 3.630167293432 -0.0079123728122725 
2006.9122189662 4.3698327049686 -0.0079019682861503 3.6301672950328 -0.0079019682861046 
2009.5511567952 4.369832703377 -0.0078915910014993 3.6301672966247 -0.0078915910013665 
2012.1900946243 4.3698327017898 -0.0078812411677672 3.6301672982091 -0.0078812411674765 
2014.8290324533 4.3698327002147 -0.0078709180509715 3.6301672997929 -0.0078709180504303 
2017.4679702823 4.3698326986361 -0.0078606218467375 3.6301673013623 -0.0078606218467872 
2020.1069081113 4.3698326970693 -0.007850352466654 3.6301673029312 -0.0078503524666929 
2022.7458459403 4.3698326955071 -0.0078401097929325 3.6301673044933 -0.0078401097913198 
2025.3847837693 4.3698326939502 -0.0078298937480832 3.6301673060492 -0.0078298937480383 
2028.0237215984 4.3698326923994 -0.00781970451291 3.6301673076001 -0.0078197045129264 
2030.6626594274 4.3698326908549 -0.007809541368623 3.6301673091464 -0.0078095413686045 
2033.3015972564 4.3698326893158 -0.0077994045229727 3.6301673106874 -0.0077994045229014 
2035.9405350854 4.3698326877785 -0.0077892938832789 3.6301673122196 -0.0077892938833012 
2038.5794729144 4.3698326862584 -0.0077792093256051 3.6301673137581 -0.0077792093262384 
2041.2184107434 4.3698326847256 -0.0077691507940518 3.6301673152745 -0.0077691507940998 
2043.8573485724 4.3698326832052 -0.0077591181521527 3.6301673167929 -0.0077591181522961 
2046.4962864015 4.3698326816903 -0.0077491116352632 3.6301673183063 -0.0077491116350993 
2049.1352242305 4.3698326801814 -0.0077391304950947 3.630167319816 -0.0077391304951865 
2051.7741620595 4.3698326786912 -0.0077291749578267 3.6301673213343 -0.0077291749579356 
2054.4130998885 4.3698326771797 -0.007719244937983 3.6301673228235 -0.0077192449377239 
2057.0520377175 4.3698326756835 -0.0077093403229686 3.6301673243177 -0.0077093403229877 
2059.6909755465 4.3698326741948 -0.0076994610235825 3.6301673258101 -0.0076994610234259 
2062.3299133756 4.3698326727069 -0.0076896072624898 3.6301673272942 -0.0076896072628989 
2064.9688512046 4.3698326712275 -0.0076797783116899 3.6301673287779 -0.00767977831202 
2067.6077890336 4.3698326697474 -0.0076699743867166 3.6301673302524 -0.0076699743867393 
2070.2467268626 4.369832668276 -0.0076601953989952 3.6301673317266 -0.0076601953989279 
2072.8856646916 4.3698326668056 -0.0076504412521523 3.6301673331934 -0.0076504412520975 
2075.5246025206 4.3698326653418 -0.0076407118578288 3.6301673346574 -0.0076407118577715 
2078.1635403496 4.3698326638834 -0.0076310071134083 3.6301673361201 -0.0076310071133661 
2080.8024781787 4.3698326624256 -0.0076213272623283 3.6301673375742 -0.0076213272622403 
2083.4414160077 4.3698326609735 -0.0076116715576244 3.6301673390261 -0.0076116715577178 
2086.0803538367 4.3698326595233 -0.0076020402381004 3.630167340472 -0.0076020402381354 
2088.7192916657 4.3698326580806 -0.0075924332098858 3.6301673419169 -0.0075924332098541 
2091.3582294947 4.3698326566423 -0.0075828503847586 3.6301673433588 -0.0075828503847028 
2093.9971673237 4.3698326552056 -0.0075732916708499 3.6301673447943 -0.0075732916708854 
2096.6361051528 4.3698326537742 -0.0075637573004686 3.6301673462272 -0.0075637573004989 
2099.2750429818 4.369832652347 -0.0075542465432677 3.6301673476572 -0.0075542465433552 
2101.9139808108 4.3698326509151 -0.0075447596278237 3.6301673490745 -0.0075447596283905 
2104.5529186398 4.3698326494985 -0.0075352964799143 3.6301673504999 -0.0075352964799366 
2107.1918564688 4.369832648082 -0.0075258569986943 3.630167351918 -0.0075258569986742 
2109.8307942978 4.3698326466723 -0.0075164410971406 3.6301673533356 -0.007516441097205 
2112.4697321268 4.3698326452573 -0.0075070487073037 3.6301673547403 -0.0075070487079736 
2115.1086699559 4.3698326438532 -0.0074976800328629 3.630167356148 -0.00749768003289 
2117.7476077849 4.3698326424525 -0.0074883343716222 3.6301673575528 -0.0074883343715694 
2120.3865456139 4.3698326410513 -0.0074790119506646 3.6301673589498 -0.0074790119505833 
2123.0254834429 4.3698326396597 -0.0074697126838404 3.6301673603488 -0.0074697126837726 
2125.6644212719 4.3698326382631 -0.0074604364881551 3.6301673617361 -0.0074604364882015 
2128.3033591009 4.3698326368761 -0.0074511832780524 3.6301673631258 -0.0074511832779154 
2130.94229693 4.3698326354886 -0.0074419532961555 3.6301673645077 -0.0074419532960902 
2133.581234759 4.3698326341098 -0.0074327458098088 3.6301673658916 -0.0074327458101659 
2136.220172588 4.369832632732 -0.0074235610606219 3.6301673672694 -0.0074235610608464 
2138.859110417 4.3698326313556 -0.007414398967262 3.6301673686416 -0.0074143989672364 
2141.498048246 4.3698326299852 -0.0074052594462745 3.6301673700129 -0.0074052594463203 
2144.136986075 4.3698326286187 -0.0073961424146834 3.630167371381 -0.0073961424147758 
2146.775923904 4.3698326272538 -0.0073870477969426 3.6301673727443 -0.0073870477968256 
2149.4148617331 4.3698326258942 -0.0073779758221406 3.6301673741049 -0.0073779758221286 
2152.0537995621 4.3698326245375 -0.0073689257750425 3.6301673754622 -0.0073689257751467 
2154.6927373911 4.3698326231841 -0.007359897897811 3.6301673768155 -0.0073598978975272 
2157.3316752201 4.369832621835 -0.007350892105253 3.6301673781665 -0.0073508921052866 
2159.9706130491 4.3698326204867 -0.0073419083193232 3.6301673795113 -0.0073419083192902 
2162.6095508781 4.3698326191441 -0.0073329464635409 3.6301673808549 -0.0073329464636598 
2165.2484887072 4.3698326178 -0.0073240067780472 3.6301673821896 -0.0073240067780417 
2167.8874265362 4.3698326164672 -0.0073150885410931 3.6301673835296 -0.0073150885410722 
2170.5263643652 4.3698326151371 -0.0073061919960582 3.6301673848647 -0.0073061919962302 
2173.1653021942 4.369832613808 -0.0072973170663043 3.6301673861939 -0.0072973170661874 
2175.8042400232 4.3698326124807 -0.0072884636699535 3.6301673875183 -0.0072884636700012 
2178.4431778522 4.3698326111599 -0.0072796317383932 3.6301673888422 -0.0072796317381849 
2181.0821156812 4.3698326098407 -0.007270821187633 3.6301673901605 -0.0072708211874691 
2183.7210535103 4.369832608525 -0.0072620322623568 3.6301673914755 -0.0072620322623874 
2186.3599913393 4.3698326072141 -0.0072532642468241 3.630167392788 -0.0072532642465583 
2188.9989291683 4.3698326059048 -0.0072445173841565 3.6301673940958 -0.0072445173841714 
2191.6378669973 4.3698326045997 -0.007235791603464 3.6301673954001 -0.0072357916034032 
2194.2768048263 4.369832603298 -0.0072270868271556 3.6301673967017 -0.0072270868271813 
2196.9157426553 4.3698326020036 -0.0072184029696323 3.6301673980025 -0.0072184029696345 
2199.5546804844 4.3698326007058 -0.0072097402935236 3.6301673992934 -0.0072097402936268 
2202.1936183134 4.3698325994145 -0.0072010980756432 3.6301674005836 -0.0072010980755736 
2204.8325561424 4.3698325981268 -0.007192476555496 3.6301674018706 -0.0071924765556318 
2207.4714939714 4.3698325968443 -0.0071838756755055 3.6301674031556 -0.0071838756755009 
2210.1104318004 4.3698325955652 -0.0071752953509126 3.630167404437 -0.0071752953509417 
2212.7493696294 4.3698325942864 -0.0071667355171067 3.6301674057116 -0.0071667355165437 
2215.3883074585 4.3698325930168 -0.0071581964082657 3.6301674069882 -0.0071581964081661 
2218.0272452875 4.3698325917453 -0.0071496773200291 3.6301674082558 -0.0071496773199628 
2220.6661831165 4.3698325904788 -0.0071411785017183 3.6301674095213 -0.0071411785017818 
2223.3051209455 4.3698325892163 -0.0071326998788207 3.6301674107838 -0.0071326998788627 
2225.9440587745 4.3698325879564 -0.0071242413841949 3.6301674120415 -0.0071242413839906 
2228.5829966035 4.3698325867004 -0.0071158029379983 3.6301674132963 -0.0071158029380008 
2231.2219344325 4.3698325854484 -0.0071073844750701 3.6301674145479 -0.0071073844749234 
2233.8608722616 4.3698325842035 -0.0070989862483112 3.6301674157989 -0.0070989862484166 
2236.4998100906 4.3698325829589 -0.0070906075429239 3.6301674170436 -0.007090607542926 
2239.1387479196 4.3698325817165 -0.0070822486101388 3.6301674182832 -0.0070822486101037 
2241.7776857486 4.3698325804791 -0.0070739093761418 3.6301674195206 -0.0070739093761658 
2244.4166235776 4.3698325792461 -0.0070655897776399 3.630167420755 -0.0070655897774703 
2247.0555614066 4.3698325780066 -0.007057289742799 3.6301674219764 -0.0070572897428304 
2249.6944992357 4.3698325767896 -0.0070490095257115 3.6301674232119 -0.0070490095258251 
2252.3334370647 4.3698325755648 -0.0070407484151328 3.6301674244333 -0.0070407484153612 
2254.9723748937 4.3698325743474 -0.0070325066618773 3.6301674256542 -0.0070325066620521 
2257.6113127227 4.3698325731322 -0.0070242842044636 3.6301674268708 -0.0070242842044168 
2260.2502505517 4.3698325719177 -0.0070160809632082 3.6301674280803 -0.0070160809632691 
2262.8891883807 4.3698325707105 -0.0070078968855795 3.6301674292901 -0.0070078968857228 
2265.5281262097 4.3698325695046 -0.0069997318951232 3.6301674304942 -0.0069997318950881 
2268.1670640388 4.3698325683043 -0.006991586248587 3.6301674316961 -0.0069915862486285 
2270.8060018678 4.3698325671056 -0.0069834592485484 3.6301674328928 -0.0069834592480273 
2273.4449396968 4.3698325659127 -0.0069753511168632 3.6301674340877 -0.0069753511166543 
2276.0838775258 4.3698325647233 -0.0069672618208989 3.6301674352791 -0.0069672618208319 
2278.7228153548 4.3698325635344 -0.0069591912857437 3.6301674364639 -0.0069591912863348 
2281.3617531838 4.3698325623523 -0.0069511394476413 3.6301674376478 -0.0069511394476425 
2284.0006910129 4.3698325611715 -0.0069431065603894 3.630167438826 -0.0069431065606976 
2286.6396288419 4.3698325599975 -0.0069350919124101 3.6301674400035 -0.0069350919124824 
2289.2785666709 4.3698325588255 -0.0069270957678737 3.6301674411762 -0.0069270957678129 
2291.9175044999 4.3698325576564 -0.0069191180604204 3.6301674423444 -0.0069191180603737 
2294.5564423289 4.3698325564928 -0.0069111587238803 3.630167443511 -0.0069111587239009 
2297.1953801579 4.369832555328 -0.0069032176995202 3.6301674446692 -0.00690321769946 
2299.8343179869 4.3698325541718 -0.006895294918682 3.6301674458285 -0.0068952949187422 
2302.473255816 4.369832553017 -0.0068873906466739 3.6301674469818 -0.0068873906467845 
2305.112193645 4.3698325518679 -0.0068795041724338 3.630167448134 -0.0068795041723458 
2307.751131474 4.3698325507192 -0.0068716357572878 3.6301674492794 -0.0068716357573148 
2310.390069303 4.369832549572 -0.0068637853503548 3.6301674504193 -0.0068637853498366 
2313.029007132 4.3698325484368 -0.0068559528573928 3.6301674515634 -0.0068559528574095 
2315.667944961 4.3698325473008 -0.0068481382505117 3.6301674526999 -0.0068481382505762 
2318.3068827901 4.3698325461691 -0.0068403417729815 3.6301674538332 -0.0068403417729443 
2320.9458206191 4.3698325450406 -0.0068325627269391 3.6301674549628 -0.0068325627270101 
2323.5847584481 4.3698325439136 -0.0068248013723272 3.630167456087 -0.006824801372514 
2326.2236962771 4.3698325427912 -0.0068170576488331 3.6301674572084 -0.0068170576487416 
2328.8626341061 4.369832541676 -0.0068093314986246 3.6301674583297 -0.006809331498799 
2331.5015719351 4.3698325405559 -0.0068016228538961 3.6301674594396 -0.0068016228539448 
2334.1405097641 4.3698325394471 -0.006793931659209 3.6301674605531 -0.0067939316592 
2336.7794475932 4.3698325383399 -0.0067862581821128 3.6301674616614 -0.0067862581821031 
2339.4183854222 4.3698325372351 -0.0067786017143153 3.6301674627649 -0.0067786017142925 
2342.0573232512 4.3698325361331 -0.0067709625204319 3.6301674638639 -0.0067709625207768 
2344.6962610802 4.3698325350379 -0.0067633405422318 3.630167464963 -0.0067633405422817 
2347.3351989092 4.3698325339431 -0.0067557357211411 3.6301674660558 -0.0067557357208502 
2349.9741367382 4.3698325328538 -0.006748147998149 3.6301674671466 -0.0067481479982156 
2352.6130745673 4.3698325317673 -0.0067405776370928 3.6301674682331 -0.0067405776371274 
2355.2520123963 4.3698325306835 -0.0067330239403872 3.6301674693156 -0.0067330239403418 
2357.8909502253 4.3698325296049 -0.0067254871708844 3.6301674703963 -0.0067254871708897 
2360.5298880543 4.3698325285289 -0.0067179672708622 3.6301674714727 -0.0067179672709512 
2363.1688258833 4.369832527456 -0.0067104641822124 3.6301674725452 -0.0067104641822429 
2365.8077637123 4.3698325263865 -0.006702977851715 3.6301674736141 -0.0067029778515784 
2368.4467015413 4.3698325253195 -0.0066955082202326 3.6301674746786 -0.0066955082203592 
2371.0856393704 4.3698325242583 -0.0066880555545746 3.6301674757418 -0.0066880555547155 
2373.7245771994 4.3698325232056 -0.0066806191604188 3.6301674768068 -0.0066806191603489 
2376.3635150284 4.3698325221434 -0.0066731992924652 3.6301674778558 -0.0066731992924421 
2379.0024528574 4.3698325210915 -0.006665795905838 3.630167478908 -0.0066657959058254 
2381.6413906864 4.3698325200435 -0.0066584089426667 3.6301674799571 -0.0066584089427734 
2384.2803285154 4.3698325189985 -0.0066510383477272 3.630167481003 -0.0066510383477238 
2386.9192663445 4.3698325179561 -0.0066436843874216 3.6301674820441 -0.0066436843877484 
2389.5582041735 4.3698325169176 -0.0066363463662953 3.6301674830827 -0.006636346366261 
2392.1971420025 4.3698325158822 -0.006629024550165 3.6301674841172 -0.0066290245503434 
2394.8360798315 4.3698325148504 -0.006621718883941 3.6301674851492 -0.0066217188839074 
2397.4750176605 4.3698325138239 -0.0066144293149432 3.6301674861799 -0.0066144293155871 
2400.1139554895 4.3698325127944 -0.0066071557990382 3.6301674872006 -0.0066071557989783 
2402.7528933185 4.3698325117757 -0.0065998982688931 3.6301674882253 -0.0065998982688518 
2405.3918311476 4.3698325107569 -0.006592657002537 3.6301674892434 -0.0065926570022278 
2408.0307689766 4.3698325097413 -0.0065854312962727 3.630167490258 -0.0065854312961664 
2410.6697068056 4.369832508732 -0.0065782214296047 3.6301674912724 -0.0065782214296155 
2413.3086446346 4.3698325077213 -0.006571027339812 3.6301674922789 -0.0065710273398199 
2415.9475824636 4.369832506716 -0.0065638489836096 3.6301674932842 -0.006563848983662 
2418.5865202926 4.3698325057128 -0.0065566863052716 3.6301674942853 -0.0065566863051707 
2421.2254581217 4.3698325047144 -0.0065495395743568 3.6301674952842 -0.0065495395741486 
2423.8643959507 4.3698325037185 -0.0065424080974665 3.6301674962793 -0.0065424080974256 
2426.5033337797 4.369832502727 -0.0065352921472385 3.6301674972725 -0.0065352921472996 
2429.1422716087 4.3698325017375 -0.0065281916734427 3.6301674982611 -0.0065281916732811 
2431.7812094377 4.3698325007507 -0.0065211066154897 3.6301674992463 -0.0065211066163052 
2434.4201472667 4.3698324997695 -0.0065140369388143 3.6301675002304 -0.0065140369388577 
2437.0590850957 4.3698324987907 -0.0065069825825519 3.6301675012105 -0.006506982582411 
2439.6980229248 4.3698324978145 -0.0064999438196387 3.630167502187 -0.0064999438195262 
2442.3369607538 4.3698324968397 -0.0064929199620735 3.6301675031588 -0.0064929199620688 
2444.9758985828 4.3698324958715 -0.0064859112743557 3.6301675041303 -0.0064859112743146 
2447.6148364118 4.3698324949039 -0.0064789177144302 3.6301675050966 -0.0064789177144693 
2450.2537742408 4.3698324939411 -0.0064719392289195 3.6301675060613 -0.0064719392288515 
2452.8927120698 4.3698324929795 -0.0064649757721615 3.630167507021 -0.0064649757722205 
2455.5316498989 4.3698324920223 -0.0064580276143258 3.6301675079788 -0.00645802761439 
2458.1705877279 4.3698324910672 -0.0064510940647382 3.6301675089326 -0.0064510940646183 
2460.8095255569 4.3698324901163 -0.0064441753979277 3.6301675098844 -0.0064441753979415 
2463.4484633859 4.3698324891696 -0.0064372715641568 3.6301675108344 -0.0064372715642342 
2466.0874012149 4.369832488223 -0.0064303825171749 3.6301675117782 -0.0064303825171797 
2468.7263390439 4.3698324872792 -0.0064235082088831 3.6301675127187 -0.0064235082089843 
2471.3652768729 4.3698324863403 -0.0064166485897867 3.6301675136583 -0.0064166485897549 
2474.004214702 4.369832485406 -0.0064098039391537 3.6301675145959 -0.0064098039390852 
2476.643152531 4.3698324844712 -0.0064029735639544 3.6301675155275 -0.006402973563917 
2479.28209036 4.3698324835417 -0.0063961577383127 3.6301675164582 -0.0063961577383098 
2481.921028189 4.3698324826156 -0.0063893564168956 3.6301675173863 -0.0063893564168689 
2484.559966018 4.36983248169 -0.0063825695533702 3.6301675183091 -0.0063825695533526 
2487.198903847 4.3698324807688 -0.0063757971012281 3.6301675192302 -0.0063757971011016 
2489.8378416761 4.3698324798479 -0.0063690393348592 3.6301675201457 -0.0063690393351563 
2492.4767795051 4.3698324789375 -0.006362295565501 3.6301675210655 -0.0063622955655848 
2495.1157173341 4.3698324780243 -0.0063555660735006 3.6301675219772 -0.0063555660734565 
2497.7546551631 4.3698324771146 -0.0063488508091909 3.6301675228865 -0.0063488508092651 
2500.3935929921 4.3698324762079 -0.0063421497271606 3.6301675237928 -0.0063421497272118 
2503.0325308211 4.3698324753041 -0.0063354627866908 3.6301675246963 -0.006335462786691 
2505.6714686501 4.3698324744037 -0.0063287899400374 3.6301675255974 -0.0063287899400282 
2508.3104064792 4.369832473505 -0.006322131461922 3.6301675264943 -0.006322131461877 
2510.9493443082 4.3698324726099 -0.006315486668459 3.6301675273892 -0.0063154866684996 
2513.5882821372 4.3698324717183 -0.006308855835756 3.630167528282 -0.0063088558356828 
2516.2272199662 4.3698324708291 -0.0063022389194504 3.6301675291714 -0.0063022389194181 
2518.8661577952 4.3698324699449 -0.0062956358699972 3.6301675300602 -0.0062956358703103 
2521.5050956242 4.3698324690592 -0.0062890466606678 3.6301675309419 -0.0062890466606743 
2524.1440334533 4.3698324681784 -0.0062824715530087 3.6301675318227 -0.0062824715530915 
2526.7829712823 4.3698324672999 -0.0062759098669619 3.6301675327003 -0.0062759098669363 
2529.4219091113 4.3698324664242 -0.0062693618822118 3.6301675335751 -0.0062693618821164 
2532.0608469403 4.3698324655515 -0.0062628275509116 3.6301675344478 -0.006262827550859 
2534.6997847693 4.3698324646808 -0.006256306834401 3.6301675353165 -0.0062563068343543 
2537.3387225983 4.369832463815 -0.0062497996884154 3.6301675361848 -0.0062497996884099 
2539.9776604273 4.3698324629517 -0.00624330607198 3.6301675370501 -0.0062433060721036 
2542.6165982564 4.3698324620895 -0.0062368262617758 3.6301675379109 -0.0062368262618068 
2545.2555360854 4.3698324612307 -0.0062303595762157 3.63016753877 -0.0062303595762148 
2547.8944739144 4.369832460372 -0.0062239062949008 3.6301675396236 -0.0062239062947128 
2550.5334117434 4.369832459523 -0.0062174663729018 3.6301675404813 -0.0062174663730276 
2553.1723495724 4.3698324586702 -0.0062110397691687 3.6301675413305 -0.0062110397692048 
2555.8112874014 4.3698324578219 -0.0062046264459372 3.6301675421785 -0.0062046264459559 
2558.4502252305 4.369832456976 -0.006198226680521 3.6301675430236 -0.0061982266804947 
2561.0891630595 4.3698324561326 -0.0061918397894353 3.630167543866 -0.0061918397894631 
2563.7281008885 4.3698324552929 -0.0061854660543435 3.6301675447068 -0.0061854660543758 
2566.3670387175 4.3698324544555 -0.0061791054321603 3.6301675455447 -0.0061791054321812 
2569.0059765465 4.3698324536215 -0.0061727578853661 3.6301675463809 -0.0061727578853347 
2571.6449143755 4.3698324527882 -0.0061664233735303 3.6301675472126 -0.0061664233734191 
2574.2838522045 4.3698324519575 -0.0061601018526785 3.6301675480418 -0.0061601018527325 
2576.9227900336 4.3698324511311 -0.0061537936110681 3.6301675488698 -0.0061537936110947 
2579.5617278626 4.3698324503057 -0.006147497960349 3.6301675496941 -0.0061474979603605 
2582.2006656916 4.3698324494863 -0.0061412151812082 3.630167550519 -0.0061412151814781 
2584.8396035206 4.3698324486637 -0.0061349452447209 3.6301675513362 -0.0061349452446739 
2587.4785413496 4.3698324478468 -0.0061286880984198 3.6301675521537 -0.0061286880984229 
2590.1174791786 4.3698324470333 -0.0061224437094115 3.6301675529696 -0.0061224437093922 
2592.7564170077 4.3698324462204 -0.0061162123597701 3.6301675537812 -0.0061162123597344 
2595.3953548367 4.3698324454097 -0.0061099933687923 3.6301675545903 -0.0061099933686566 
2598.0342926657 4.3698324446025 -0.0061037870175129 3.6301675553978 -0.0061037870175341 
2600.6732304947 4.3698324437976 -0.0060975932685309 3.6301675562027 -0.0060975932685213 
2603.3121683237 4.3698324429951 -0.0060914120841926 3.6301675570054 -0.0060914120842041 
2605.9511061527 4.3698324421945 -0.0060852434260564 3.6301675578051 -0.006085243426033 
2608.5900439817 4.3698324413974 -0.0060790872538554 3.6301675586036 -0.0060790872538704 
2611.2289818108 4.3698324406027 -0.006072943856123 3.6301675593996 -0.0060729438561579 
2613.8679196398 4.3698324398098 -0.0060668125491529 3.6301675601929 -0.0060668125488563 
2616.5068574688 4.3698324390173 -0.0060606936142867 3.630167560982 -0.0060606936142684 
2619.1457952978 4.3698324382294 -0.0060545870205302 3.6301675617711 -0.0060545870204914 
2621.7847331268 4.3698324374433 -0.0060484927283024 3.6301675625576 -0.0060484927283708 
2624.4236709558 4.3698324366589 -0.0060424107017497 3.6301675633412 -0.0060424107017542 
2627.0626087849 4.3698324358774 -0.0060363412250496 3.6301675641231 -0.0060363412250516 
2629.7015466139 4.3698324350975 -0.0060302836192178 3.6301675649026 -0.0060302836192424 
2632.3404844429 4.3698324343203 -0.0060242381698408 3.6301675656805 -0.006024238169842 
2634.9794222719 4.3698324335448 -0.0060182048414172 3.6301675664559 -0.0060182048414335 
2637.6183601009 4.3698324327711 -0.006012183598738 3.6301675672291 -0.0060121835987487 
