0 -3.01823
8.56818e-06 -3.01818
1.39584e-05 -3.01815
2.23403e-05 -3.01811
3.5152e-05 -3.01803
5.44129e-05 -3.01793
8.29129e-05 -3.01777
0.000124445 -3.01754
0.000184087 -3.01721
0.000268538 -3.01674
0.000386513 -3.01608
0.000549194 -3.01518
0.000770748 -3.01395
0.00106889 -3.01229
0.00146554 -3.01009
0.00198744 -3.00719
0.00266693 -3.00342
0.0035427 -2.99856
0.00466048 -2.99236
0.0060739 -2.98453
0.00784516 -2.97474
0.0100458 -2.96259
0.0127573 -2.94766
0.0160717 -2.92946
0.0200919 -2.90747
0.0249322 -2.88114
0.0307182 -2.84987
0.037587 -2.81307
0.0456867 -2.77015
0.0551755 -2.72059
0.0662217 -2.66391
0.0790016 -2.5998
0.0936983 -2.52809
0.1105 -2.44886
0.129597 -2.36243
0.151179 -2.26944
0.175433 -2.17083
0.202539 -2.06782
0.232666 -1.96188
0.265968 -1.85465
0.302578 -1.74784
0.342609 -1.64315
0.386142 -1.54215
0.433228 -1.44621
0.48388 -1.35643
0.538071 -1.27364
0.595732 -1.19838
0.656748 -1.13091
0.720956 -1.07132
0.78815 -1.01951
0.858074 -0.975276
0.930432 -0.938369
1.00489 -0.908511
1.08106 -0.885442
1.15856 -0.868938
1.23695 -0.858831
1.31579 -0.855013
1.39463 -0.857449
1.47302 -0.866172
1.55052 -0.881288
1.62669 -0.902963
1.70115 -0.931422
1.7735 -0.966922
1.84343 -1.00974
1.91062 -1.06013
1.97483 -1.11829
2.03585 -1.18432
2.09351 -1.25815
2.1477 -1.3395
2.19835 -1.42785
2.24544 -1.52238
2.28897 -1.62198
2.329 -1.72531
2.36561 -1.8308
2.39891 -1.93676
2.42904 -2.04149
2.45615 -2.14335
2.4804 -2.24089
2.50198 -2.33288
2.52108 -2.41839
2.53788 -2.49679
2.55258 -2.56774
2.56536 -2.63119
2.5764 -2.68727
2.58589 -2.73632
2.59399 -2.77878
2.60086 -2.81519
2.60665 -2.84613
2.61149 -2.87219
2.61551 -2.89394
2.61882 -2.91195
2.62153 -2.92672
2.62373 -2.93874
2.62551 -2.94843
2.62692 -2.95617
2.62804 -2.9623
2.62891 -2.96711
2.62959 -2.97084
2.63011 -2.97371
2.63051 -2.97589
2.63081 -2.97753
2.63103 -2.97874
2.63119 -2.97964
2.63131 -2.98029
2.63139 -2.98075
2.63145 -2.98108
2.6315 -2.98131
2.63152 -2.98146
2.63154 -2.98157
2.63156 -2.98164
2.63156 -2.98169
2.63157 -2.98172
2.63158 -2.98176
