1.2566370614359	1.9975215438197091	-0.3775140363609127	1.997100471209146	-0.37751365241720547	
3.7699111843078	1.9986820823567473	-0.4530317282590929	1.9982822960217574	-0.4530314788494999	
6.2831853071796	1.9992374725877489	-0.4005560596593637	1.9988298304874021	-0.4005558871233299	
8.7964594300514	1.999539351697814	-0.3406906731701859	1.999126113401425	-0.3406905475069432	
11.309733552923	1.9997200380341649	-0.2908462479718578	1.9993034759010646	-0.29084615264604835	
13.823007675795	1.9998363436324242	-0.25145382057015264	1.9994177648033118	-0.25145374587654695	
16.336281798667	1.9999155173942726	-0.2203735550566965	1.9994956555656997	-0.2203734949812346	
18.849555921539	1.999971838233399	-0.19555834074042286	1.9995511209326107	-0.1955582913799313	
21.362830044411	2.0000133418955057	-0.17544134837111267	1.9995920301385552	-0.175441307090748	
23.876104167282	2.0000448216512168	-0.15888249594373566	1.9996230820127179	-0.15888246090418348	
26.389378290154	2.0000692775015647	-0.1450577994692608	1.9996472205523097	-0.145057769349129	
28.902652413026	2.000088664180073	-0.13336690431609882	1.9996663658740206	-0.13336687814227935	
31.415926535898	2.0001042995056832	-0.12336650625899372	1.9996818135898677	-0.12336648329929359	
33.92920065877	2.000117098221207	-0.11472433742321668	1.999694463721528	-0.11472431711626284	
36.442474781642	2.0001277115120093	-0.10718759783517177	1.9997049574097434	-0.10718757974337963	
38.955748904513	2.0001366132671787	-0.10056117325559548	1.9997137615131517	-0.10056115703283644	
41.469023027385	2.00014415509976	-0.09469243667852037	1.9997212226114236	-0.09469242204740672	
43.982297150257	2.0001506024157587	-0.08946050119838131	1.9997276024342463	-0.08946048793399893	
46.495571273129	2.000156158642183	-0.08476851369984045	1.999733101674888	-0.08476850161787795	
49.008845396001	2.00016098185825	-0.08053805201289367	1.99973787634703	-0.0805380409608739	
51.522119518873	2.0001651964369245	-0.0767049966807418	1.9997420492397873	-0.07670498653141891	
54.035393641744	2.0001689013375357	-0.07321645042090479	1.999745718082643	-0.0732164410672392	
56.548667764616	2.0001721761089617	-0.07002841174511824	1.9997489614573807	-0.07002840309642487	
59.061941887488	2.0001750852978817	-0.06710399826832794	1.9997518431422943	-0.06710399024723895	
61.57521601036	2.000177681729637	-0.06441207550127236	1.9997544153464228	-0.0644120680413931	
64.088490133232	2.000180008980571	-0.061926188109224255	1.9997567211462706	-0.061926181153241694	
66.601764256104	2.0001821032605442	-0.05962371922166601	1.999758796343907	-0.059623712719846345	
69.115038378975	2.0001839948630233	-0.057485223404470945	1.9997606708968454	-0.05748521731343899	
71.628312501847	2.000185709291544	-0.05549389313547737	1.9997623700302956	-0.05549388741723724	
74.141586624719	2.000187268143429	-0.053635128808114184	1.9997639151092796	-0.053635123429233864	
76.654860747591	2.000188689808697	-0.05189618971479316	1.9997653243283298	-0.05189618464573719	
79.168134870463	2.0001899900264193	-0.05026590884904786	1.99976661326185	-0.050265904063622184	
81.681408993335	2.0001911823321774	-0.04873445838949224	1.9997677953051638	-0.04873445386438952	
84.194683116206	2.000192278419052	-0.04729315570997782	1.9997688820318018	-0.04729315142438957	
86.707957239078	2.000193288431435	-0.04593430201620465	1.999769883483417	-0.0459342979514819	
89.22123136195	2.000194221205806	-0.044651047397995094	1.999770808408153	-0.04465104353739326	
91.734505484822	2.0001950844684018	-0.043437277420413686	1.9997716644555181	-0.04343727374883951	
94.247779607694	2.00019588499895	-0.042287517352459766	1.9997724583388146	-0.042287513856277506	
96.761053730566	2.000196628766997	-0.0411968509290217	1.9997731959695677	-0.04119684759588492	
99.274327853437	2.0001973210456927	-0.04016085114430487	1.999773882570109	-0.04016084796300401	
101.78760197631	2.0001979665074137	-0.03917552105993977	1.9997745227679993	-0.03917551802027	
104.30087609918	2.0001985693039885	-0.03823724296444917	1.999775120676053	-0.038237240057105076	
106.81415022205	2.0001991331355415	-0.03734273457859389	1.9997756799591824	-0.03734273179507072	
109.32742434492	2.0001996613077586	-0.03648901115676615	1.9997762038924636	-0.03648900848927235	
111.8406984678	2.000200156781796	-0.035673352617949246	1.9997766954096425	-0.03567335005934234	
114.35397259067	2.00020062221651	-0.03489327488651236	1.9997771571451686	-0.034893272430225025	
116.86724671354	2.000201060005062	-0.03414650494578124	1.999777591469996	-0.03414650258576005	
119.38052083641	2.0002014723057275	-0.03343095891040862	1.999778000523194	-0.03343095664107746	
121.89379495928	2.0002018610697827	-0.03274472280546028	1.999778386238033	-0.032744720621656585	
124.40706908216	2.000202228064213	-0.032086035639814464	1.9997787503660938	-0.03208603353677355	
126.92034320503	2.0002025748929753	-0.031453274418962174	1.9997790944967284	-0.03145327239225685	
129.4336173279	2.0002029030141575	-0.030844940959574154	1.9997794200753225	-0.030844939005108214	
131.94689145077	2.0002032137563166	-0.030259650110979475	1.999779728418527	-0.030259648224936604	
134.46016557364	2.000203508331294	-0.02969611931871141	1.9997800207276824	-0.029696117497541894	
136.97343969651	2.0002037878470915	-0.029153159314514263	1.999780298100887	-0.029153157554915446	
139.48671381939	2.000204053317721	-0.028629665809014736	1.9997805615437503	-0.02862966410789861	
141.99998794226	2.000204305673318	-0.028124612014242083	1.9997808119780054	-0.028124610368726027	
144.51326206513	2.000204545767687	-0.02763704201937772	1.9997810502504554	-0.027637040426767998	
147.026536188	2.000204774386317	-0.027166064757805846	1.9997812771395866	-0.027166063215575565	
149.53981031087	2.0002049922523764	-0.026710848615681723	1.9997814933625664	-0.026710847121472436	
152.05308443375	2.0002052000329047	-0.026270616570278033	1.9997816995806326	-0.026270615121866393	
154.56635855662	2.0002053983436743	-0.025844641756259334	1.9997818964045557	-0.025844640351569966	
157.07963267949	2.000205587754207	-0.025432243535042545	1.9997820843988574	-0.025432242172111957	
159.59290680236	2.0002057687915085	-0.025032783852006437	1.9997822640863416	-0.02503278252898971	
162.10618092523	2.0002059419442757	-0.02464566396878949	1.9997824359513048	-0.02464566268395292	
164.61945504811	2.00020610766563	-0.024270321493131082	1.9997826004435664	-0.024270320244838422	
167.13272917098	2.000206266376715	-0.023906227632569152	1.9997827579803695	-0.023906226419278625	
169.64600329385	2.0002064184690993	-0.02355288477204208	1.999782908950382	-0.023552883592291927	
172.15927741672	2.000206564307419	-0.023209824182136986	1.9997830537149404	-0.02320982303455747	
174.67255153959	2.0002067042312857	-0.02287660396192162	1.9997831926110536	-0.022876602845198695	
177.18582566246	2.00020683855758	-0.022552807149150592	1.9997833259530038	-0.022552806062055845	
179.69909978534	2.0002069675822716	-0.022238039995450574	1.999783454034158	-0.022238038936816605	
182.21237390821	2.0002070915816557	-0.021931930341836145	1.9997835771290124	-0.021931929310550408	
184.72564803108	2.0002072108146565	-0.021634126207959327	1.9997836954938906	-0.021634125202975123	
187.23892215395	2.000207325523286	-0.021344294413297736	1.9997838093691032	-0.021344293433616657	
189.75219627682	2.0002074359345854	-0.021062119347395943	1.999783918979992	-0.021062118392074527	
192.2654703997	2.0002075422614602	-0.02078730183575371	1.9997840245374612	-0.020787300903884316	
194.77874452257	2.000207644703513	-0.020519558052087453	1.999784126239714	-0.020519557142821464	
197.29201864544	2.000207743448594	-0.020258618595024057	1.9997842242730994	-0.020258617707542125	
199.80529276831	2.0002078386731657	-0.02000422755307989	1.999784318812581	-0.020004226686606546	
202.31856689118	2.000207930543201	-0.019756141678865306	1.9997844100228295	-0.01975614083266264	
204.83184101405	2.0002080192151097	-0.019514129615944696	1.9997844980591564	-0.019514128789304228	
207.34511513693	2.0002081048361147	-0.019277971189902893	1.999784583067383	-0.019277970382147618	
209.8583892598	2.000208187545164	-0.019047456708564416	1.9997846651856577	-0.01904745591905187	
212.37166338267	2.0002082674733015	-0.018822386394010005	1.9997847445437236	-0.018822385622134657	
214.88493750554	2.0002083447442893	-0.018602569772443185	1.9997848212644431	-0.018602569017617736	
217.39821162841	2.0002084194748924	-0.0183878251472192	1.999784895463881	-0.01838782440887514	
219.91148575129	2.000208491775922	-0.018177979107253918	1.999784967251749	-0.018177978384858115	
222.42475987416	2.000208561751752	-0.01797286602800735	1.999785036731719	-0.01797286532105071	
224.93803399703	2.0002086295013934	-0.01777232768734601	1.9997851040020036	-0.01777232699533927	
227.4513081199	2.0002086951187548	-0.01757621282547404	1.9997851691557103	-0.01757621214794059	
229.96458224277	2.000208758692564	-0.01738437677443716	1.9997852322810672	-0.01738437611093001	
232.47785636564	2.0002088203072734	-0.01719668110258047	1.9997852934616267	-0.01719668045266322	
234.99113048852	2.000208880042542	-0.017012993291260124	1.9997853527767473	-0.017012992654522996	
237.50440461139	2.000208937974695	-0.01683318638917077	1.999785410301854	-0.016833185765212748	
240.01767873426	2.0002089941754675	-0.01665713877170604	1.9997854661082828	-0.01665713816014098	
242.53095285713	2.000209048713533	-0.01648473383329969	1.9997855202643056	-0.01648473323376561	
245.04422698	2.0002091016541104	-0.016315859738819913	1.9997855728344418	-0.016315859150961176	
247.55750110288	2.00020915305916	-0.01615040919070232	1.9997856238802525	-0.016150408614187994	
250.07077522575	2.0002092029877705	-0.01598827916833898	1.9997856734602257	-0.015988278602833125	
252.58404934862	2.0002092514959267	-0.015829370765344315	1.9997857216303452	-0.01582937021053342	
255.09732347149	2.0002092986374658	-0.01567358895500098	1.9997857684435498	-0.01567358841059234	
257.61059759436	2.0002093444631335	-0.015520842409678635	1.9997858139504838	-0.015520841875374778	
260.12387171723	2.0002093890218156	-0.015371043322345642	1.999785858199634	-0.015371042797866878	
262.63714584011	2.000209432359874	-0.015224107247507772	1.999785901236861	-0.015224106732594648	
265.15041996298	2.0002094745214634	-0.015079952908582812	1.9997859431063207	-0.015079952402968652	
267.66369408585	2.0002095155492503	-0.014938502099369134	1.9997859838499783	-0.014938501602799602	
270.17696820872	2.0002095554833152	-0.014799679508645261	1.9997860235078155	-0.014799679020882955	
272.69024233159	2.000209594362657	-0.0146634125955103	1.9997860621185308	-0.01466341211631834	
275.20351645447	2.0002096322238847	-0.014529631471421472	1.999786099718433	-0.01452963100058315	
277.71679057734	2.0002096691025066	-0.014398268747279513	1.9997861363427294	-0.014398268284567889	
280.23006470021	2.000209705032412	-0.014269259470930029	1.9997861720251107	-0.014269259016142665	
282.74333882308	2.0002097400458507	-0.014142540986747946	1.9997862067975265	-0.01414254053967053	
285.25661294595	2.000209774173707	-0.014018052842731782	1.9997862406908602	-0.014018052403187852	
287.76988706883	2.000209807446066	-0.013895736702508037	1.9997862737345977	-0.013895736270298688	
290.2831611917	2.000209839890981	-0.013775536221321414	1.9997863059567917	-0.013775535796265023	
292.79643531457	2.000209871535934	-0.01365739700971718	1.9997863373847244	-0.013657396591635135	
295.30970943744	2.000209902406993	-0.013541266518068338	1.999786368044364	-0.013541266106794847	
297.82298356031	2.0002099325293674	-0.013427093967351986	1.9997863979605188	-0.01342709356271874	
300.33625768318	2.000209961927057	-0.0133148302745314	1.9997864271570902	-0.013314829876384458	
302.84953180606	2.0002099906233037	-0.013204427991949397	1.9997864556572194	-0.013204427600118893	
305.36280592893	2.0002100186401357	-0.013095841205626424	1.999786483482834	-0.013095840819976412	
307.8760800518	2.000210045999009	-0.012989025522999782	1.9997865106549912	-0.01298902514337204	
310.38935417467	2.0002100727205523	-0.012883937978736817	1.9997865371943182	-0.012883937605005613	
312.90262829754	2.000210098824201	-0.012780536985152054	1.9997865631200513	-0.012780536617170038	
315.41590242042	2.0002101243290373	-0.012678782286637382	1.9997865884512724	-0.012678781924272376	
317.92917654329	2.0002101492533226	-0.012578634872737153	1.9997866132060431	-0.012578634515869016	
320.44245066616	2.000210173614432	-0.012480056980072367	1.9997866374015383	-0.01248005662857683	
322.95572478903	2.000210197429584	-0.01238301201018978	1.9997866610548762	-0.012383011663940282	
325.4689989119	2.0002102207146697	-0.012287464493521994	1.9997866841818488	-0.01228746415240058	
327.98227303477	2.000210243485582	-0.012193380045652624	1.9997867067982482	-0.012193379709553793	
330.49554715765	2.0002102657571417	-0.012100725335397355	1.9997867289188953	-0.012100725004203929	
333.00882128052	2.0002102875441214	-0.012009468010185056	1.9997867505581626	-0.012009467683792085	
335.52209540339	2.00021030886047	-0.0119195767106029	1.9997867717300994	-0.011919576388905487	
338.03536952626	2.000210329719636	-0.01183102100033741	1.999786792448154	-0.011831020683231682	
340.54864364913	2.000210350134588	-0.011743771339911559	1.999786812724995	-0.011743771027303498	
343.06191777201	2.000210370118036	-0.011657799062693866	1.999786832573332	-0.011657798754492216	
345.57519189488	2.000210389681949	-0.011573076309507454	1.9997868520050348	-0.011573076005620636	
348.08846601775	2.000210408838077	-0.011489576049349087	1.9997868710317521	-0.01148957574967712	
350.60174014062	2.000210427597664	-0.0114072720170533	1.9997868896647288	-0.011407271721513694	
353.11501426349	2.000210445971667	-0.011326138694147421	1.999786907914723	-0.01132613840266307	
355.62828838636	2.000210463970575	-0.01124615128229863	1.9997869257922207	-0.011246150994769777	
358.14156250924	2.0002104816045168	-0.011167285686640016	1.9997869433073534	-0.011167285402999138	
360.65483663211	2.0002104988833818	-0.011089518457914652	1.9997869604697098	-0.0110895181780784	
363.16811075498	2.000210515816732	-0.011012826819910608	1.9997869772889516	-0.011012826543801733	
365.68138487785	2.000210532413514	-0.010937188613445024	1.999786993774025	-0.010937188340983289	
368.19465900072	2.000210548682972	-0.010862582283499147	1.999787009933975	-0.010862582014630286	
370.7079331236	2.0002105646332606	-0.010788986866549373	1.9997870257769552	-0.010788986601186008	
373.22120724647	2.000210580272954	-0.010716381938941266	1.9997870413114414	-0.010716381677031865	
375.73448136934	2.000210595609961	-0.010644747646778637	1.9997870565453404	-0.010644747388238436	
378.24775549221	2.0002106106521302	-0.010574064655065551	1.999787071486402	-0.010574064399834512	
380.76102961508	2.000210625407063	-0.010504314138511371	1.9997870861422278	-0.010504313886534096	
383.27430373795	2.0002106398819235	-0.010435477764780767	1.9997871005197814	-0.01043547751598749	
385.78757786083	2.000210654083846	-0.01036753768724278	1.9997871146263968	-0.010367537441574282	
388.3008519837	2.0002106680196428	-0.010300476495353842	1.999787128468687	-0.010300476252758425	
390.81412610657	2.000210681695916	-0.010234277250534779	1.9997871420530542	-0.010234277010955195	
393.32740022944	2.0002106951191627	-0.010168923438600872	1.999787155386294	-0.010168923201975294	
395.84067435231	2.0002107082953815	-0.010104398963949855	1.9997871684741069	-0.010104398730219831	
398.35394847519	2.0002107212307836	-0.010040688144824938	1.9997871813227026	-0.010040687913946349	
400.86722259806	2.0002107339312953	-0.009977775667401276	1.9997871939382086	-0.0099777754393272	
403.38049672093	2.0002107464025682	-0.009915646623659714	1.999787206325776	-0.009915646398321752	
405.8937708438	2.0002107586498843	-0.00985428646608275	1.9997872184909864	-0.009854286243442763	
408.40704496667	2.000210770679061	-0.009793681004653075	1.999787230439458	-0.009793680784661373	
410.92031908954	2.000210782494359	-0.009733816395851658	1.9997872421756502	-0.0097338161784574	
413.43359321242	2.000210794101585	-0.009674679140924758	1.999787253705071	-0.009674678926085109	
415.94686733529	2.000210805505701	-0.00961625604141977	1.9997872650326818	-0.009616255829086581	
418.46014145816	2.0002108167109256	-0.009558534240917212	1.9997872761628015	-0.009558534031058379	
420.97341558103	2.000210827722041	-0.009501501181024875	1.9997872871001126	-0.009501500973586397	
423.4866897039	2.0002108385437993	-0.009445144600663391	1.9997872978494657	-0.009445144395607064	
425.99996382678	2.000210849180122	-0.009389452536599193	1.9997873084144835	-0.009389452333883571	
428.51323794965	2.0002108596356085	-0.009334413280115295	1.9997873187998663	-0.009334413079695146	
431.02651207252	2.0002108699138414	-0.009280015420804803	1.999787329009194	-0.009280015222637923	
433.53978619539	2.000210880019185	-0.009226247803495272	1.9997873390469338	-0.009226247607565014	
436.05306031826	2.0002108899551954	-0.00917309953018495	1.99978734891634	-0.009173099336437646	
438.56633444114	2.0002108997264196	-0.009120559960589456	1.99978735862206	-0.009120559768986748	
441.07960856401	2.000210909335601	-0.009068618671532734	1.9997873681669378	-0.009068618482051866	
443.59288268688	2.000210918786885	-0.009017265499964403	1.9997873775547168	-0.009017265312560323	
446.10615680975	2.0002109280833156	-0.008966490504098838	1.9997873867889437	-0.008966490318743343	
448.61943093262	2.0002109372286463	-0.008916283964260394	1.999787395872871	-0.008916283780908139	
451.13270505549	2.000210946225739	-0.008866636376759114	1.9997874048096604	-0.00886663619539206	
453.64597917837	2.0002109550778684	-0.008817538456513735	1.999787413602486	-0.008817538277087462	
456.15925330124	2.0002109637886227	-0.008768981098578706	1.9997874222547365	-0.008768980921072261	
458.67252742411	2.0002109723604082	-0.008720955420548064	1.9997874307690187	-0.008720955244923171	
461.18580154698	2.0002109807964525	-0.008673452726482183	1.9997874391485597	-0.008673452552713207	
463.69907566985	2.000210989099505	-0.008626464508138946	1.9997874473958088	-0.008626464336195391	
466.21234979273	2.000210997272641	-0.008579982448436574	1.9997874555140414	-0.008579982278288656	
468.7256239156	2.000211005318062	-0.008533998384334624	1.9997874635054596	-0.008533998215957449	
471.23889803847	2.0002110132388022	-0.008488504350436797	1.9997874713730965	-0.008488504183800458	
473.75217216134	2.0002110210373254	-0.008443492542489524	1.9997874791191166	-0.0084434923775681	
476.26544628421	2.00021102871653	-0.008398955320550626	1.999787486746718	-0.008398955157319225	
478.77872040708	2.000211036277551	-0.008354885204917055	1.9997874942569362	-0.008354885043343927	
481.29199452996	2.0002110437242617	-0.008311274880216518	1.9997875016536442	-0.008311274720294661	
483.80526865283	2.0002110510584745	-0.008268117157818732	1.9997875089385542	-0.008268116999499336	
486.3185427757	2.0002110582822445	-0.008225405022557149	1.9997875161137217	-0.008225404865820303	
488.83181689857	2.00021106539787	-0.00818313159401892	1.9997875231814448	-0.008183131438847007	
491.34509102144	2.0002110724074953	-0.008141290134918478	1.9997875301438668	-0.00814128998129514	
493.85836514432	2.0002110793133094	-0.008099874050468423	1.9997875370032783	-0.008099873898373995	
496.37163926719	2.0002110861175515	-0.008058876855948168	1.9997875437616184	-0.008058876705338612	
498.88491339006	2.0002110928218113	-0.008018292221339016	1.9997875504206755	-0.008018292072210942	
501.39818751293	2.0002110994279283	-0.007978113935936759	1.9997875569823904	-0.007978113788249908	
503.9114616358	2.0002111059384964	-0.007938335911721701	1.9997875634489557	-0.007938335765477623	
506.42473575867	2.000211112354762	-0.007898952182479949	1.9997875698219192	-0.007898952037626512	
508.93800988155	2.000211118678729	-0.00785995690745331	1.9997875761032837	-0.007859956764000087	
511.45128400442	2.0002111249121564	-0.007821344336013615	1.9997875822946087	-0.007821344193929556	
513.96455812729	2.000211131056762	-0.007783108854771697	1.9997875883978127	-0.007783108714044838	
516.47783225016	2.0002111371143236	-0.007745244951018817	1.9997875944144718	-0.00774524481161777	
518.99110637303	2.000211143086178	-0.007707747219457457	1.9997876003460242	-0.007707747081368985	
521.50438049591	2.000211148974525	-0.007670610366963113	1.9997876061944688	-0.007670610230169939	
524.01765461878	2.0002111547802253	-0.007633829176659303	1.9997876119610667	-0.007633829041136007	
526.53092874165	2.0002111605053043	-0.007597398556591891	1.999787617647444	-0.007597398422323171	
529.04420286452	2.000211166151052	-0.007561313503879163	1.99978762325499	-0.007561313370855257	
531.55747698739	2.0002111717189246	-0.007525569109521831	1.9997876287852605	-0.007525568977718787	
534.07075111026	2.000211177210144	-0.00749016055705234	1.9997876342392777	-0.007490160426464145	
536.58402523314	2.000211182626899	-0.007455083129754387	1.9997876396193315	-0.007455083000351216	
539.09729935601	2.000211187970049	-0.007420332172720792	1.9997876449262797	-0.0074203320444989306	
541.61057347888	2.0002111932402213	-0.007385903143143835	1.9997876501608498	-0.00738590301607735	
544.12384760175	2.0002111984398123	-0.007351791573815516	1.9997876553251392	-0.007351791447888077	
546.63712172462	2.000211203569291	-0.007317993081366391	1.999787660419916	-0.007317992956556643	
549.1503958475	2.0002112086307977	-0.007284503368503476	1.9997876654471207	-0.007284503244816023	
551.66366997037	2.000211213624744	-0.007251318193612398	1.999787670407266	-0.00725131807102164	
554.17694409324	2.0002112185525163	-0.007218433416380377	1.9997876753016361	-0.0072184332948750565	
556.69021821611	2.0002112234155733	-0.007185844963650959	1.999787680131792	-0.007185844843207373	
559.20349233898	2.00021122821465	-0.007153548835580846	1.9997876848983671	-0.0071535487161839585	
561.71676646185	2.0002112329510555	-0.007121541104388693	1.9997876896025708	-0.007121540986053108	
564.23004058473	2.0002112376260746	-0.007089817921194424	1.9997876942458883	-0.007089817803881971	
566.7433147076	2.000211242240369	-0.007058375479525402	1.9997876988289813	-0.0070583753632194645	
569.25658883047	2.0002112467953777	-0.00702721006748556	1.9997877033530884	-0.007027209952177348	
571.76986295334	2.000211251291417	-0.006996318027954291	1.9997877078186266	-0.006996317913640025	
574.28313707621	2.000211255730482	-0.006965695771532942	1.9997877122276897	-0.006965695658190878	
576.79641119909	2.0002112601127457	-0.0069353397770839246	1.9997877165802525	-0.0069353396646989265	
579.30968532196	2.000211264439662	-0.006905246562047216	1.9997877208778672	-0.006905246450608663	
581.82295944483	2.000211268712063	-0.006875412727883562	1.999787725121367	-0.006875412617393231	
584.3362335677	2.000211272930362	-0.006845834928264857	1.999787729311065	-0.006845834818694338	
586.84950769057	2.000211277096354	-0.006816509873503584	1.9997877334489556	-0.006816509764853662	
589.36278181345	2.000211281210314	-0.006787434339493677	1.999787737535014	-0.006787434231742027	
591.87605593632	2.0002112852728993	-0.006758605131670151	1.999787741570198	-0.00675860502481243	
594.38933005919	2.000211289285449	-0.006730019136124472	1.999787745555647	-0.006730019030147743	
596.90260418206	2.0002112932488867	-0.006701673282745294	1.9997877494922833	-0.006701673177640186	
599.41587830493	2.0002112971635175	-0.006673564553130238	1.9997877533805128	-0.006673564448882767	
601.9291524278	2.0002113010304305	-0.006645689980091993	1.9997877572213243	-0.006645689876693943	
604.44242655068	2.0002113048502985	-0.006618046657165824	1.9997877610153911	-0.006618046554598452	
606.95570067355	2.000211308623679	-0.006590631696699565	1.9997877647633706	-0.006590631594960792	
609.46897479642	2.0002113123520138	-0.0065634422876080295	1.9997877684666048	-0.006563442186698348	
611.98224891929	2.000211316035031	-0.006536475656203005	1.999787772124921	-0.00653647555609687	
614.49552304216	2.0002113196743436	-0.006509729075373351	1.9997877757398321	-0.00650972897606507	
617.00879716504	2.000211323270249	-0.006483199870127711	1.9997877793115366	-0.006483199771610536	
619.52207128791	2.0002113268235324	-0.006456885385462998	1.9997877828410189	-0.006456885287724549	
622.03534541078	2.000211330334665	-0.0064307830341621035	1.9997877863286504	-0.006430782937192642	
624.54861953365	2.0002113338045047	-0.006404890262888309	1.999787789775189	-0.0064048901666838385	
627.06189365652	2.0002113372334964	-0.006379204560132453	1.9997877931813797	-0.006379204464670227	
629.57516777939	2.000211340622673	-0.006353723454026674	1.9997877965479551	-0.006353723359323279	
632.08844190227	2.000211343972354	-0.006328444522559682	1.999787799875235	-0.006328444428584151	
634.60171602514	2.0002113472831473	-0.0063033653556392654	1.9997878031640282	-0.006303365262396759	
637.11499014801	2.000211350555751	-0.006278483607911802	1.9997878064148304	-0.00627848351538371	
639.62826427088	2.0002113537906485	-0.006253796962295544	1.999787809628327	-0.006253796870468987	
642.14153839375	2.0002113569885136	-0.0062293031383218326	1.9997878128049915	-0.006229303047204461	
644.65481251663	2.00021136014991	-0.006204999900781479	1.999787815945387	-0.006204999810353667	
647.1680866395	2.0002113632752896	-0.006180885023535291	1.9997878190502651	-0.006180884933803037	
649.68136076237	2.0002113663651935	-0.006156956340353151	1.9997878221196683	-0.0061569562512978696	
652.19463488524	2.000211369420353	-0.006133211711217636	1.9997878251548271	-0.006133211622830061	
654.70790900811	2.0002113724410906	-0.0061096490281678986	1.9997878281556636	-0.006109648940438374	
657.22118313098	2.000211375428117	-0.006086266216175376	1.9997878311230892	-0.006086266129097268	
659.73445725386	2.0002113783816347	-0.0060630612410342	1.9997878340573065	-0.006063061154612475	
662.24773137673	2.000211381302337	-0.006040032074160472	1.9997878369590076	-0.006040031988382018	
664.7610054996	2.000211384190707	-0.006017176742199599	1.999787839828577	-0.006017176657054499	
667.27427962247	2.00021138704722	-0.005994493294906856	1.999787842666489	-0.005994493210386706	
669.78755374534	2.0002113898723413	-0.005971979809998522	1.9997878454733098	-0.0059719797260906135	
672.30082786822	2.0002113926664298	-0.005949634403405043	1.9997878482492972	-0.005949634320115482	
674.81410199109	2.0002113954301333	-0.005927455193562576	1.9997878509951	-0.005927455110879356	
677.32737611396	2.0002113981636933	-0.005905440352777246	1.9997878537110596	-0.005905440270690163	
679.84065023683	2.000211400867743	-0.005883588070997784	1.9997878563977087	-0.005883587989505423	
682.3539243597	2.000211403542308	-0.005861896565919189	1.999787859055173	-0.00586189648501813	
684.86719848257	2.0002114061883054	-0.005840364080522064	1.9997878616841696	-0.005840364000201188	
687.38047260545	2.000211408806246	-0.0058189888933061935	1.999787864285409	-0.005818988813555169	
689.89374672832	2.000211411395131	-0.005797769280858256	1.999787866857794	-0.005797769201680937	
692.40702085119	2.000211413957458	-0.00577670357092582	1.9997878694039202	-0.005776703492305251	
694.92029497406	2.000211416492615	-0.005755790106838436	1.9997878719229762	-0.005755790028782945	
697.43356909693	2.000211419000483	-0.005735027256374957	1.9997878744150437	-0.005735027178861553	
699.94684321981	2.000211421482238	-0.0057144134176412105	1.9997878768810982	-0.0057144133406756975	
702.46011734268	2.0002114239381488	-0.005693946988213935	1.9997878793215078	-0.0056939469117828845	
704.97339146555	2.000211426367776	-0.0056736264114274374	1.9997878817359347	-0.005673626335532015	
707.48666558842	2.0002114287724764	-0.005653450145902331	1.9997878841256347	-0.00565345007053177	
709.99993971129	2.000211431152	-0.005633416670974723	1.9997878864903573	-0.005633416596130526	
712.51321383417	2.000211433507089	-0.00561352449632789	1.999787888830746	-0.00561352442200576	
715.02648795704	2.0002114358377825	-0.005593772126444528	1.9997878911470386	-0.005593772052621522	
717.53976207991	2.0002114381445115	-0.005574158112621307	1.999787893439467	-0.0055741580393117605	
720.05303620278	2.0002114404276017	-0.0055546810171401995	1.999787895708557	-0.005554680944327128	
722.56631032565	2.0002114426874753	-0.005535339422092155	1.9997878979545298	-0.00553533934978424	
725.07958444852	2.0002114449243455	-0.005516131929096239	1.9997879001776	-0.005516131857265522	
727.5928585714	2.000211447138524	-0.0054970571678556865	1.9997879023782776	-0.00549705709651309	
730.10613269427	2.0002114493303145	-0.005478113760250737	1.9997879045566673	-0.005478113689398647	
732.61940681714	2.000211451500016	-0.0054593003727972204	1.9997879067132687	-0.00545930030241589	
735.13268094001	2.000211453647824	-0.005440615681545266	1.9997879088480757	-0.005440615611631908	
737.64595506288	2.000211455774327	-0.005422058379795585	1.9997879109616785	-0.005422058310353582	
740.15922918576	2.0002114578795105	-0.005403627187818492	1.9997879130541614	-0.005403627118836887	
742.67250330863	2.000211459963654	-0.005385320816218887	1.9997879151258044	-0.005385320747694987	
745.1857774315	2.000211462027533	-0.005367138019695673	1.9997879171773831	-0.005367137951627541	
747.69905155437	2.000211464070619	-0.005349077558703143	1.9997879192081685	-0.005349077491081006	
750.21232567724	2.0002114660942776	-0.005331138212156975	1.999787921219726	-0.00533113814497542	
752.72559980011	2.0002114680977705	-0.005313318773414956	1.999787923211419	-0.005313318706675925	
755.23887392299	2.0002114700810565	-0.005295618062117857	1.9997879251829043	-0.005295617995809956	
757.75214804586	2.000211472045588	-0.005278034884939557	1.9997879271358356	-0.005278034819063926	
760.26542216873	2.0002114739907157	-0.005260568091860708	1.9997879290694627	-0.00526056802641387	
762.7786962916	2.000211475917884	-0.0052432165385939734	1.9997879309853306	-0.005243216473567087	
765.29197041447	2.000211477825435	-0.005225979094899006	1.9997879328815809	-0.005225979030291096	
767.80524453735	2.0002114797150057	-0.005208854654195053	1.9997879347601513	-0.005208854590003587	
770.31851866022	2.00021148158643	-0.0051918420984354684	1.9997879366206752	-0.005191842034650463	
772.83179278309	2.0002114834401383	-0.0051749403502378746	1.999787938463583	-0.005174940286868009	
775.34506690596	2.000211485275957	-0.0051581483348195145	1.9997879402888015	-0.005158148271848015	
777.85834102883	2.0002114870945085	-0.005141464993849421	1.9997879420967526	-0.005141464931283554	
780.3716151517	2.000211488895812	-0.0051248892810648134	1.9997879438876558	-0.0051248892188865995	
782.88488927458	2.000211490679784	-0.005108420171861612	1.9997879456614274	-0.0051084201100723235	
785.39816339745	2.000211492447537	-0.005092056629265637	1.9997879474190794	-0.005092056567861986	
787.91143752032	2.000211494198579	-0.0050757976544622	1.9997879491600212	-0.005075797593444646	
790.42471164319	2.000211495933217	-0.005059642253437704	1.9997879508847585	-0.005059642192795362	
792.93798576606	2.0002114976514527	-0.0050435894431216655	1.999787952593194	-0.005043589382860073	
795.45125988894	2.0002114993540863	-0.005027638262695669	1.9997879542861272	-0.005027638202802534	
797.96453401181	2.000211501040814	-0.005011787736401023	1.9997879559632545	-0.005011787676883683	
800.47780813468	2.0002115027119287	-0.004996036926994212	1.9997879576248696	-0.004996036867842148	
802.99108225755	2.0002115043677224	-0.004980384899905136	1.9997879592712622	-0.004980384841113864	
805.50435638042	2.000211506008481	-0.004964830731395569	1.9997879609027205	-0.004964830672965864	
808.01763050329	2.0002115076339897	-0.004949373510016296	1.9997879625191286	-0.004949373451946959	
810.53090462617	2.00021150924463	-0.0049340123435676	1.999787964120669	-0.0049340122858473785	
813.04417874904	2.0002115108406815	-0.004918746325373754	1.9997879657078204	-0.004918746268005631	
815.55745287191	2.000211512422821	-0.004903574584377826	1.9997879672810588	-0.004903574527354532	
818.07072699478	2.000211513989921	-0.004888496253039094	1.9997879688393587	-0.004888496196356486	
820.58400111765	2.0002115155431532	-0.004873510473188718	1.9997879703840906	-0.004873510416852399	
823.09727524053	2.0002115170825863	-0.004858616405175358	1.9997879719148233	-0.004858616349163965	
825.6105493634	2.000211518607686	-0.004843813195253777	1.9997879734315227	-0.004843813139588084	
828.12382348627	2.000211520120016	-0.004829100024378732	1.9997879749353524	-0.004829099969047451	
830.63709760914	2.0002115216184375	-0.0048144760755834725	1.999787976425574	-0.004814476020574652	
833.15037173201	2.0002115231033093	-0.004799940540406357	1.999787977902145	-0.004799940485727072	
835.66364585488	2.0002115245756875	-0.004785492620593529	1.9997879793664228	-0.004785492566231196	
838.17691997776	2.000211526034726	-0.004771131536640833	1.9997879808174612	-0.004771131482603808	
840.69019410063	2.0002115274809773	-0.004756856491794816	1.9997879822557119	-0.004756856438073574	
843.2034682235	2.0002115289143902	-0.004742666724625117	1.999787983681225	-0.004742666671210082	
845.71674234637	2.0002115303354127	-0.004728561474062466	1.9997879850944469	-0.004728561420965481	
848.23001646924	2.0002115317443896	-0.004714539987841814	1.999787986495724	-0.00471453993505626	
850.74329059212	2.000211533140865	-0.004700601530503879	1.9997879878845988	-0.004700601478023872	
853.25656471499	2.000211534525279	-0.004686745351290203	1.9997879892614123	-0.0046867452991137815	
855.76983883786	2.000211535897071	-0.004672970731809402	1.9997879906258038	-0.0046729706799306485	
858.28311296073	2.000211537257978	-0.004659276955006114	1.9997879919792105	-0.004659276903419925	
860.7963870836	2.000211538607035	-0.004645663311556956	1.9997879933209675	-0.004645663260276166	
863.30966120648	2.000211539943875	-0.004632129107456952	1.9997879946505075	-0.004632129056467828	
865.82293532935	2.00021154126973	-0.004618673633410319	1.999787995969162	-0.004618673582712154	
868.33620945222	2.0002115425844287	-0.004605296213541377	1.9997879972767605	-0.004605296163130189	
870.84948357509	2.0002115438880987	-0.004591996169152141	1.9997879985733304	-0.00459199611902388	
873.36275769796	2.0002115451797664	-0.004578772832343621	1.9997879998579977	-0.004578772782505562	
875.87603182083	2.000211546461555	-0.004565625539871434	1.9997880011328861	-0.004565625490302682	
878.38930594371	2.000211547732187	-0.004552553646582785	1.9997880023966177	-0.004552553597303372	
880.90258006658	2.000211548992683	-0.004539556488166581	1.9997880036503137	-0.004539556439159364	
883.41585418945	2.000211550241362	-0.004526633433651428	1.9997880048922922	-0.004526633384923392	
885.92912831232	2.0002115514804406	-0.004513783851179027	1.9997880061247706	-0.004513783802717186	
888.44240243519	2.000211552709235	-0.0045010071143314935	1.9997880073468646	-0.004501007066139576	
890.95567655807	2.000211553927759	-0.004488302614871113	1.9997880085588882	-0.004488302566945383	
893.46895068094	2.0002115551361244	-0.004475669723131388	1.9997880097607537	-0.0044756696754732275	
895.98222480381	2.0002115563343428	-0.004463107844275813	1.9997880109524715	-0.004463107796875342	
898.49549892668	2.000211557523123	-0.00445061638034899	1.9997880121349516	-0.004450616333209834	
901.00877304955	2.000211558701973	-0.004438194739941009	1.9997880133075014	-0.004438194693058525	
903.52204717242	2.0002115598712993	-0.004425842339392461	1.9997880144705273	-0.004425842292763936	
906.0353212953	2.000211561030706	-0.004413558608496842	1.9997880156237342	-0.004413558562127574	
908.54859541817	2.000211562180998	-0.004401342958981332	1.9997880167678255	-0.004401342912862844	
911.06186954104	2.000211563321876	-0.004389194833863825	1.9997880179027034	-0.004389194787998276	
913.57514366391	2.000211564453241	-0.004377113674721004	1.9997880190279684	-0.004377113629098762	
916.08841778678	2.000211565575493	-0.004365098928462554	1.9997880201442197	-0.004365098883090812	
918.60169190966	2.000211566689129	-0.004353150055358157	1.9997880212518557	-0.004353150010223634	
921.11496603253	2.000211567793546	-0.004341266499305699	1.9997880223504727	-0.004341266454413729	
923.6282401554	2.00021156888924	-0.004329447732954856	1.999788023440266	-0.004329447688311296	
926.14151427827	2.000211569975604	-0.004317693227480209	1.9997880245208302	-0.0043176931830709395	
928.65478840114	2.0002115710546318	-0.004306002458256938	1.9997880255941578	-0.00430600241408415	
931.16806252401	2.0002115721239146	-0.004294374909251214	1.9997880266577404	-0.004294374865308936	
933.68133664689	2.0002115731850427	-0.0042828100759482145	1.999788027713268	-0.004282810032241785	
936.19461076976	2.0002115742380053	-0.004271307433607418	1.9997880287606307	-0.004271307390129691	
938.70788489263	2.000211575282291	-0.0042598664915884914	1.9997880297993158	-0.004259866448344949	
941.2211590155	2.0002115763187858	-0.004248486752449409	1.9997880308303106	-0.0042484867094320445	
943.73443313837	2.000211577346676	-0.0042371677261248426	1.9997880318528007	-0.004237167683332071	
946.24770726125	2.000211578367146	-0.004225908935018456	1.9997880328678708	-0.004225908892448121	
948.76098138412	2.00021157937868	-0.004214709883113622	1.9997880338740042	-0.00421470984075957	
951.27425550699	2.000211580383059	-0.004203570103069413	1.999788034872983	-0.004203570060936211	
953.78752962986	2.0002115813796655	-0.004192489124379682	1.9997880358642897	-0.004192489082475729	
956.30080375273	2.00021158236828	-0.004181466482758001	1.9997880368477037	-0.004181466441058603	
958.8140778756	2.0002115833493805	-0.004170501717718941	1.9997880378235042	-0.004170501676232712	
961.32735199848	2.0002115843230466	-0.0041595943815032526	1.99978803879207	-0.004159594340231841	
963.84062612135	2.000211585288955	-0.004148744007184204	1.9997880397528782	-0.004148743966132671	
966.35390024422	2.0002115862475818	-0.004137950157461552	1.9997880407064046	-0.0041379501166176735	
968.86717436709	2.0002115871987023	-0.0041272123907697645	1.999788041652525	-0.004127212350130129	
971.38044848996	2.000211588143091	-0.004116530269579596	1.999788042591914	-0.004116530229149811	
973.89372261284	2.0002115890803216	-0.004105903371519002	1.999788043524144	-0.0041059033312972944	
976.40699673571	2.0002115900098656	-0.004095331251330845	1.999788044448788	-0.004095331211308356	
978.92027085858	2.0002115909322957	-0.004084813493768275	1.9997880453662178	-0.004084813453945661	
981.43354498145	2.000211591848382	-0.004074349680604453	1.999788046277504	-0.00407434964098729	
983.94681910432	2.000211592757294	-0.004063939396307431	1.999788047181516	-0.004063939356887502	
986.4600932272	2.0002115936595013	-0.004053582239498765	1.9997880480790229	-0.004053582200276368	
988.97336735007	2.0002115945545706	-0.004043277786558304	1.9997880489693927	-0.004043277747533262	
991.48664147294	2.0002115954435706	-0.004033025644598503	1.9997880498535923	-0.004033025605761249	
993.99991559581	2.0002115963256673	-0.004022825414838612	1.9997880507309884	-0.004022825376196894	
996.51318971868	2.000211597201125	-0.004012676703597584	1.9997880516018463	-0.004012676665147959	
999.02646384155	2.00021159807011	-0.004002579120627964	1.9997880524662308	-0.0040025790823672094	
1001.5397379644	2.000211598932785	-0.003992532262990106	1.999788053324406	-0.003992532224922814	
1004.0530120873	2.000211599788814	-0.003982535808488353	1.9997880541758344	-0.003982535770606626	
1006.5662862102	2.0002116006386585	-0.003972589335448856	1.9997880550211788	-0.003972589297753811	
1009.079560333	2.0002116014821807	-0.003962692385109763	1.999788055860201	-0.003962692347600431	
1011.5928344559	2.0002116023196415	-0.00395284475574002	1.9997880566932613	-0.003952844718411942	
1014.1061085788	2.0002116031512003	-0.0039430459956541685	1.99978805752042	-0.003943045958508507	
1016.6193827017	2.000211603976617	-0.003933295741795253	1.9997880583414367	-0.00393329570483158	
1019.1326568245	2.00021160479575	-0.0039235935486514216	1.9997880591562696	-0.003923593511868318	
1021.6459309474	2.0002116056091572	-0.003913939229326817	1.9997880599652766	-0.003913939192719177	
1024.1592050703	2.000211606416596	-0.0039043323476939786	1.9997880607685152	-0.003904332311266312	
1026.6724791931	2.000211607218023	-0.0038947724684108512	1.9997880615657422	-0.003894772432154684	
1029.185753316	2.000211608013994	-0.003885259415121373	1.9997880623574127	-0.0038852593790418394	
1031.6990274389	2.0002116088042636	-0.0038757927610348912	1.9997880631434823	-0.0038757927251255324	
1034.2123015618	2.000211609588787	-0.0038663721665847415	1.9997880639239058	-0.003866372130850915	
1036.7255756846	2.000211610367618	-0.0038569972112655615	1.9997880646985364	-0.0038569971756994424	
1039.2388498075	2.0002116111409096	-0.003847667732035092	1.999788065467828	-0.0038476676966400602	
1041.7521239304	2.0002116119089144	-0.0038383833149258765	1.9997880662316327	-0.0038383832797008223	
1044.2653980532	2.000211612671184	-0.0038291435487124454	1.9997880669900028	-0.003829143513649375	
1046.7786721761	2.000211613428271	-0.00381994827947074	1.9997880677429891	-0.0038199482445764703	
1049.291946299	2.000211614179825	-0.003810797103586597	1.999788068490643	-0.003810797068852756	
1051.8052204219	2.000211614926197	-0.003801689703116549	1.9997880692330146	-0.0038016896685472753	
1054.3184945447	2.0002116156673355	-0.003792625679892541	1.9997880699701531	-0.0037926256454921758	
1056.8317686676	2.00021161640329	-0.0037836048926013985	1.9997880707022075	-0.003783604858354909	
1059.3450427905	2.000211617133909	-0.0037746269491717595	1.9997880714289265	-0.0037746269150893126	
1061.8583169134	2.0002116178595406	-0.003765691542558458	1.999788072150758	-0.0037656915086308387	
1064.3715910362	2.0002116185802317	-0.0037567982887393276	1.999788072867649	-0.003756798254973424	
1066.8848651591	2.000211619295929	-0.003747947056157202	1.9997880735795464	-0.0037479470225479177	
1069.398139282	2.000211620006379	-0.0037391374647555158	1.999788074286196	-0.003739137431300862	
1071.9114134048	2.0002116207122276	-0.0037303691353969947	1.999788074988344	-0.0037303691020941984	
1074.4246875277	2.000211621413119	-0.003721641947161778	1.9997880756854356	-0.0037216419140173665	
1076.9379616506	2.000211622109098	-0.003712955527533693	1.9997880763777152	-0.0037129554945415106	
1079.4512357735	2.00021162280041	-0.0037043095904021705	1.9997880770654266	-0.0037043095575622683	
1081.9645098963	2.0002116234868974	-0.003695703768692647	1.999788077748214	-0.00369570373600068	
1084.4777840192	2.0002116241685037	-0.003687137952012144	1.99978807842622	-0.0036871379194668903	
1086.9910581421	2.0002116248457713	-0.0036786117777135975	1.9997880790998876	-0.00367861174531763	
1089.5043322649	2.0002116255184426	-0.003670124886562832	1.9997880797689587	-0.0036701248543174465	
1092.0176063878	2.000211626186359	-0.003661677175134079	1.999788080433275	-0.0036616771430305704	
1094.5308805107	2.000211626849862	-0.0036532682891527645	1.9997880810932778	-0.0036532682571956423	
1097.0441546336	2.000211627508792	-0.0036448979612827186	1.9997880817487077	-0.0036448979294680995	
1099.5574287564	2.000211628163389	-0.00363656584179877	1.9997880823998049	-0.003636565810130978	
1102.0707028793	2.000211628813494	-0.003628271837579844	1.9997880830464094	-0.0036282718060534134	
1104.5839770022	2.000211629459245	-0.003620015604159565	1.9997880836887607	-0.003620015572774039	
1107.097251125	2.000211630100882	-0.0036117967985173642	1.9997880843268971	-0.0036117967672755946	
1109.6105252479	2.0002116307379425	-0.0036036153349669644	1.9997880849606577	-0.0036036153038582126	
1112.1237993708	2.000211631370865	-0.0035954708760965962	1.9997880855901802	-0.0035954708451261274	
1114.6370734937	2.0002116319994876	-0.0035873631706434764	1.9997880862155026	-0.003587363139810871	
1117.1503476165	2.0002116326239467	-0.003579291885659938	1.9997880868365616	-0.0035792918549686784	
1119.6636217394	2.00021163324438	-0.0035712569441016004	1.9997880874537945	-0.003571256913541977	
1122.1768958623	2.0002116338607228	-0.0035632580174030926	1.9997880880667376	-0.003563257986981409	
1124.6901699851	2.000211634472812	-0.0035552947792320366	1.9997880886756265	-0.0035552947489487998	
1127.203444108	2.0002116350809827	-0.0035473671587075532	1.9997880892805975	-0.003547367128552982	
1129.7167182309	2.0002116356852704	-0.003539474834089869	1.999788089881585	-0.0035394748040651885	
1132.2299923538	2.00021163628561	-0.003531617569863307	1.9997880904787246	-0.003531617539972044	
1134.7432664766	2.000211636881836	-0.0035237950478949854	1.99978809107175	-0.0035237950181296897	
1137.2565405995	2.000211637474482	-0.0035160072066055363	1.999788091661196	-0.003516007176978044	
1139.7698147224	2.0002116380627823	-0.00350825373165977	1.9997880922463962	-0.0035082537021566456	
1142.2830888452	2.0002116386477695	-0.003500534311564219	1.9997880928282834	-0.0035005342821907153	
1144.7963629681	2.0002116392286773	-0.0034928488902512974	1.999788093406091	-0.0034928488610041866	
1147.309637091	2.000211639805538	-0.0034851971602532284	1.9997880939798516	-0.0034851971311317914	
1149.8229112139	2.0002116403792836	-0.0034775788999978356	1.9997880945504973	-0.0034775788709976514	
1152.3361853367	2.000211640949147	-0.003469993805874937	1.99978809511736	-0.0034699937769990968	
1154.8494594596	2.000211641515158	-0.003462441829371554	1.9997880956803717	-0.0034624418006218554	
1157.3627335825	2.00021164207765	-0.0034549226707560068	1.9997880962397632	-0.003454922642133953	
1159.8760077054	2.0002116426365526	-0.003447436116476213	1.9997880967957655	-0.0034474360879723186	
1162.3892818282	2.000211643191796	-0.0034399818700643955	1.9997880973481095	-0.003439981841680473	
1164.9025559511	2.000211643743612	-0.0034325598909739703	1.9997880978969251	-0.003432559862713348	
1167.415830074	2.0002116442919293	-0.00342516988633446	1.999788098442242	-0.0034251698581929694	
1169.9291041968	2.0002116448367775	-0.0034178115654402807	1.9997880989841905	-0.003417811537419557	
1172.4423783197	2.0002116453780867	-0.003410484893348453	1.9997880995225994	-0.003410484865446441	
1174.9556524426	2.000211645915985	-0.003403189582310592	1.999788100057698	-0.0034031895545248467	
1177.4689265655	2.0002116464506017	-0.003395925431536021	1.9997881005894147	-0.0033959254038688946	
1179.9822006883	2.0002116469817652	-0.0033886921574558526	1.999788101117778	-0.0033886921299000087	
1182.4954748112	2.000211647509603	-0.0033814897314931084	1.999788101642816	-0.003381489704055415	
1185.0087489341	2.000211648034244	-0.003374317873421501	1.9997881021645563	-0.0033743178460981377	
1187.5220230569	2.0002116485555144	-0.003367176304737955	1.9997881026830269	-0.0033671762775279966	
1190.0352971798	2.0002116490734427	-0.0033600650019161796	1.9997881031982547	-0.00336006497481972	
1192.5485713027	2.0002116495882545	-0.0033529836900298973	1.9997881037102667	-0.0033529836630438246	
1195.0618454256	2.0002116500998772	-0.0033459321795378198	1.9997881042191896	-0.003345932152667639	
1197.5751195484	2.000211650608337	-0.003338910198476567	1.9997881047248496	-0.0033389101717186775	
1200.0883936713	2.000211651113561	-0.003331917730722954	1.9997881052274729	-0.00333191770407227	
1202.6016677942	2.0002116516156736	-0.0033249545070250966	1.9997881057267854	-0.0033249544804866337	
1205.114941917	2.0002116521148006	-0.003318020260127611	1.9997881062233127	-0.0033180202336949905	
1207.6282160399	2.0002116526107683	-0.00331111497899441	1.99978810671658	-0.003311114952671262	
1210.1414901628	2.0002116531037006	-0.003304238399035613	1.9997881072069126	-0.003304238372818767	
1212.6547642857	2.000211653593623	-0.003297390342797331	1.9997881076942348	-0.0032973903166862283	
1215.1680384085	2.00021165408056	-0.003290570549882883	1.9997881081785716	-0.0032905705238837663	
1217.6813125314	2.0002116545645356	-0.00328377901473588	1.999788108659947	-0.003283778988837599	
1220.1945866543	2.0002116550455744	-0.0032770154805718383	1.9997881091383856	-0.0032770154547803474	
1222.7078607771	2.000211655523699	-0.0032702796913131747	1.9997881096139105	-0.003270279665625433	
1225.2211349	2.000211655998834	-0.0032635716474655975	1.9997881100865456	-0.0032635716218827712	
1227.7344090229	2.000211656471203	-0.003256891097199625	1.9997881105564141	-0.0032568910717210844	
1230.2476831458	2.0002116569406283	-0.0032502378748980694	1.9997881110233393	-0.0032502378495246915	
1232.7609572686	2.000211657407333	-0.0032436117330008458	1.999788111487544	-0.0032436117077267075	
1235.2742313915	2.0002116578711395	-0.0032370126801719674	1.999788111948951	-0.0032370126549970545	
1237.7875055144	2.0002116583322707	-0.0032304404732523442	1.9997881124075818	-0.003230440448184949	
1240.3007796373	2.000211658790449	-0.003223894957144494	1.99978811286336	-0.003223894932172012	
1242.8140537601	2.0002116592460957	-0.0032173758956835267	1.9997881133165063	-0.0032173758708140573	
1245.327327883	2.0002116596989326	-0.0032108833104629564	1.9997881137669433	-0.003210883285690903	
1247.8406020059	2.0002116601490814	-0.003204416975069796	1.9997881142147922	-0.0032044169503998685	
1250.3538761287	2.000211660596464	-0.0031979766691461555	1.9997881146598744	-0.003197976644570169	
1252.8671502516	2.0002116610413005	-0.0031915624361321523	1.999788115102411	-0.003191562411650923	
1255.3804243745	2.0002116614834127	-0.003185174077853593	1.9997881155422232	-0.0031851740534752484	
