0.1570796326794897	1.0011443117661736	-0.010473759175656483	0.9990763082951543	-0.010423468448734634	
0.471238898038469	1.0011597630404878	-0.02771066713319796	0.9989611453487621	-0.02780175995095307	
0.7853981633974483	1.001295622426926	-0.04199790939292152	0.9987925311621199	-0.04203161116433642	
1.099557428756428	1.0013811499054575	-0.053610423102343145	0.9986984878218473	-0.053610157209580775	
1.413716694115407	1.0014985651519197	-0.06282289446922985	0.9987949359339492	-0.06312455248275162	
1.727875959474386	1.0015324257674674	-0.07067127863805371	0.9985130202868835	-0.07078599978339054	
2.042035224833366	1.0015082500649886	-0.07654980418373764	0.9986815874445791	-0.07626254362558456	
2.356194490192345	1.00181918717086	-0.08123818229073157	0.9986068409797383	-0.08095610606089622	
2.670353755551324	1.001944971723871	-0.08484258167098005	0.998499496128627	-0.08471706956152598	
2.984513020910303	1.0017513168441488	-0.08755701662829342	0.9985344801326069	-0.08741993334004515	
3.298672286269283	1.0014637312065902	-0.08961197667900375	0.9986451665232807	-0.08927673930647227	
3.612831551628262	1.0012901409957178	-0.09111694541672583	0.9987200783926672	-0.09055472876820385	
3.926990816987241	1.0012807801987647	-0.09208617072216191	0.9987160920381246	-0.0914164286524684	
4.241150082346221	1.001376117232238	-0.09252650213030582	0.9986520478117704	-0.09192613026852432	
4.5553093477052	1.0014920189790704	-0.09248695778905662	0.9985663003666296	-0.09210656534796574	
4.869468613064179	1.0015711456495626	-0.09205876176395068	0.9984872772650784	-0.09197974957048054	
5.183627878423159	1.001595107714993	-0.09135124328943836	0.9984252146290452	-0.09158089975188191	
5.497787143782138	1.0015746168865725	-0.09046676534968602	0.9983767089954624	-0.09095571834048777	
5.811946409141117	1.001533807916806	-0.08948527979655807	0.9983328108342816	-0.09015241576121302	
6.126105674500097	1.0014974712864233	-0.08845956677813464	0.9982854238839405	-0.08921490119903963	
6.440264939859075	1.0014838040163554	-0.08741794812364997	0.9982304909392041	-0.08817917404327896	
6.754424205218055	1.0015020310772498	-0.0863705890234009	0.9981684705008789	-0.08707258638461836	
7.068583470577035	1.0015531707131815	-0.08531643739494142	0.9981032388428932	-0.08591487841182428	
7.382742735936015	1.0016322856199216	-0.08424912525714959	0.9980404390539681	-0.08471994940722712	
7.696902001294992	1.0017310472016434	-0.08316119242290532	0.9979859379567101	-0.0834976686204438	
8.011061266653972	1.001839955259741	-0.08204664088525639	0.9979447037085007	-0.08225537218752099	
8.325220532012953	1.001949948526801	-0.08090214030766962	0.9979201732178705	-0.08099893580941436	
8.639379797371932	1.0020533862167775	-0.07972729222009174	0.9979140438695192	-0.0797334509941199	
8.95353906273091	1.0021445038586234	-0.07852432576573876	0.9979263707922941	-0.07846359175454909	
9.267698328089889	1.0022194880368138	-0.07729751381292023	0.9979558472103641	-0.0771937696205999	
9.58185759344887	1.0022763096554412	-0.07605250720572931	0.9980001661179497	-0.07592816182276543	
9.89601685880785	1.002314429304296	-0.07479570707603385	0.9980563901947365	-0.07467067616780046	
10.21017612416683	1.0023344567977208	-0.07353373684956067	0.9981212843712598	-0.07342489487023905	
10.52433538952581	1.0023378180833158	-0.07227303623627458	0.9981915877060922	-0.07219402219049353	
10.83849465488479	1.0023264597679205	-0.07101957552987018	0.9982642172024245	-0.0709808480947933	
11.15265392024377	1.0023026050137713	-0.06977867574778453	0.9983364064156912	-0.06978773186304398	
11.46681318560274	1.0022685637171072	-0.06855491484593881	0.998405787377116	-0.06861660471896482	
11.78097245096172	1.0022265934528534	-0.06735209950828291	0.9984704267596088	-0.06746898812586648	
12.0951317163207	1.0021788043834816	-0.06617328379290348	0.9985288274899309	-0.06634602353740296	
12.40929098167968	1.0021271001306282	-0.06502081885974159	0.9985799060468299	-0.06524850947886429	
12.72345024703866	1.00207314668031	-0.0638964212246692	0.9986229541156044	-0.06417694237747221	
13.03760951239764	1.0020183621581717	-0.06280125006396958	0.9986575915181521	-0.06313155830980753	
13.35176877775662	1.001963921390423	-0.06173598674740989	0.9986837156510877	-0.06211237358026838	
13.6659280431156	1.0019107703158916	-0.06070091195934591	0.9987014511786253	-0.06111922271691011	
13.98008730847458	1.0018596464031064	-0.05969597747990281	0.99871110249627	-0.06015179303227828	
14.29424657383356	1.0018111021814526	-0.05872087096906837	0.9987131105088473	-0.059209655320118036	
14.60840583919254	1.0017655297979111	-0.057775073024866196	0.9987080145307509	-0.05829229057960216	
14.92256510455152	1.0017231851422732	-0.05685790643495853	0.9986964195959549	-0.057399112891219434	
15.2367243699105	1.001684210651686	-0.055968577860944564	0.9986789690379584	-0.05652948860463589	
15.55088363526948	1.001648655949562	-0.05510621293533865	0.9986563222817076	-0.05568275261450583	
15.86504290062846	1.0016164972590635	-0.054269883716725476	0.9986291361998333	-0.054858220136831434	
16.17920216598743	1.0015876506711856	-0.05345863603690834	0.9985980542392814	-0.054055202033884836	
16.49336143134641	1.001561996158131	-0.05267149421911697	0.9985636859513902	-0.05327299723386708	
16.80752069670539	1.0015393603766014	-0.051907514772256205	0.9985266294829448	-0.05251094578283309	
17.12167996206437	1.0015196003415663	-0.051165698735461826	0.9984873882654682	-0.051768314598194	
17.43583922742335	1.0015024498987322	-0.05044521524402672	0.9984465457936709	-0.05104456619837123	
17.74999849278233	1.001487827143191	-0.049745005182871886	0.99840441697535	-0.0503388571136231	
18.06415775814131	1.001475377385466	-0.049064415872380605	0.9983616187490603	-0.049650842217761004	
18.37831702350029	1.0014650336267887	-0.04840240445652555	0.9983183064928786	-0.04897965020973856	
18.69247628885927	1.0014565595270037	-0.04775829976841024	0.9982749544148337	-0.0483248471011689	
19.00663555421825	1.0014496814621665	-0.04713137032662051	0.9982318570896956	-0.047685951985868245	
19.32079481957723	1.0014443604014127	-0.046520764392587004	0.9981891425170298	-0.04706220095330365	
19.6349540849362	1.0014403803904803	-0.04592591702162852	0.9981471379520023	-0.04645325699210019	
19.94911335029519	1.0014374774883958	-0.045346155048761515	0.9981060768636216	-0.045858658196081724	
20.26327261565417	1.00143563619298	-0.044780870529671585	0.9980659505829393	-0.045277818482536425	
20.57743188101315	1.001434731160757	-0.04422938896892267	0.9980270158560567	-0.04471022119781262	
20.89159114637213	1.001434553889967	-0.043691321799839526	0.9979893534057164	-0.04415570613853326	
21.2057504117311	1.0014349226993298	-0.04316605618250433	0.9979531158926185	-0.04361365427153234	
21.51990967709008	1.001435955121609	-0.042653127222077585	0.9979181933724185	-0.04308367182796889	
21.83406894244906	1.0014374632057257	-0.042152008118503906	0.9978847459014171	-0.04256535216248931	
22.14822820780804	1.0014392552381335	-0.0416623263427042	0.9978529017109596	-0.04205847279593647	
22.46238747316702	1.0014413181720774	-0.04118374038918118	0.9978225457423738	-0.04156271543467712	
22.776546738526	1.0014436312357566	-0.04071572024884144	0.9977936880118567	-0.04107747053773736	
23.09070600388498	1.0014461855799601	-0.04025788256881361	0.9977663733134411	-0.0406024883266185	
23.40486526924396	1.0014488590685584	-0.03980998619443176	0.9977405872101656	-0.040137719345473714	
23.71902453460294	1.0014514748375751	-0.039371674703563356	0.9977163511675354	-0.03968274988187652	
24.03318379996192	1.0014540850321678	-0.03894257713585665	0.9976936198192546	-0.03923710755600962	
24.3473430653209	1.001456821532615	-0.03852241543356729	0.9976722778263849	-0.03880060351094034	
24.66150233067987	1.0014595830278035	-0.03811090068685134	0.9976523230424347	-0.03837307453638627	
24.97566159603885	1.0014621792435325	-0.03770772669811643	0.997633823898955	-0.03795422804288998	
25.28982086139784	1.0014674291703356	-0.03726625972443239	0.9976440444723647	-0.037507004357937475	
25.60398012675681	1.001472463778042	-0.036835011662022146	0.9976538678828738	-0.037070198926680176	
25.91813939211579	1.0014772932373932	-0.03641362862245049	0.9976633130642375	-0.03664344872206465	
26.23229865747478	1.001481927110854	-0.036001779401640385	0.9976723978203639	-0.03622641400179176	
26.54645792283375	1.0014863743955307	-0.03559914145150353	0.997681138905046	-0.03581876407802726	
26.86061718819273	1.0014906435625925	-0.03520540980630881	0.9976895520952012	-0.035420186335945764	
27.17477645355171	1.001494742593521	-0.03482028860104403	0.997697652258218	-0.035030377627125124	
27.48893571891069	1.0014986790134757	-0.03444350576460013	0.9977054534139437	-0.034649059123086016	
27.80309498426967	1.0015024599220343	-0.03407479361602549	0.9977129687917953	-0.03427595665743401	
28.11725424962865	1.0015060920215342	-0.03371388832971284	0.9977202108834282	-0.0339108001740349	
28.43141351498763	1.001509581643245	-0.03336054778621018	0.9977271914913525	-0.03355334177478414	
28.74557278034661	1.0015129347715375	-0.03301453683681593	0.9977339217738478	-0.03320334079479368	
29.05973204570558	1.0015161570662365	-0.03267562998851617	0.9977404122864982	-0.03286056650724251	
29.37389131106457	1.0015192538833089	-0.032343607654479634	0.997746673020632	-0.03252479432008393	
29.68805057642355	1.001522230294025	-0.032018267367637014	0.997752713438928	-0.03219581710535832	
30.00220984178252	1.0015250911027225	-0.031699409946960896	0.9977585425084254	-0.031873431198304415	
30.3163691071415	1.0015278408632848	-0.031386838588430215	0.9977641687311501	-0.03155743547187136	
30.63052837250048	1.0015304838944457	-0.03108037000025854	0.997769600172552	-0.0312476425863338	
30.94468763785946	1.0015330242940086	-0.030779826586338946	0.9977748444879316	-0.030943871077750245	
31.25884690321844	1.0015354659520654	-0.03048504229929894	0.9977799089470155	-0.030645951266112418	
31.57300616857742	1.0015378125633094	-0.03019585324115249	0.9977848004568265	-0.030353715747929107	
31.8871654339364	1.0015400676384862	-0.029912097495506166	0.997789525582986	-0.030066999222272742	
32.20132469929538	1.0015422345150844	-0.029633624040307515	0.9977940905695644	-0.02978564749103821	
32.51548396465436	1.001544316367285	-0.029360286390264185	0.9977985013575976	-0.029509511028280994	
32.82964323001334	1.0015463162152656	-0.029091947010031316	0.9978027636023662	-0.02923844943304338	
33.14380249537232	1.0015482369338797	-0.02882847004751428	0.9978068826895337	-0.02897232408319553	
33.45796176073129	1.001550081260764	-0.028569721278614135	0.997810863750227	-0.028710998076465485	
33.77212102609028	1.001551851803928	-0.028315575219930746	0.9978147116751401	-0.02845434340999981	
34.08628029144926	1.0015535510488516	-0.028065909946670436	0.9978184311277303	-0.028202235741767754	
34.40043955680824	1.0015551813651253	-0.027820610309384187	0.9978220265565731	-0.027954557634802937	
34.71459882216722	1.0015567450126797	-0.027579562429807473	0.9978255022069391	-0.027711192995610933	
35.02875808752619	1.0015582441476198	-0.027342654115066426	0.9978288621316439	-0.027472027490020055	
35.34291735288517	1.0015596808276954	-0.02710978161445237	0.9978321102012273	-0.027236955361122132	
35.65707661824415	1.0015610570174358	-0.02688084292945963	0.9978352501135049	-0.027005872671929547	
35.97123588360313	1.0015623745929765	-0.0266557374207144	0.9978382854025388	-0.02677867690651715	
36.28539514896211	1.0015636353465867	-0.026434371330273567	0.9978412194470648	-0.026555272541027478	
36.59955441432109	1.0015648409909241	-0.026216652312789943	0.9978440554784154	-0.026335565521143498	
36.91371367968007	1.001565993163046	-0.026002489265694692	0.9978467965879716	-0.02611946308898512	
37.22787294503905	1.001567093428176	-0.025791797297548175	0.9978494457341758	-0.025906878794264582	
37.54203221039803	1.0015681432832453	-0.025584492805020263	0.9978520057491335	-0.02569772752421088	
37.85619147575701	1.0015691441602441	-0.02538049327449666	0.997854479344834	-0.02549192530194116	
38.17035074111599	1.0015700974293622	-0.02517972161753095	0.997856869119012	-0.025289393658392105	
38.48451000647496	1.0015710044019626	-0.024982101873268183	0.997859177560675	-0.025090055294697097	
38.79866927183394	1.001571866333378	-0.024787559078789146	0.997861407055318	-0.02489383395016564	
39.11282853719293	1.0015726844255566	-0.024596023184135438	0.9978635598898443	-0.02470065834952557	
39.42698780255191	1.001573459829553	-0.024407425169613674	0.997865638257214	-0.024510458284950094	
39.74114706791089	1.001574193647889	-0.024221696819243504	0.9978676442608326	-0.024323164386532373	
40.05530633326986	1.0015748869367758	-0.024038773928924027	0.997869579918701	-0.02413871135621739	
40.36946559862884	1.001575540708221	-0.023858593124524763	0.9978714471673383	-0.023957034757638062	
40.68362486398782	1.0015761559320162	-0.02368109203269797	0.9978732478654921	-0.02377807118744518	
40.9977841293468	1.0015767335376249	-0.02350621298034171	0.9978749837976506	-0.02360176200399958	
41.31194339470578	1.001577274415959	-0.023333899320948915	0.9978766566773659	-0.023428049622016382	
41.62610266006476	1.001577779421069	-0.023164094211241784	0.9978782681504034	-0.023256876278546213	
41.94026192542374	1.0015782493717424	-0.022996741648101247	0.9978798197977233	-0.023088185077718728	
42.25442119078271	1.0015786850530166	-0.022831789574400314	0.9978813131383092	-0.022921923120410567	
42.5685804561417	1.001579087217616	-0.022669186793909245	0.9978827496318472	-0.022758038393318716	
42.88273972150068	1.0015794565873088	-0.0225088828253243	0.9978841306812692	-0.02259647962117372	
43.19689898685966	1.0015797938542026	-0.022350830553680104	0.9978854576351652	-0.022437198938067223	
43.51105825221863	1.001580099681966	-0.022194983596127826	0.997886731790073	-0.022280149231655895	
43.82521751757761	1.001580374706992	-0.02204129542480356	0.997887954392653	-0.02212528325876604	
44.13937678293659	1.001580619539502	-0.021889720192965454	0.9978891266417531	-0.021972554477477566	
44.45353604829558	1.0015808347645923	-0.02174021521000565	0.9978902496903705	-0.02182191954024966	
44.76769531365456	1.0015810209432292	-0.02159273848124568	0.9978913246475182	-0.02167333581416454	
45.08185457901353	1.0015811786131992	-0.021447248544122423	0.9978923525799968	-0.02152676121541154	
45.39601384437251	1.0015813082900022	-0.02130370643988424	0.9978933345140819	-0.02138215619510367	
45.71017310973149	1.0015814104677108	-0.021162073753743165	0.9978942714371285	-0.021239481764158977	
46.02433237509047	1.0015814856197807	-0.02102231196231991	0.9978951642990973	-0.021098698835596907	
46.33849164044945	1.0015815341998255	-0.02088438319451473	0.9978960140140087	-0.020959768990683105	
46.65265090580843	1.0015815566423518	-0.020748252512071078	0.9978968214613266	-0.0208226567754751	
46.96681017116741	1.001581553363459	-0.02061388564066322	0.9978975874872763	-0.020687327414784122	
47.28096943652638	1.0015815247615065	-0.02048124821396443	0.9978983129061	-0.020553746050509487	
47.59512870188536	1.0015814712177462	-0.02035030629727553	0.9978989985012536	-0.02042187826876715	
47.90928796724435	1.0015813930969286	-0.02022102795627177	0.9978996450265476	-0.020291691679316503	
48.22344723260333	1.0015812907478772	-0.020093381696637602	0.9979002532072334	-0.020163154343694353	
48.5376064979623	1.0015811645040362	-0.019967336422522023	0.9979008237410408	-0.02003623473310232	
48.85176576332128	1.0015810146839936	-0.019842862873921226	0.9979013572991673	-0.019910903175401673	
49.16592502868026	1.0015808415919762	-0.01971993219662487	0.9979018545272206	-0.01978713041472755	
49.48008429403924	1.0015806455183254	-0.019598515465952357	0.9979023160461196	-0.019664887131746914	
49.79424355939823	1.0015804267399486	-0.01947858418150241	0.9979027424529533	-0.019544144441604013	
50.1084028247572	1.0015801855207473	-0.019360111750053727	0.9979031343218008	-0.019424875386519696	
50.42256209011618	1.00157992211203	-0.01924307200943908	0.9979034922045145	-0.01930705344929682	
50.73672135547515	1.0015796367529024	-0.01912743873678431	0.9979038166314674	-0.01919065205808128	
51.05088062083414	1.0015793296706386	-0.01901318614646327	0.9979041081122675	-0.019075645087476303	
51.36503988619312	1.0015790010810375	-0.01890029038300354	0.9979043671364392	-0.018962008361001797	
51.6791991515521	1.0015786511887583	-0.01878872803435754	0.9979045941740748	-0.018849718154197174	
51.99335841691108	1.0015782801876492	-0.018678475636495457	0.9979047896764576	-0.018738750695813357	
52.30751768227005	1.001577888261049	-0.018569509674390722	0.997904954076655	-0.01862908216870568	
52.62167694762903	1.001577475582081	-0.018461807031709628	0.9979050877900879	-0.018520689162299705	
52.93583621298801	1.0015770423139336	-0.018355346339140096	0.9979051912150733	-0.01841355002930713	
53.24999547834699	1.0015765886101264	-0.018250106631248403	0.9979052647333425	-0.018307643533677045	
53.56415474370597	1.0015761146147606	-0.018146066898888067	0.9979053087105378	-0.018202948400028476	
53.87831400906496	1.0015756204627646	-0.018043206387996315	0.9979053234966858	-0.018099443614231474	
54.19247327442393	1.0015751062801175	-0.017941505495126124	0.99790530942665	-0.017997109324367436	
54.50663253978291	1.0015745721840712	-0.017840944875579797	0.9979052668205642	-0.017895925943069185	
54.82079180514189	1.0015740182833617	-0.017741505146321675	0.9979051959842458	-0.01779587384848582	
55.13495107050087	1.0015734446783968	-0.01764316723694936	0.9979050972095903	-0.017696933737326455	
55.44911033585985	1.0015728514614528	-0.017545913442071355	0.9979049707749506	-0.017599087683498806	
55.76326960121882	1.0015722387168517	-0.017449726372634665	0.9979048169454955	-0.017502318082803732	
56.0774288665778	1.001571606521125	-0.017354588606462083	0.9979046359735564	-0.01740660730125486	
56.39158813193679	1.0015709549431795	-0.017260482688836606	0.9979044280989547	-0.017311937675607406	
56.70574739729576	1.0015702840444503	-0.017167391428817538	0.9979041935493178	-0.017218291811376005	
57.01990666265475	1.0015695938790419	-0.017075298787719465	0.9979039325403772	-0.017125653476458138	
57.33406592801373	1.0015688844938655	-0.016984188993634287	0.9979036452762565	-0.017034006710209618	
57.64822519337271	1.0015681559287701	-0.01689404624636176	0.9979033319497443	-0.016943335526552937	
57.96238445873168	1.0015674082166657	-0.01680485496688674	0.9979029927425543	-0.016853624164855672	
58.27654372409066	1.0015666413836322	-0.016716600545384677	0.9979026278255742	-0.01676485784217572	
58.59070298944964	1.0015658554490336	-0.01662926859568376	0.9979022373591026	-0.016677022003234992	
58.90486225480862	1.0015650504256226	-0.016542844706841028	0.9979018214930745	-0.016590102070492316	
59.2190215201676	1.001564226319626	-0.0164573144435601	0.9979013803672765	-0.016504083444521075	
59.53318078552658	1.0015633831308453	-0.01637266361009466	0.9979009141115506	-0.016418951769365368	
59.84734005088556	1.001562520852736	-0.016288879041689415	0.9979004228459889	-0.016334693728359984	
60.16149931624453	1.001561639472485	-0.01620594781546404	0.9978999066811184	-0.01625129625039952	
60.47565858160353	1.0015607389710846	-0.016123856987415024	0.997899365718076	-0.016168746245399438	
60.7898178469625	1.0015598193234008	-0.01604259359276283	0.9978988000487754	-0.01608703060460965	
61.10397711232148	1.001558880498234	-0.015962144867108296	0.9978982097560637	-0.01600613642295752	
61.41813637768045	1.0015579224583793	-0.015882498909658996	0.9978975949138714	-0.015926051665853695	
61.73229564303944	1.0015569451606725	-0.015803644021882526	0.997896955587353	-0.01584676450407497	
62.04645490839842	1.001555948556046	-0.015725568487100047	0.9978962918330203	-0.015768263092097938	
62.36061417375739	1.0015549325895643	-0.015648260570777284	0.997895603698867	-0.015690535568361853	
62.67477343911637	1.0015538972004672	-0.015571708717967384	0.9978948912244875	-0.015613570253745242	
62.98893270447535	1.0015528423222018	-0.01549590214544036	0.9978941544411872	-0.01553735624681307	
63.30309196983433	1.0015517678824521	-0.015420830251143793	0.9978933933720865	-0.01546188282999769	
63.61725123519331	1.0015506738031648	-0.015346482417390676	0.9978926080322171	-0.015387139271691086	
63.9314105005523	1.0015495600005693	-0.015272848011104356	0.9978917984286126	-0.015313114826466028	
64.24556976591127	1.0015484263851955	-0.015199916558871695	0.9978909645603923	-0.015239798911024921	
64.55972903127025	1.0015472728618868	-0.015127678271936385	0.9978901064188385	-0.01516718163189381	
64.87388829662923	1.0015460993298089	-0.01505612352254705	0.9978892239874676	-0.0150952532589329	
65.18804756198821	1.0015449056824544	-0.014985242669436022	0.9978883172420959	-0.015024004049867047	
65.50220682734718	1.0015436918076464	-0.014915026058025806	0.9978873861508988	-0.014953424250472308	
65.81636609270616	1.00154245758753	-0.014845464171034106	0.997886430674464	-0.014883504245932896	
66.13052535806514	1.0015412028985744	-0.014776548080139486	0.9978854507658402	-0.014814235014776309	
66.44468462342412	1.0015399276115564	-0.014708268995427974	0.9978844463705795	-0.01474560767593676	
66.7588438887831	1.001538631591546	-0.014640618115236547	0.9978834174267739	-0.014677613337802264	
67.07300315414209	1.001537314697896	-0.014573586626328964	0.9978823638650879	-0.014610243098373143	
67.38716241950107	1.001535976784214	-0.014507165854224163	0.9978812856087845	-0.014543488196326464	
67.70132168486005	1.0015346176983386	-0.014441347714082044	0.9978801825737469	-0.014477340464117769	
68.01548095021903	1.0015332372823165	-0.014376124260837056	0.9978790546684942	-0.014411791875793986	
68.329640215578	1.0015318353723643	-0.014311487539256589	0.9978779017941938	-0.014346834396277434	
68.64379948093698	1.001530411798835	-0.014247429584089161	0.9978767238446667	-0.01428245998149954	
68.95795874629596	1.0015289663861802	-0.01418394242021074	0.9978755207063892	-0.014218660578532735	
69.27211801165494	1.0015274989529088	-0.014121018212370984	0.9978742922584898	-0.014155428276053152	
69.58627727701392	1.0015260093115363	-0.014058649714376465	0.9978730383727407	-0.014092755755677536	
69.90043654237289	1.0015244972685386	-0.013996829820831795	0.9978717589135448	-0.014030635841455395	
70.21459580773187	1.0015229626242983	-0.013935551417721445	0.9978704537379184	-0.013969061349701514	
70.52875507309086	1.0015214051730466	-0.013874807382531874	0.9978691226954678	-0.01390802508910601	
70.84291433844984	1.0015198247028037	-0.013814590584372155	0.9978677656283633	-0.013847519860843217	
71.15707360380881	1.0015182209953133	-0.013754893996703956	0.9978663823713064	-0.013787538571824524	
71.47123286916779	1.001516593825979	-0.013695711035459334	0.997864972751494	-0.01372807457439202	
71.78539213452677	1.001514942963783	-0.013637035221614599	0.9978635365885768	-0.0136691213272452	
72.09955139988575	1.0015132681712247	-0.01357886006872623	0.9978620736946137	-0.013610672282427256	
72.41371066524474	1.001511569204229	-0.013521179083033866	0.9978605838740211	-0.013552720885417698	
72.7278699306037	1.0015098458120697	-0.013463985864619733	0.9978590669235178	-0.013495260676752554	
73.04202919596268	1.0015080977372828	-0.013407274410827215	0.9978575226320651	-0.013438285596829896	
73.35618846132166	1.0015063247155707	-0.013351038813435367	0.9978559507808021	-0.013381789681635992	
73.67034772668065	1.001504526475716	-0.01329527315772662	0.9978543511429765	-0.013325766961329567	
73.98450699203963	1.0015027027394732	-0.013239971522574698	0.9978527234838703	-0.0132702114603209	
74.29866625739861	1.0015008532214735	-0.01318512798053142	0.9978510675607206	-0.013215117197350081	
74.61282552275759	1.0014989776291146	-0.013130736697141054	0.9978493831226362	-0.013160478285242782	
74.92698478811657	1.001497075662448	-0.013076792228844874	0.9978476699105081	-0.013106289230142948	
75.24114405347555	1.001495147014067	-0.013023289225612559	0.9978459276569168	-0.01305254463276053	
75.55530331883452	1.0014931913689846	-0.012970222331822632	0.9978441560860328	-0.012999239088790544	
75.8694625841935	1.001491208404508	-0.012917586186336101	0.9978423549135128	-0.012946367188979468	
76.18362184955248	1.0014891977901115	-0.01286537542256951	0.997840523846391	-0.012893923519190791	
76.49778111491146	1.001487159187304	-0.012813584764522544	0.9978386625829647	-0.012841902756850591	
76.81194038027044	1.0014850922494878	-0.012762209314840752	0.997836770812675	-0.012790299960264815	
77.12609964562942	1.0014829966218164	-0.01271124426723267	0.9978348482159813	-0.012739110279731774	
77.4402589109884	1.0014808719410477	-0.01266068481060772	0.997832894464232	-0.012688328861245364	
77.75441817634739	1.0014787178353879	-0.01261052612913763	0.9978309092195274	-0.012637950846550283	
78.06857744170637	1.0014765339243366	-0.01256076340231723	0.9978288921345788	-0.012587971373196687	
78.38273670706533	1.0014743198185203	-0.012511391805024415	0.9978268428525611	-0.012538385574594125	
78.69689597242431	1.0014720751195259	-0.01246240659078264	0.9978247610069586	-0.012489188663626128	
79.0110552377833	1.0014697994197215	-0.012413803341530305	0.9978226462214072	-0.012440376183477988	
79.32521450314228	1.0014674923020794	-0.01236557771824533	0.9978204981095278	-0.012391943757161811	
79.63937376850126	1.0014651533399914	-0.012317725377819439	0.9978183162747547	-0.012343887004024489	
79.95353303386023	1.0014627820970734	-0.012270241973108859	0.9978161003101583	-0.012296201539793319	
80.2676922992192	1.0014603781269649	-0.012223123152984633	0.9978138497982593	-0.01224888297662113	
80.5818515645782	1.0014579409731301	-0.012176364634358783	0.9978115643108384	-0.01220192699541016	
80.89601082993718	1.001455470168644	-0.012129962418246657	0.9978092434087371	-0.012155329562769034	
81.21017009529615	1.0014529652359707	-0.01208391257403137	0.9978068866416531	-0.012109086714348186	
81.52432936065513	1.0014504256867442	-0.012038211167551726	0.9978044935479274	-0.0120631944826184	
81.83848862601411	1.0014478510215359	-0.011992854261145098	0.9978020636543253	-0.012017648896909195	
82.15264789137309	1.0014452407296088	-0.011947837913689686	0.9977995964758077	-0.011972445983446685	
82.46680715673207	1.0014425942886802	-0.01190315818064631	0.9977970915152968	-0.011927581765391045	
82.78096642209104	1.0014399111646621	-0.011858811179435881	0.9977945482634326	-0.011883052328477662	
83.09512568745002	1.0014371908113977	-0.011814793285560945	0.9977919661983216	-0.011838854017930603	
83.409284952809	1.001434432670396	-0.011771100936762553	0.9977893447852769	-0.011794983241798049	
83.72344421816798	1.0014316361705495	-0.011727730567738275	0.9977866834765502	-0.011751436405396791	
84.03760348352696	1.0014288007278485	-0.011684678610177735	0.9977839817110535	-0.011708209911343944	
84.35176274888595	1.001425925745081	-0.011641941492797616	0.9977812389140737	-0.011665300159588287	
84.66592201424493	1.001423010611535	-0.01159951569677888	0.9977784544969759	-0.011622703603065426	
84.98008127960391	1.0014200547026766	-0.011557397922066689	0.997775627856898	-0.011580416914653092	
85.29424054496289	1.00141705737983	-0.01151558492129856	0.9977727583764353	-0.011538436820419657	
85.60839981032186	1.0014140179898363	-0.011474073444447046	0.9977698454233143	-0.01149676004404039	
85.92255907568084	1.0014109358647199	-0.011432860238849606	0.9977668883500566	-0.011455383306824081	
86.23671834103982	1.00140781032132	-0.01139194204923836	0.997763886493631	-0.011414303327739496	
86.5508776063988	1.0014046406609325	-0.011351315617769224	0.9977608391750956	-0.011373516823441433	
86.86503687175778	1.0014014261689301	-0.011310977738560681	0.9977577456992268	-0.011333020563019585	
87.17919613711676	1.0013981661143696	-0.011270925421306779	0.997754605354138	-0.011292811532242684	
87.49335540247574	1.0013948597495934	-0.011231155727870572	0.9977514174108838	-0.011252886769498533	
87.80751466783472	1.0013915063098118	-0.011191665717812764	0.9977481811230542	-0.011213243311105346	
88.1216739331937	1.0013881050126792	-0.011152452448416506	0.9977448957263529	-0.011173878191333616	
88.43583319855267	1.0013846550578493	-0.011113512974711635	0.9977415604381645	-0.011134788442427615	
88.74999246391165	1.001381155626522	-0.011074844349498575	0.9977381744571054	-0.011095971094626702	
89.06415172927063	1.0013776058809771	-0.011036443675066718	0.997734736962562	-0.011057423228077708	
89.37831099462962	1.001374004964084	-0.010998308258350912	0.9977312471142132	-0.011019142128574343	
89.6924702599886	1.0013703519988066	-0.010960435455956336	0.9977277040515372	-0.01098112513197952	
90.00662952534756	1.001366646087692	-0.01092282262249662	0.997724106893303	-0.010943369572362761	
90.32078879070654	1.001362886312331	-0.010885467110613466	0.9977204547370452	-0.01090587278201765	
90.63494805606554	1.0013590717328147	-0.01084836627099654	0.9977167466585202	-0.010868632091479088	
90.94910732142452	1.0013552013871687	-0.010811517452402483	0.9977129817111482	-0.01083164482954024	
91.26326658678349	1.001351274290769	-0.01077491800167403	0.9977091589254333	-0.010794908323269148	
91.57742585214247	1.0013472894357356	-0.010738565309011277	0.9977052773083663	-0.010758419943445669	
91.89158511750145	1.001343245790317	-0.010702456943789159	0.9977013358428087	-0.010722177240876068	
92.20574438286043	1.0013391422982414	-0.010666590518888349	0.9976973334868547	-0.010686177810210338	
92.51990364821941	1.0013349778780596	-0.010630963645468674	0.9976932691731736	-0.010650419244544379	
92.83406291357838	1.0013307514224532	-0.010595573932984503	0.9976891418083295	-0.010614899135433323	
93.14822217893736	1.0013264617975346	-0.010560418989199972	0.9976849502720797	-0.010579615072904693	
93.46238144429634	1.001322107842113	-0.01052549642020362	0.9976806934166489	-0.010544564645471158	
93.77654070965532	1.0013176883669397	-0.01049080386884172	0.997676370065979	-0.01050974547870066	
94.0906999750143	1.0013132021539302	-0.010456339130021265	0.9976719790149547	-0.010475155350931603	
94.40485924037328	1.0013086479553597	-0.010422100035525775	0.9976675190286031	-0.01044079207766285	
94.71901850573227	1.0013040244930294	-0.010388084415616915	0.9976629888412659	-0.010406653473013405	
95.03317777109125	1.0012993304574094	-0.010354290099046237	0.9976583871557436	-0.010372737349732434	
95.34733703645023	1.0012945645067473	-0.010320714913066435	0.9976537126424123	-0.01033904151920859	
95.6614963018092	1.0012897252661523	-0.010287356683442554	0.9976489639383078	-0.01030556379147926	
95.97565556716818	1.0012848113266457	-0.010254213234462387	0.9976441396461819	-0.01027230197523944	
96.28981483252716	1.0012798212441796	-0.010221282426972098	0.9976392383335237	-0.010239253916009446	
96.60397409788614	1.0012747535386195	-0.010188562272492176	0.9976342585315484	-0.010206417610648865	
96.91813336324512	1.0012696066926978	-0.01015605081920624	0.997629198734152	-0.010173791092934776	
97.2322926286041	1.0012643791509266	-0.010123746113951611	0.997624057396829	-0.010141372395415451	
97.54645189396308	1.0012590693184777	-0.010091646202226896	0.9976188329355525	-0.010109159549416075	
97.86061115932206	1.0012536755600159	-0.010059749128198977	0.9976135237256168	-0.010077150585044317	
98.17477042468104	1.0012481961985011	-0.010028052934709646	0.9976081281004373	-0.010045343531194963	
98.48892969004001	1.0012426295139414	-0.009996555663281932	0.9976026443503105	-0.010013736415554773	
98.80308895539899	1.0012369737421074	-0.009965255386454796	0.9975970707211296	-0.009982327297046421	
99.11724822075797	1.0012312270731996	-0.009934150304800044	0.9975914054130538	-0.00995111436317493	
99.43140748611695	1.001225387650465	-0.00990323864998475	0.9975856465791321	-0.00992009583274959	
99.74556675147593	1.0012194535687735	-0.009872518652451874	0.9975797923238767	-0.009889269923451568	
100.0597260168349	1.0012134228731326	-0.009841988541423314	0.9975738407017863	-0.009858634851834983	
100.3738852821939	1.0012072935571596	-0.009811646544902183	0.9975677897158161	-0.009828188833327655	
100.6880445475529	1.0012010635614874	-0.009781490889674721	0.9975616373157917	-0.009797930082231362	
101.0022038129119	1.0011947307721265	-0.009751519801311578	0.9975553813967678	-0.009767856811721449	
101.3163630782708	1.0011882930187535	-0.00972173153311513	0.9975490197973247	-0.009737967262889571	
101.6305223436298	1.0011817480729486	-0.009692124452980486	0.9975425502978041	-0.009708259791892333	
101.9446816089888	1.0011750936463624	-0.009662696956592838	0.9975359706184801	-0.009678732782851437	
102.2588408743478	1.0011683273888157	-0.009633447438484367	0.9975292784176621	-0.009649384618810947	
102.5730001397067	1.0011614468863324	-0.00960437429203159	0.9975224712897283	-0.009620213681733226	
102.8871594050657	1.001154449659093	-0.009575475909451908	0.9975155467630851	-0.009591218352493524	
103.2013186704247	1.0011473331593226	-0.0095467506817996	0.9975085022980519	-0.009562397010874328	
103.5154779357837	1.0011400947690896	-0.00951819699896078	0.9975013352846649	-0.009533748035558703	
103.8296372011427	1.001132731798023	-0.00948981327468923	0.9974940430403988	-0.009505269829246361	
104.1437964665016	1.0011252414809508	-0.009461598021741664	0.9974866228078032	-0.009476960894031206	
104.4579557318606	1.001117620975442	-0.009433549776776861	0.9974790717520471	-0.009448819756049423	
104.7721149972196	1.0011098673592531	-0.009405667075309493	0.9974713869583715	-0.009420844940348916	
105.0862742625786	1.0011019776276846	-0.009377948451700155	0.9974635654294435	-0.00939303497087738	
105.4004335279376	1.0010939486908323	-0.009350392439144022	0.9974556040826081	-0.00936538837046938	
105.7145927932965	1.0010857773707234	-0.009322997569658825	0.9974474997470342	-0.009337903660832094	
106.0287520586555	1.0010774603983585	-0.009295762374071379	0.9974392491607484	-0.00931057936253011	
106.3429113240145	1.0010689944106237	-0.009268685406001252	0.997430848967555	-0.009283414019043968	
106.6570705893735	1.001060375947085	-0.009241765313856044	0.997422295713832	-0.00925640626899198	
106.9712298547325	1.0010516014466633	-0.009215000768847239	0.9974135858452031	-0.00922955477391052	
107.2853891200914	1.001042667244167	-0.009188390440976602	0.9974047157030768	-0.009202858194161265	
107.5995483854504	1.001033569566693	-0.009161932999015243	0.997395681521047	-0.009176315188908116	
107.9137076508094	1.0010243045298826	-0.009135627110481296	0.9973864794211503	-0.009149924416092503	
108.2278669161684	1.001014868134027	-0.009109471441615556	0.9973771054099724	-0.009123684532407132	
108.5420261815273	1.0010052562600145	-0.009083464657355654	0.9973675553745968	-0.00909759419326757	
108.8561854468863	1.0009954646651102	-0.009057605421308216	0.9973578250783887	-0.009071652052782188	
109.1703447122453	1.000985488978573	-0.009031892418364301	0.9973479101566076	-0.009045856786435753	
109.4845039776043	1.0009753246970796	-0.00900632442261831	0.9973378061118394	-0.00902020715921625	
109.7986632429633	1.000964967179973	-0.00898090022942244	0.9973275083092389	-0.008994701957452037	
110.1128225083223	1.0009544116443014	-0.008955618632707649	0.9973170119715771	-0.008969339966059234	
110.4269817736812	1.000943653159665	-0.008930478424943841	0.997306312174081	-0.00894411996849918	
110.7411410390402	1.0009326866428299	-0.008905478397097297	0.9972954038390573	-0.008919040746733066	
111.0553003043992	1.000921506852133	-0.008880617338585356	0.9972842817302908	-0.008894101081173757	
111.3694595697582	1.000910108381637	-0.008855894037227762	0.9972729404472047	-0.008869299750634194	
111.6836188351171	1.0008984856550431	-0.008831307279195174	0.997261374418774	-0.008844635532272624	
111.9977781004761	1.000886632919345	-0.008806855868559092	0.9972495778971779	-0.008820107221199143	
112.3119373658351	1.0008745442382088	-0.008782538686060895	0.9972375449511803	-0.008795713689418828	
112.6260966311941	1.000862213485061	-0.008758354630253882	0.9972252694592246	-0.0087714538267892	
112.9402558965531	1.0008496343358926	-0.008734302597833565	0.9972127451022289	-0.008747326521287334	
113.254415161912	1.0008368002617307	-0.008710381483565831	0.9971999653560676	-0.008723330658934086	
113.568574427271	1.0008237045207984	-0.00868659018021041	0.9971869234837228	-0.00869946512371394	
113.88273369263	1.0008103401503128	-0.00866292757843923	0.9971736125270919	-0.008675728797489369	
114.196892957989	1.0007966999579323	-0.00863939256674975	0.9971600252984303	-0.008652120559909899	
114.5110522233479	1.0007827765128228	-0.008615984031371942	0.9971461543714153	-0.008628639288315127	
114.8252114887069	1.0007685621363163	-0.008592700873295533	0.9971319920718101	-0.008605283874808039	
115.1393707540659	1.0007540488921531	-0.00856954205955146	0.9971175304677082	-0.008582053277683343	
115.4535300194249	1.0007392285762957	-0.008546506571739944	0.9971027613593367	-0.008558946469796496	
115.7676892847839	1.0007240927062577	-0.008523593388787687	0.9970876762683978	-0.008535962421264686	
116.0818485501429	1.000708632509967	-0.008500801486819927	0.9970722664269233	-0.008513100099333738	
116.3960078155018	1.0006928389141048	-0.00847812983902449	0.9970565227656184	-0.008490358468236692	
116.7101670808608	1.0006767025319137	-0.008455577415506474	0.9970404359016677	-0.008467736489042955	
117.0243263462198	1.0006602136504388	-0.008433143183133611	0.9970239961259773	-0.00844523311949779	
117.3384856115788	1.0006433622171795	-0.00841082610537126	0.9970071933898214	-0.008422847313850974	
117.6526448769378	1.0006261378261043	-0.008388625158296279	0.9969900172908659	-0.008400578038911324	
117.9668041422967	1.0006085297030252	-0.00836653937898775	0.9969724570585325	-0.008378424322570296	
118.2809634076557	1.0005905266902666	-0.008344567816772983	0.9969545015386733	-0.00835638520489877	
118.5951226730147	1.0005721172306123	-0.008322709516826433	0.9969361391775149	-0.008334459721691645	
118.9092819383737	1.000553289350485	-0.008300963519941635	0.9969173580048374	-0.00831264690423221	
119.2234412037327	1.000534030642318	-0.008279328862287931	0.9968981456163454	-0.008290945779041086	
119.5376004690916	1.0005143282460804	-0.008257804575150988	0.9968784891551897	-0.008269355367608443	
119.8517597344506	1.0004941688298985	-0.008236389684655931	0.9968583752925922	-0.008247874686108561	
120.1659189998096	1.0004735385697452	-0.008215083211471625	0.9968377902075275	-0.008226502745095253	
120.4800782651686	1.0004524231281229	-0.008193884170495191	0.9968167195654104	-0.008205238549177046	
120.7942375305275	1.0004308076317072	-0.008172791585689114	0.9967951484957344	-0.00818408111188728	
121.1083967958865	1.0004086766478815	-0.008151804535250724	0.9967730615686053	-0.008163029500971447	
121.4225560612455	1.0003860141601097	-0.008130922105720842	0.9967504427701098	-0.008142082792354866	
121.7367153266045	1.0003628035420706	-0.008110143376401448	0.9967272754764539	-0.008121240054506651	
122.0508745919634	1.0003390275305124	-0.008089467418917688	0.9967035424268054	-0.008100500347989825	
122.3650338573224	1.0003146681967223	-0.00806889329674961	0.9966792256947684	-0.008079862724981497	
122.6791931226814	1.0002897069165637	-0.008048420064732649	0.9966543066584143	-0.008059326228760572	
122.9933523880404	1.0002641243389867	-0.008028046768523128	0.9966287659687888	-0.008038889893160584	
123.3075116533994	1.000237900352928	-0.008007772444028323	0.9966025835168116	-0.008018552741986087	
123.6216709187584	1.0002110140525202	-0.007987596116797344	0.9965757383984776	-0.007998313788389317	
123.9358301841173	1.0001834437005044	-0.007967516814513713	0.9965482088782662	-0.007978172047384668	
124.2499894494763	1.0001551666897466	-0.007947533605739061	0.9965199723506577	-0.00795812657468431	
124.5641487148353	1.000126159502766	-0.007927645559749952	0.9964910052996498	-0.007938176426409817	
124.8783079801943	1.0000963976691388	-0.007907851732602594	0.9964612832561641	-0.007918320645103918	
125.1924672455533	1.0000658557206845	-0.007888151166285728	0.9964307807532213	-0.007898558258866381	
125.5066265109122	1.000034507144289	-0.00786854288781634	0.9963994712787608	-0.007878888280431469	
125.8207857762712	1.0000023243322405	-0.007849025908274281	0.9963673272259713	-0.007859309706183934	
126.1349450416302	0.9999692785299406	-0.007829599221772267	0.9963343198409929	-0.007839821515109605	
126.4491043069892	0.999935339780828	-0.007810261804357268	0.9963004191678398	-0.007820422667675785	
126.7632635723482	0.9999004768683813	-0.007791012612838732	0.9962655939903906	-0.007801112104638438	
127.0774228377071	0.9998646572550145	-0.00777185059503506	0.9962298117712767	-0.007781888757296645	
127.3915821030661	0.9998278470176932	-0.007752774722935469	0.9961930385874979	-0.007762751580722221	
127.7057413684251	0.9997900107801049	-0.00773378395680627	0.9961552390625794	-0.007743699517747423	
128.0199006337841	0.9997511116411716	-0.007714877232191101	0.9961163762950775	-0.007724731485906084	
128.334059899143	0.9997111110997021	-0.007696053458309821	0.9960764117832296	-0.007705846375803418	
128.648219164502	0.9996699689749846	-0.007677311516359527	0.9960353053455377	-0.007687043049384613	
128.962378429861	0.9996276433230803	-0.007658650257713857	0.995993015037059	-0.0076683203380979855	
129.27653769522	0.999584090348593	-0.007640068502017589	0.9959494970611701	-0.007649677040949698	
129.590696960579	0.9995392643116608	-0.0076215650351735935	0.9959047056765643	-0.007631111922444867	
129.9048562259379	0.9994931174299299	-0.007603138607222125	0.9958585930992231	-0.0076126237104133755	
130.2190154912969	0.9994455997752286	-0.007584787940886184	0.9958111093991056	-0.007594211104520985	
130.5331747566559	0.9993966591646908	-0.007566511761563571	0.9957622023912829	-0.0075758728062694245	
130.8473340220149	0.99934624104603	-0.007548308762577151	0.9957118175212436	-0.007557607484067972	
131.1614932873738	0.9992942883767	-0.007530177591873088	0.9956598977440932	-0.00753941375978715	
131.4756525527328	0.9992407414966383	-0.007512116849406166	0.9956063833973695	-0.007521290205995282	
131.7898118180918	0.9991855379943108	-0.007494125084445761	0.995551212067211	-0.007503235343072679	
132.1039710834508	0.99912861256571	-0.007476200792762719	0.9954943184476255	-0.007485247636150177	
132.4181303488098	0.9990698968660302	-0.007458342412659738	0.9954356341922368	-0.0074673254908261206	
132.7322896141688	0.9990093193542069	-0.00744054831658894	0.9953750877565665	-0.007449467244440317	
133.0464488795278	0.9989468051267736	-0.0074228168122208865	0.9953126042337979	-0.007431671167099745	
133.3606081448867	0.9988822757434949	-0.0074051461399914295	0.9952481051805457	-0.007413935459185686	
133.6747674102457	0.9988156490441358	-0.0073875344797859795	0.9951815084334693	-0.007396258257999836	
133.9889266756047	0.9987468389559687	-0.007369979977809019	0.9951127279166642	-0.007378637664613211	
134.3030859409637	0.9986757552916516	-0.0073524807129707595	0.995041673439476	-0.007361071710048567	
134.6172452063226	0.9986023035371381	-0.0073350346836010185	0.9949682504843885	-0.007343558341822587	
134.9314044716816	0.9985263846293357	-0.007317639804441463	0.9948923599846416	-0.0073260954207839315	
135.2455637370406	0.9984478947232076	-0.007300293903988264	0.9948138980912942	-0.007308680718290481	
135.5597230023996	0.998366724948109	-0.007282994722333614	0.9947327559294926	-0.0072913119138709155	
135.8738822677586	0.9982827611531715	-0.007265739909556271	0.9946488193437705	-0.007273986593435247	
136.1880415331175	0.9981958836416226	-0.007248527024875012	0.9945619686323217	-0.007256702248251539	
136.5022007984765	0.9981059668940679	-0.00723135353683671	0.9944720782702199	-0.007239456274964117	
136.8163600638355	0.9980128792808973	-0.00721421682478705	0.9943790166216459	-0.007222245976900407	
137.1305193291945	0.9979164827639987	-0.00719711419055707	0.9942826456414801	-0.007205068575631534	
137.4446785945534	0.9978166325882754	-0.007180042889233199	0.9941828205666616	-0.00718792124168801	
137.7588378599124	0.9977131769636227	-0.007163000111044775	0.9940793895979747	-0.007170801076296995	
138.0729971252714	0.997605956738329	-0.007145982983493895	0.9939721935731327	-0.007153705113442874	
138.3871563906304	0.9974948050650679	-0.007128988585821622	0.9938610656324929	-0.007136630334345787	
138.7013156559894	0.9973795470611471	-0.007112013968071952	0.9937458308789756	-0.007119573686608429	
139.0154749213484	0.9972599994651457	-0.007095056175916812	0.9936263060342011	-0.007102532109202614	
139.3296341867073	0.997135970292488	-0.007078112282282031	0.9935022990935638	-0.007085502564363877	
139.6437934520663	0.9970072584932484	-0.007061179427281094	0.9933736089834871	-0.007068482077916877	
139.9579527174253	0.996873653616337	-0.007044254868368161	0.9932400252248076	-0.007051467789962551	
140.2721119827843	0.9967349354848662	-0.007027336042495837	0.9931013276074345	-0.007034457017743558	
140.5862712481432	0.9965908738889407	-0.007010420651288633	0.992957285882143	-0.00701744734174153	
140.9004305135022	0.9964412283030755	-0.006993506780143551	0.9928076594769969	-0.007000436725967866	
141.2145897788612	0.9962857476372023	-0.006976592989448547	0.9926521972471697	-0.006983423610511363	
141.5287490442202	0.996124170031863	-0.006959678447558288	0.9924906372688711	-0.006966407046171298	
141.8429083095792	0.9959562227103796	-0.006942763102385461	0.9923227066901289	-0.00694938686804969	
142.1570675749381	0.9957816219032215	-0.006925847889340307	0.9921481216536835	-0.006932363905841124	
142.4712268402971	0.9956000728626963	-0.006908934982642978	0.9919665873101468	-0.006915340237878654	
142.7853861056561	0.9954112699894667	-0.00689202809829672	0.9917777979429825	-0.006898319497242813	
143.0995453710151	0.9952148970963691	-0.0068751328584767185	0.9915814372308267	-0.0068813072397090076	
143.4137046363741	0.995010627839567	-0.0068582572287838725	0.9913771786772838	-0.00686431138498886	
143.727863901733	0.9947981263524381	-0.006841412041747436	0.9911646862436836	-0.0068473427446461375	
144.042023167092	0.9945770481237273	-0.006824611622155744	0.9909436152264758	-0.00683041565224459	
144.356182432451	0.9943470411686399	-0.006807874539262659	0.9907136134280603	-0.00681354872075466	
144.67034169781	0.9941077475496485	-0.006791224513632082	0.9904743226780177	-0.006796765754930937	
144.984500963169	0.9938588053131313	-0.00677469144617345	0.9902253807710095	-0.006780096785992571	
145.2986602285279	0.9935998509184536	-0.006758312652222164	0.9899664238981479	-0.006763579311469686	
145.6128194938869	0.9933305222480063	-0.006742134323490895	0.9896970896604742	-0.006747259762869403	
145.9269787592459	0.9930504622998908	-0.006726213243632775	0.989417020766343	-0.006731195226691303	
146.2411380246049	0.9927593236795422	-0.006710618792596376	0.9891258695289825	-0.006715455453738773	
146.5552972899638	0.9924567740223521	-0.006695435276421036	0.9888233032961763	-0.006700125193111015	
146.8694565553228	0.9921425024961944	-0.006680764618965097	0.9885090109606519	-0.006685306887064729	
147.1836158206818	0.9918162275501482	-0.006666729449295581	0.9881827107169885	-0.006671123760164005	
147.4977750860408	0.9914777060930834	-0.006653476611734589	0.987844159248021	-0.006657723329408253	
147.8119343513998	0.9911267443020386	-0.0066411811194439395	0.9874931625398846	-0.00664528135598627	
148.1260936167587	0.9907632102740456	-0.00663005055122982	0.9871295885386374	-0.00663400623825209	
148.4402528821177	0.9903870487441198	-0.006620329799120847	0.9867533818708712	-0.006624143753524622	
148.7544121474767	0.9899982980936454	-0.0066123061277573204	0.9863645808531777	-0.006615982110542959	
149.0685714128357	0.9895971098633862	-0.006606314372879771	0.9859633370070529	-0.006609857141334916	
149.3827306781947	0.9891837709586367	-0.006602741997340551	0.9855499372717488	-0.006606157353666166	
149.6968899435537	0.9887587286836389	-0.006602033574144374	0.9851248290608268	-0.0066053284181420225	
150.0110492089126	0.9883226186596271	-0.006604694046927299	0.9846886482294679	-0.006607876447265292	
150.3252084742716	0.9878762955541983	-0.006611289813244536	0.984242249896513	-0.006614369121225283	
150.6393677396306	0.9874208663651858	-0.006622446257159679	0.9837867418813411	-0.00662543329805949	
150.9535270049896	0.9869577257416772	-0.006638839792237614	0.9833235202500563	-0.006641747179504328	
151.2676862703485	0.9864885924663248	-0.006661181730576094	0.9828543060924618	-0.006664024351603825	
151.5818455357075	0.98601554573901	-0.006690190342741758	0.9823811821424285	-0.006692986051647764	
151.8960048010665	0.9855410592593344	-0.006726546324837023	0.9819066271827025	-0.006729316834223805	
152.2101640664255	0.9850680302672588	-0.006770825588633142	0.9814335453249874	-0.006773597466404039	
152.5243233317845	0.9845997996334079	-0.006823401949468564	0.9809652862367068	-0.00682620749886573	
152.8384825971434	0.9841401577828667	-0.006884311424903206	0.9805056512466158	-0.006887189090387232	
153.1526418625024	0.9836933297505019	-0.006953069688397873	0.9800588790874966	-0.006956063576087411	
153.4668011278614	0.9832639312229214	-0.0070284357310131116	0.9796296038853065	-0.007031593999243382	
153.7809603932204	0.9828568864940024	-0.0071081190970891965	0.9792227767836624	-0.007111491450868997	
154.0951196585793	0.9824772994775641	-0.007188437194589396	0.9788435410182056	-0.0071920723151504265	
154.4092789239383	0.9821302703904725	-0.007263947054782446	0.9784970485316669	-0.007267890820723894	
154.7234381892973	0.9818206517202157	-0.007327109021470401	0.9781882071170231	-0.00733140306354801	
155.0375974546563	0.9815527341192081	-0.007368091500106598	0.977921356216581	-0.007372770107125662	
155.3517567200153	0.981329850547693	-0.007374872408769881	0.9776998788036343	-0.00737995803195198	
155.6659159853743	0.9811539005148476	-0.007333772885522726	0.9775257288785811	-0.007339272926888436	
155.9800752507333	0.9810247862766783	-0.007230476157559906	0.9773988343995706	-0.00723637872279167	
156.2942345160922	0.9809396998838735	-0.0070517037969082515	0.9773163019654658	-0.007057969874654911	
156.6083937814512	0.9808923442216769	-0.006790845479005292	0.977271376961759	-0.006797408134405437	
156.9225530468102	0.9808730745707607	-0.006469302684811212	0.9772534524782972	-0.006476075670265631	
