1.5079644737231	5.007659337890208	-4.606026257147872	4.989158117857594	-4.606021398197223	
4.5238934211693	5.005660221882955	-3.5357624806421137	4.992139567318991	-3.5357585266119944	
7.5398223686155	5.00501855838003	-2.6142485121118235	4.993423495790493	-2.6142454772327035	
10.555751316062	5.004842673403097	-2.045875656408019	4.994012197085981	-2.0458733178924784	
13.571680263508	5.004795240658664	-1.6693095591818228	4.994332387107976	-1.669307722950278	
16.587609210954	5.004787723959438	-1.4046897029094336	4.994526984962083	-1.4046882304650554	
19.6035381584	5.004793114601236	-1.2098779005155804	4.994654638650074	-1.209876696467638	
22.619467105847	5.00480229656431	-1.06110373020997	4.994743155255547	-1.0611027284872954	
25.635396053293	5.004812025184014	-0.9440964256465917	4.994807180966925	-0.9440955796596763	
28.651325000739	5.004821159320398	-0.8498384276680985	4.994855059875508	-0.8498377038668868	
31.667253948185	5.004829353191743	-0.7723829546547157	4.994891843131701	-0.7723823283697412	
34.683182895631	5.004836566366633	-0.707664358297449	4.994920740194533	-0.7076638110312695	
37.699111843078	5.004842870598773	-0.6528164336903863	4.994943872726145	-0.6528159513233156	
40.715040790524	5.004848371692545	-0.6057645496276209	4.99496269043442	-0.6057641212058857	
43.73096973797	5.004853178130468	-0.5649722999524495	4.994978212077538	-0.5649719168533495	
46.746898685416	5.004857389286834	-0.529278907148167	4.994991171060247	-0.5292785624939356	
49.762827632862	5.004861091912104	-0.49779182588458604	4.995002106565712	-0.4977915141235951	
52.778756580309	5.004864360031413	-0.4698139800621186	4.995011422369376	-0.46981369666452977	
55.794685527755	5.004867256137542	-0.44479333677308935	4.9950194258246645	-0.4447930780063189	
58.810614475201	5.004869832758336	-0.4222872457167571	4.995026354324535	-0.42228700847757455	
61.826543422647	5.004872134010573	-0.4019367573974031	4.9950323936406935	-0.40193653908458776	
64.842472370093	5.004874196994468	-0.38344782119222487	4.995037690877011	-0.3834476196089193	
67.85840131754	5.004876052987834	-0.36657731334479826	4.995042363773523	-0.36657712662282266	
70.874330264986	5.004877728445461	-0.35112251205071704	4.995046507494062	-0.35112233859117936	
73.890259212432	5.004879245823267	-0.3369130700024561	4.995050199646234	-0.3369129084288768	
76.906188159878	5.004880624256706	-0.3238048214962166	4.995053504042991	-0.32380467061703444	
79.922117107324	5.004881880115182	-0.3116749543668339	4.995056473553956	-0.3116748131453488	
82.938046054771	5.0048830274570975	-0.3004182092436045	4.995059152290493	-0.30041807677352067	
85.953975002217	5.004884078402241	-0.2899438605085284	4.995061577296948	-0.28994373599403267	
88.969903949663	5.004885043439015	-0.2801732980699826	4.995063779871134	-0.2801731808093661	
91.985832897109	5.004885931677016	-0.2710380752613395	4.995065786606576	-0.27103796463343766	
95.001761844555	5.004886751056628	-0.2624783215390387	4.995067620218185	-0.2624782169920049	
98.017690792002	5.004887508522297	-0.2544414430131099	4.995069300204714	-0.2544413440549287	
101.03361973945	5.004888210167919	-0.24688105182718179	4.995070843381527	-0.24688095801778429	
104.04954868689	5.004888861357859	-0.23975607879584457	4.995072264314011	-0.23975598974040108	
107.06547763434	5.0048894668284145	-0.23303003378591697	4.995073575670126	-0.2330299491291527	
110.08140658179	5.004890030773774	-0.22667038596537242	4.995074788510663	-0.2266703053867205	
113.09733552923	5.004890556918389	-0.2206480418893931	4.995075912528697	-0.22064796509884488	
116.11326447668	5.0048910485784885	-0.21493690389352108	4.995076956248311	-0.21493683062805785	
119.12919342412	5.004891508714444	-0.20951349476010264	4.995077927190352	-0.2095134247806183	
122.14512237157	5.004891939975596	-0.20435663735380194	4.995078832011148	-0.20435657044243782	
125.16105131902	5.004892344738576	-0.19944718007047613	4.99507967661994	-0.19944711602830428	
128.17698026646	5.0048927251399125	-0.1947677606434585	4.995080466277068	-0.19476769928846396	
131.19290921391	5.00489308310507	-0.1903026022066769	4.995081205678228	-0.19030254337199146	
134.20883816136	5.004893420372578	-0.18603733659379365	4.995081899025785	-0.1860372801261478	
137.2247671088	5.004893738515634	-0.1819588507272289	4.995082550090282	-0.18195879648558996	
140.24069605625	5.004894038959994	-0.17805515265827307	4.995083162261823	-0.1780551005126441	
143.25662500369	5.004894323001416	-0.17431525438673726	4.995083738596527	-0.17431520421709576	
146.27255395114	5.004894591818731	-0.17072906906012913	4.995084281854986	-0.17072902075549418	
149.28848289859	5.004894846486009	-0.16728732054317824	4.995084794535233	-0.16728727400072593	
152.30441184603	5.004895087984677	-0.16398146364706026	4.995085278903268	-0.1639814187714766	
155.32034079348	5.004895317211793	-0.16080361359147383	4.99508573701822	-0.16080357029419098	
158.33626974093	5.004895534989244	-0.15774648347064593	4.995086170754256	-0.15774644166929697	
161.35219868837	5.004895742071467	-0.15480332868836436	4.9950865818208845	-0.15480328830623977	
164.36812763582	5.004895939151048	-0.15196789746985628	4.995086971779679	-0.1519678584354156	
167.38405658326	5.004896126865536	-0.14923438669485775	4.995087342059467	-0.14923434894133725	
170.39998553071	5.004896305802131	-0.14659740238881888	4.995087693969535	-0.1465973658537746	
173.41591447816	5.004896476502714	-0.1440519243181499	4.995088028711851	-0.14405188894317564	
176.4318434256	5.00489663946817	-0.14159327419344483	4.9950883473914836	-0.14159323992380488	
179.44777237305	5.004896795160989	-0.13921708706347546	4.995088651025114	-0.13921705384787642	
182.4637013205	5.004896944010072	-0.13691928553332314	4.995088940550132	-0.1369192533235644	
185.47963026794	5.00489708641312	-0.13469605648150246	4.995089216832128	-0.13469602523229637	
188.49555921539	5.004897222738869	-0.13254383000649136	4.995089480670632	-0.13254379967526878	
191.51148816283	5.004897353330155	-0.1304592603489332	4.9950897328056705	-0.13045923089557582	
194.52741711028	5.004897478506149	-0.12843920858377814	4.995089973922908	-0.12843917997050855	
197.54334605773	5.004897598563619	-0.12648072688872303	4.995090204658104	-0.12648069907992007	
200.55927500517	5.0048977137794575	-0.12458104422767281	4.995090425602048	-0.12458101718967111	
203.57520395262	5.004897824411918	-0.12273755330109015	4.995090637303487	-0.12273752700209187	
206.59113290006	5.0048979307026835	-0.12094779863485629	4.9950908402737975	-0.12094777304481427	
209.60706184751	5.004898032876501	-0.11920946569232106	4.995091034988323	-0.11920944078279241	
212.62299079496	5.004898131145112	-0.11752037091164262	4.995091221891402	-0.1175203466557012	
215.6389197424	5.004898225705491	-0.11587845257541778	4.995091401396801	-0.1158784289475161	
218.65484868985	5.004898316743512	-0.11428176243128173	4.995091573892296	-0.11428173940721917	
221.6707776373	5.0048984044325815	-0.11272845799755797	4.995091739739586	-0.1127284355543568	
224.68670658474	5.004898488935916	-0.11121679548352818	4.995091899277386	-0.11121677359935642	
227.70263553219	5.0048985704067075	-0.10974512327220183	4.995092052823386	-0.10974510192634088	
230.71856447963	5.004898648989487	-0.10831187591314644	4.995092200675313	-0.10831185508587429	
233.73449342708	5.0048987248196735	-0.10691556857520679	4.995092343112484	-0.10691554824773676	
236.75042237453	5.004898798024944	-0.105554791928275	4.995092480397273	-0.10555477208275825	
239.76635132197	5.004898868725719	-0.10422820740405032	4.9950926127762	-0.10422818802344266	
242.78228026942	5.004898937035883	-0.10293454281223881	4.995092740481547	-0.10293452388032111	
245.79820921687	5.004899003062127	-0.10167258827826288	4.995092863731402	-0.1016725697795553	
248.81413816431	5.004899066906133	-0.10044119247590126	4.995092982731846	-0.10044117439563063	
251.83006711176	5.004899128662813	-0.0992392591278711	4.9950930976761905	-0.09923924145193207	
254.8459960592	5.004899188423888	-0.0980657437558851	4.995093208748455	-0.09806572647079301	
257.86192500665	5.004899246273831	-0.09691965066011338	4.995093316120709	-0.09691963375299391	
260.8778539541	5.004899302294056	-0.0958000301027149	4.995093419956167	-0.0958000135612312	
263.89378290154	5.004899356561482	-0.09470597568886635	4.995093520409546	-0.0947059595012536	
266.90971184899	5.0048994091484555	-0.0936366219220674	4.995093617626093	-0.09363660607701867	
269.92564079644	5.004899460124343	-0.09259114192331765	4.995093711744272	-0.09259112641002853	
272.94156974388	5.004899509554696	-0.09156874530294609	4.995093802895233	-0.09156873011105691	
275.95749869133	5.004899557501485	-0.09056867616983624	4.995093891202347	-0.09056866128941521	
278.97342763877	5.004899604023518	-0.08959021126922541	4.99509397678312	-0.08959019669075492	
281.98935658622	5.004899649177825	-0.08863265824194118	4.9950940597496825	-0.0886326439562675	
285.00528553367	5.004899693017032	-0.08769535399171365	4.995094140207359	-0.08769533999007516	
288.02121448111	5.0048997355921125	-0.08677766315554489	4.995094218256522	-0.08677764942951903	
291.03714342856	5.004899776952119	-0.08587897667052133	4.995094293993523	-0.08587896321201459	
294.053072376	5.004899817141899	-0.08499871042604855	4.995094367508011	-0.08499869722727484	
297.06900132345	5.004899856206407	-0.08413630399954858	4.995094438887238	-0.08413629105302764	
300.0849302709	5.004899894187084	-0.0832912194680162	4.9950945082131435	-0.08329120676656834	
303.10085921834	5.00489993112444	-0.08246294029046054	4.99509457556454	-0.0824629278271582	
306.11678816579	5.004899967055016	-0.0816509702553821	4.995094641014465	-0.08165095802355227	
309.13271711324	5.004900002017141	-0.08085483249374131	4.9950947046359495	-0.08085482048697971	
312.14864606068	5.004900036044776	-0.08007406854079985	4.995094766496052	-0.08007405675291615	
315.16457500813	5.004900069170148	-0.07930823746152735	4.995094826658301	-0.0793082258865787	
318.18050395557	5.004900101426176	-0.07855691501714755	4.995094885185715	-0.07855690364938198	
321.19643290302	5.004900132842994	-0.07781969288587397	4.995094942137024	-0.07781968171974998	
324.21236185047	5.004900163449456	-0.07709617792093316	4.995094997568386	-0.07709616695112877	
327.22829079791	5.004900193273346	-0.07638599145372196	4.995095051533384	-0.07638598067508487	
330.24421974536	5.004900222341371	-0.07568876863162467	4.995095104083823	-0.07568875803916077	
333.26014869281	5.004900250678659	-0.07500415779709821	4.995095155268431	-0.07500414738601599	
336.27607764025	5.004900278310039	-0.0743318198925104	4.995095205134638	-0.07433180965816424	
339.2920065877	5.004900305258828	-0.07367142790428889	4.9950952537274595	-0.07367141784220359	
342.30793553514	5.004900331547103	-0.07302266633011768	4.995095301089873	-0.07302265643597265	
345.32386448259	5.004900357196678	-0.07238523068037697	4.995095347263091	-0.07238522094997668	
348.33979343004	5.004900382228164	-0.07175882699932877	4.995095392286928	-0.07175881742864104	
351.35572237748	5.004900406661446	-0.07114317141283605	4.9950954361994615	-0.07114316199794346	
354.37165132493	5.004900430515626	-0.07053798970173297	4.995095479037001	-0.07053798043884328	
357.38758027237	5.004900453808297	-0.06994301689471911	4.995095520833936	-0.06994300778014712	
360.40350921982	5.0049004765575855	-0.06935799688167936	4.995095561624292	-0.0693579879118961	
363.41943816727	5.004900498780305	-0.06878268204484478	4.995095601440085	-0.06878267321641983	
366.43536711471	5.004900520493009	-0.0682168329113747	4.995095640312765	-0.0682168242209839	
369.45129606216	5.004900541710525	-0.0676602178210177	4.99509567827086	-0.06766020926542639	
372.46722500961	5.004900562448508	-0.06711261261073112	4.995095715343829	-0.0671126041868049	
375.48315395705	5.00490058272048	-0.06657380031031472	4.995095751558087	-0.06657379201505392	
378.4990829045	5.00490060254166	-0.066043570862811	4.995095786941258	-0.06604356269327154	
381.51501185194	5.00490062192491	-0.06552172084430075	4.995095821518202	-0.06552171279761511	
384.53094079939	5.004900640882661	-0.06500805320838832	4.995095855312751	-0.0650080452818047	
387.54686974684	5.004900659428155	-0.06450237703646337	4.995095888349344	-0.06450236922731309	
390.56279869428	5.0049006775718645	-0.06400450730325499	4.995095920648859	-0.06400449960893476	
393.57872764173	5.004900695327235	-0.06351426464917839	4.995095952235135	-0.06351425706716138	
396.59465658918	5.004900712703799	-0.06303147516576466	4.995095983127509	-0.0630314676936052	
399.61058553662	5.004900729713114	-0.06255597018969136	4.995096013347037	-0.06255596282501703	
402.62651448407	5.004900746365579	-0.062087586109136055	4.995096042913115	-0.06208757884963462	
405.64244343151	5.004900762670564	-0.06162616417159885	4.995096071844017	-0.06162615701501612	
408.65837237896	5.00490077863843	-0.06117155030848264	4.995096100158302	-0.06117154325264582	
411.67430132641	5.00490079427835	-0.06072359496245118	4.995096127873545	-0.06072358800524966	
414.69023027385	5.004900809598633	-0.060282152921226316	4.9950961550057515	-0.06028214606057104	
417.7061592213	5.004900824608038	-0.05984708316670293	4.995096181571382	-0.059847076400620626	
420.72208816875	5.004900839315996	-0.05941824871843756	4.995096207586968	-0.059418242044958325	
423.73801711619	5.004900853730329	-0.058995516492341006	4.9950962330674304	-0.05899550990958716	
426.75394606364	5.004900867858063	-0.058578757164503836	4.995096258026696	-0.05857875067062302	
429.76987501108	5.004900881706943	-0.05816784503808007	4.995096282478912	-0.05816783863128389	
432.78580395853	5.004900895284958	-0.057762657916973284	4.9950963064384615	-0.05776265159551411	
435.80173290598	5.004900908598942	-0.05736307698484555	4.995096329918283	-0.05736307074702631	
438.81766185342	5.004900921655298	-0.05696898668926836	4.995096352930677	-0.05696898053343488	
441.83359080087	5.004900934461204	-0.05658027462953869	4.995096375488424	-0.05658026855407532	
444.84951974831	5.004900947022732	-0.056196831452568874	4.995096397603195	-0.05619682545589893	
447.86544869576	5.004900959346057	-0.05581855074529402	4.995096419286563	-0.05581854482590434	
450.88137764321	5.004900971437167	-0.05544532894212615	4.995096440549419	-0.05544532309852915	
453.89730659065	5.004900983302079	-0.055077065226366	4.995096461402977	-0.05507705945710296	
456.9132355381	5.004900994947139	-0.05471366144207465	4.9950964818581856	-0.05471365574572687	
459.92916448555	5.004901006377348	-0.05435502200426355	4.995096501924843	-0.054355016379458936	
462.94509343299	5.004901017596855	-0.05400105381755255	4.9950965216116	-0.054001048262951476	
465.96102238044	5.004901028611678	-0.05365166619522249	4.995096540928776	-0.05365166070950325	
468.97695132788	5.004901039426908	-0.05330677077845215	4.995096559885658	-0.05330676536034804	
471.99288027533	5.004901050047816	-0.052966281470179115	4.995096578491622	-0.0529662761184492	
475.00880922278	5.004901060478466	-0.0526301143523967	4.995096596754626	-0.05263010906582125	
478.02473817022	5.004901070723117	-0.05229818762583026	4.995096614682834	-0.052298182403216285	
481.04066711767	5.004901080786834	-0.05197042154018623	4.9950966322850086	-0.0519704163803885	
484.05659606512	5.004901090673694	-0.051646738331157946	4.995096649568827	-0.051646733233033024	
487.07252501256	5.004901100387793	-0.05132706215822954	4.995096666541785	-0.05132705712068572	
490.08845396001	5.004901109933549	-0.05101131904790852	4.995096683211902	-0.05101131406985642	
493.10438290745	5.004901119313617	-0.05069943683054062	4.995096699584733	-0.05069943191095048	
496.1203118549	5.004901128533486	-0.05039134509335202	4.995096715669163	-0.050391340231170395	
499.13624080235	5.004901137596089	-0.05008697512324089	4.995096731471328	-0.05008697031749243	
502.15216974979	5.004901146504804	-0.04978625985391373	4.995096746997408	-0.04978625510358937	
505.16809869724	5.004901155262969	-0.04948913382185527	4.995096762253538	-0.04948912912602544	
508.18402764468	5.004901163874876	-0.049195533114819674	4.99509677724701	-0.049195528472547614	
511.19995659213	5.004901172342382	-0.04890539532801174	4.995096791982483	-0.04890539073837232	
514.21588553958	5.0049011806700126	-0.0486186595161491	4.995096806466981	-0.04861865497824464	
517.23181448702	5.004901188861066	-0.04833526615852726	4.995096820706301	-0.04833526167149718	
520.24774343447	5.004901196917316	-0.048055157108938956	4.995096834704921	-0.048055152671928204	
523.26367238192	5.0049012048421195	-0.047778275563159237	4.995096848468594	-0.04777827117532298	
526.27960132936	5.004901212638517	-0.04750456601619206	4.995096862002562	-0.04750456167671872	
529.29553027681	5.004901220309639	-0.047233974228598895	4.995096875312356	-0.047233969936706866	
532.31145922425	5.00490122785741	-0.046966447184235115	4.995096888402097	-0.04696644293913141	
535.3273881717	5.004901235286343	-0.0467019330664904	4.995096901278403	-0.046701928867415976	
538.34331711915	5.004901242595861	-0.04644038121484741	4.995096913942893	-0.04644037706106075	
541.35924606659	5.0049012497915815	-0.046181742095373395	4.995096926403288	-0.04618173798614397	
544.37517501404	5.004901256872132	-0.045925967273495204	4.995096938660212	-0.045925963208099226	
547.39110396149	5.004901263843748	-0.045673009383982256	4.995096950721702	-0.0456730053617262	
550.40703290893	5.004901270707675	-0.04542282208684193	4.995096962590904	-0.04542281810703792	
553.42296185638	5.004901277465475	-0.04517536006269858	4.995096974271379	-0.04517535612468753	
556.43889080382	5.004901284119726	-0.044930578969742084	4.995096985767306	-0.04493057507282774	
559.45481975127	5.004901290672427	-0.0446884354187371	4.995096997082484	-0.04468843156230492	
562.47074869872	5.004901297124498	-0.04444888695184958	4.995097008219532	-0.04444888313528946	
565.48667764616	5.004901303479984	-0.04421189202068565	4.995097019184195	-0.04421188824335429	
568.50260659361	5.004901309739757	-0.04397740994942241	4.995097029978947	-0.04397740621072733	
571.51853554106	5.004901315906819	-0.04374540092541118	4.995097040608187	-0.04374539722476012	
574.5344644885	5.004901321984003	-0.04351582596817137	4.995097051076451	-0.043515822304993144	
577.55039343595	5.004901327965875	-0.04328864690959424	4.995097061379802	-0.04328864328330668	
580.56632238339	5.004901333864037	-0.0430638263830877	4.9950970715312435	-0.04306382279313454	
583.58225133084	5.004901339673429	-0.04284132777880837	4.995097081526915	-0.04284132422464675	
586.59818027829	5.004901345399229	-0.04262111525168114	4.9950970913736965	-0.04262111173277696	
589.61410922573	5.0049013510423555	-0.042403153682774655	4.995097101073704	-0.042403150198609574	
592.63003817318	5.004901356602674	-0.04218740867110119	4.995097110628203	-0.04218740522117204	
595.64596712062	5.00490136208449	-0.04197384651064167	4.9950971200426	-0.0419738430944255	
598.66189606807	5.004901367487656	-0.04176243417143535	4.9950971293181485	-0.04176243078844192	
601.67782501552	5.004901372813973	-0.04155313928995148	4.995097138457749	-0.04155313593970717	
604.69375396296	5.004901378063894	-0.041345930144948514	4.995097147463152	-0.041345926826984986	
607.70968291041	5.0049013832414175	-0.0411407756449488	4.995097156339359	-0.04114077235880198	
610.72561185786	5.004901388343297	-0.04093764531370689	4.995097165084423	-0.04093764205891348	
613.7415408053	5.0049013933797415	-0.0407365092721113	4.99509717370975	-0.0407365060482018	
616.75746975275	5.004901398341209	-0.04053733822613274	4.995097182206602	-0.04053733503268223	
619.77339870019	5.00490140323682	-0.04034010345364008	4.995097190585097	-0.040340100290234715	
622.78932764764	5.004901408064649	-0.040144776788278026	4.99509719884471	-0.04014477365446513	
625.80525659509	5.0049014128264275	-0.039951330603793474	4.995097206987975	-0.03995132749917438	
628.82118554253	5.004901417523552	-0.03975973780892642	4.9950972150172825	-0.03975973473311107	
631.83711448998	5.004901422154173	-0.03956997182401382	4.995097222931591	-0.039569968776574746	
634.85304343743	5.004901426724709	-0.039382006582121806	4.995097230738513	-0.039382003562676876	
637.86897238487	5.004901431233639	-0.03919581650446859	4.995097238437328	-0.039195813512649995	
640.88490133232	5.004901435681605	-0.039011376495847294	4.99509724602958	-0.03901137353127105	
643.90083027976	5.004901440071115	-0.03882866193304819	4.995097253518578	-0.03882865899532545	
646.91675922721	5.004901444401544	-0.03864764865027173	4.995097260904792	-0.038647645739056116	
649.93268817466	5.00490144867483	-0.0384683129349542	4.995097268190767	-0.03846831004986601	
652.9486171221	5.004901452891285	-0.03829063150906603	4.995097275377708	-0.038290628649773006	
655.96454606955	5.0049014570539825	-0.0381145815264378	4.995097282469393	-0.038114578692597885	
658.980475017	5.004901461161171	-0.037940140559337025	4.9950972894651695	-0.037940137750585384	
661.99640396444	5.004901465214067	-0.03776728659069722	4.995097296366553	-0.03776728380672801	
665.01233291189	5.004901469216857	-0.03759599800484424	4.99509730317893	-0.037595995245322374	
668.02826185933	5.0049014731654005	-0.03742625357375568	4.9950973098986635	-0.03742625083835991	
671.04419080678	5.004901477066331	-0.03725803245791819	4.995097316533182	-0.03725802974631587	
674.06011975423	5.004901480916052	-0.03709131418768766	4.995097323079593	-0.037091311499575716	
677.07604870167	5.004901484717444	-0.03692607866271893	4.995097329541374	-0.03692607599781555	
680.09197764912	5.0049014884708605	-0.036762306139392895	4.99509733591958	-0.03676230349737651	
683.10790659656	5.004901492174832	-0.0365999772257145	4.995097342213539	-0.0365999746063127	
686.12383554401	5.004901495833959	-0.03643907287136567	4.995097348428357	-0.0364390702742661	
689.13976449146	5.004901499445528	-0.036279574361724416	4.995097354562115	-0.03627957178663774	
692.1556934389	5.004901503013894	-0.03612146331057185	4.995097360619571	-0.036121460757229384	
695.17162238635	5.004901506536797	-0.03596472165143297	4.995097366599263	-0.03596471911956882	
698.1875513338	5.004901510016647	-0.035809331632247	4.995097372504104	-0.03580932912160496	
701.20348028124	5.004901513453141	-0.035655275811903024	4.995097378334388	-0.0356552733221833	
704.21940922869	5.004901516845849	-0.03550253704614925	4.995097384090288	-0.03550253457710659	
707.23533817613	5.004901520199726	-0.035351098486842	4.995097389777256	-0.03535109603820341	
710.25126712358	5.004901523511004	-0.03520094357443948	4.995097395392224	-0.03520094114597125	
713.26719607103	5.004901526782297	-0.03505205603158604	4.995097400938108	-0.03505205362302853	
716.28312501847	5.004901530014399	-0.034904419856191984	4.995097406416502	-0.034904417467306735	
719.29905396592	5.004901533206688	-0.03475801932006069	4.995097411827081	-0.03475801695059527	
722.31498291337	5.004901536361123	-0.03461283895530655	4.995097417172407	-0.0346128366050513	
725.33091186081	5.0049015394767435	-0.03446886355761604	4.99509742245202	-0.03446886122633918	
728.34684080826	5.004901542556376	-0.034326078178096596	4.995097427669245	-0.03432607586553217	
731.3627697557	5.00490154559893	-0.0341844681101737	4.99509743282329	-0.03418446581613237	
734.37869870315	5.004901548605695	-0.03404401889647388	4.995097437916247	-0.03404401662069894	
737.3946276506	5.004901551576249	-0.033904716317950716	4.9950974429477935	-0.03390471406025199	
740.41055659804	5.004901554510753	-0.033766546388015774	4.995097447918789	-0.0337665441481715	
743.42648554549	5.004901557411751	-0.03362949534981562	4.99509745283208	-0.033629493127604465	
746.44241449293	5.004901560278776	-0.03349354967364693	4.995097457687797	-0.03349354746888791	
749.45834344038	5.004901563114344	-0.033358696044267326	4.995097462488558	-0.033358693856719725	
752.47427238783	5.004901565915059	-0.03322492136975958	4.995097467231766	-0.033224919199238735	
755.49020133527	5.004901568679509	-0.03309221275777025	4.995097471916108	-0.0330922106040719	
758.50613028272	5.004901571417771	-0.03296055753878919	4.995097476552163	-0.03296055540173896	
761.52205923017	5.0049015741214085	-0.032829943231650095	4.995097481131894	-0.03282994111102065	
764.53798817761	5.004901576794871	-0.032700357560241804	4.995097485660049	-0.032700355455864805	
767.55391712506	5.004901579438095	-0.032571788446370986	4.995097490137067	-0.03257178635805394	
770.5698460725	5.004901582050109	-0.0324442239944316	4.995097494562273	-0.03244422192200595	
773.58577501995	5.004901584632823	-0.032317652506602415	4.995097498937882	-0.032317650449861304	
776.6017039674	5.004901587186043	-0.032192062459443366	4.995097503264096	-0.03219206041823568	
779.61763291484	5.004901589710557	-0.03206744251151827	4.995097507541904	-0.0320674404856566	
782.63356186229	5.0049015922056475	-0.03194378150092199	4.9950975117711875	-0.03194377949026265	
785.64949080974	5.004901594674181	-0.03182106843587159	4.995097515954815	-0.03182106644019434	
788.66541975718	5.004901597114317	-0.03169929249186987	4.995097520091645	-0.031699290511043136	
791.68134870463	5.004901599527204	-0.031578443017873825	4.995097524182726	-0.03157844105172044	
794.69727765207	5.004901601912978	-0.03145850951733452	4.995097528228794	-0.031458507565672804	
797.71320659952	5.004901604273068	-0.03133948165741386	4.99509753223128	-0.031339479720116546	
800.72913554697	5.004901606605695	-0.031221349262382948	4.995097536188999	-0.031221347339272024	
803.74506449441	5.004901608913362	-0.03110410230660374	4.995097540104661	-0.031104100397524596	
806.76099344186	5.004901611195673	-0.030987730921467293	4.995097543977967	-0.030987729026267567	
809.77692238931	5.004901613452718	-0.03087222537716978	4.995097547809405	-0.03087222349570728	
812.79285133675	5.004901615684477	-0.030757576096398082	4.995097551599359	-0.03075757422851702	
815.8087802842	5.004901617892724	-0.030643773639872487	4.995097555349501	-0.030643771785423983	
818.82470923164	5.004901620076523	-0.030530808709308993	4.995097559059396	-0.03053080686813738	
821.84063817909	5.004901622237331	-0.030418672138621802	4.995097562730698	-0.0304186703106085	
824.85656712654	5.004901624373995	-0.030307354903194056	4.995097566362457	-0.030307353088183418	
827.87249607398	5.004901626485356	-0.030196848104714853	4.9950975699538125	-0.03019684630257634	
830.88842502143	5.004901628579546	-0.030087142979321437	4.995097573513098	-0.030087141189907428	
833.90435396887	5.004901630647089	-0.029978230878712892	4.995097577031037	-0.0299782291018838	
836.92028291632	5.004901632694503	-0.029870103291275537	4.995097580514246	-0.0298701015269315	
839.93621186377	5.004901634718298	-0.02976275181738657	4.995097583959735	-0.029762750065378644	
842.95214081121	5.004901636722876	-0.029656168186589116	4.995097587371809	-0.029656166446781294	
845.96806975866	5.004901638704333	-0.02955034423672653	4.9950975907468615	-0.02955034250898844	
848.98399870611	5.004901640665259	-0.029445271929106055	4.995097594087783	-0.029445270213320142	
851.99992765355	5.004901642606735	-0.02934094333051586	4.995097597395855	-0.029340941626555442	
855.015856601	5.004901644527437	-0.029237350624062308	4.995097600669852	-0.029237348931811222	
858.03178554844	5.004901646429134	-0.029134486099810723	4.995097603911545	-0.02913448441914155	
861.04771449589	5.00490164830819	-0.02903234215654129	4.995097607117897	-0.029032340487349362	
864.06364344334	5.00490165016846	-0.028930911294950415	4.995097610292563	-0.02893090963710155	
867.07957239078	5.004901652010996	-0.02883018612529639	4.995097613436994	-0.028830184478687963	
870.09550133823	5.004901653834842	-0.02873015935189252	4.995097616550137	-0.028730157716392646	
873.11143028568	5.004901655637637	-0.02863082378360324	4.995097619630227	-0.028630822159104393	
876.12735923312	5.004901657423314	-0.02853217232394685	4.995097622680901	-0.02853217071034714	
879.14328818057	5.004901659190102	-0.028434197975749687	4.995097625700884	-0.028434196372947702	
882.15921712801	5.004901660940522	-0.028336893833996162	4.9950976286926005	-0.028336892241874904	
885.17514607546	5.004901662673491	-0.028240253087018646	4.995097631655266	-0.028240251505451567	
888.19107502291	5.004901664386821	-0.02814426901882361	4.995097634586792	-0.028144267447734562	
891.20700397035	5.004901666083819	-0.028048934996109425	4.995097637490585	-0.028048933435378617	
894.2229329178	5.004901667763484	-0.02795424447630442	4.995097640365947	-0.02795424292583356	
897.23886186524	5.004901669427515	-0.02786019100517311	4.995097643214475	-0.02786018946486417	
900.25479081269	5.004901671072802	-0.027766768215220887	4.995097646033358	-0.027766766684986195	
903.27071976014	5.004901672703733	-0.027673969815109244	4.995097648827087	-0.027673968294823312	
906.28664870758	5.0049016743163905	-0.027581789601221565	4.995097651592039	-0.027581788090811316	
909.30257765503	5.004901675917051	-0.02749022145552138	4.995097654334197	-0.027490219954875942	
912.31850660248	5.004901677498188	-0.027399259330998134	4.99509765704643	-0.02739925784002292	
915.33443554992	5.00490167906507	-0.0273088972640573	4.99509765973421	-0.027308895782668898	
918.35036449737	5.0049016806170625	-0.02721912936634334	4.995097662396798	-0.027219127894434546	
921.36629344481	5.004901682152524	-0.027129949827975765	4.995097665032858	-0.027129948365465572	
924.38222239226	5.004901683674614	-0.027041352907182105	4.995097667645544	-0.027041351453983693	
927.39815133971	5.00490168518378	-0.026953332944937833	4.9950976702355065	-0.026953331500955427	
930.41408028715	5.004901686674273	-0.026865884344838505	4.995097672797097	-0.02686588290997152	
933.4300092346	5.004901688154237	-0.02677900159262759	4.9950976753384575	-0.026779000166809532	
936.44593818205	5.004901689616611	-0.02669267923267463	4.995097677852728	-0.026692677815816173	
939.46186712949	5.004901691067532	-0.02660691188451125	4.995097680346146	-0.026606910476543	
942.47779607694	5.004901692502834	-0.02652169423434681	4.995097682814645	-0.026521692835152596	
945.49372502438	5.004901693926644	-0.026437021034891112	4.995097685262353	-0.026437019644411607	
948.50965397183	5.004901695335191	-0.0263528871047905	4.995097687685795	-0.026352885722953603	
951.52558291928	5.004901696730693	-0.026269287327311635	4.995097690087095	-0.026269285954021133	
954.54151186672	5.004901698114572	-0.026186216649361105	4.99509769246797	-0.026186215284540675	
957.55744081417	5.004901699484041	-0.026103670080160443	4.995097694825638	-0.026103668723738992	
960.57336976162	5.004901700841214	-0.026021642689511234	4.995097697162308	-0.02602164134140047	
963.58929870906	5.004901702186898	-0.02594012961166111	4.9950976994786895	-0.02594012827178266	
966.60522765651	5.004901703518801	-0.02585912604041059	4.995097701772989	-0.025859124708680178	
969.62115660395	5.0049017048389235	-0.02577862722283038	4.9950977040470095	-0.02577862589920148	
972.6370855514	5.004901706141966	-0.025698628468862037	4.995097706295448	-0.025698627153226062	
975.65301449885	5.004901707442823	-0.025619125146165173	4.995097708533604	-0.025619123838481476	
978.66894344629	5.00490170872679	-0.0255401126745074	4.995097710746569	-0.025540111374717178	
981.68487239374	5.004901709998959	-0.02546158653523238	4.995097712939634	-0.0254615852432277	
984.70080134118	5.004901711261013	-0.025383542258206666	4.995097715114686	-0.025383540973920517	
987.71673028863	5.004901712510941	-0.025305975433423014	4.9950977172697115	-0.025305974156795065	
990.73265923608	5.004901713747324	-0.02522888169818099	4.995097719403292	-0.025228880429148812	
993.74858818352	5.00490171497544	-0.025152256744245236	4.995097721520906	-0.025152255482725275	
996.76451713097	5.004901716191668	-0.025076096318935405	4.995097723618832	-0.025076095064892907	
999.78044607842	5.004901717397582	-0.02500039621212817	4.995097725698942	-0.02500039496547204	
1002.7963750259	5.004901718593851	-0.02492515227246617	4.995097727761809	-0.02492515103313128	
1005.8123039733	5.004901719777047	-0.024850360391244112	4.995097729804204	-0.024850359159175946	
1008.8282329208	5.004901720952236	-0.024776016511605686	4.995097731831289	-0.024776015286728476	
1011.8441618682	5.004901722114981	-0.024702116623506472	4.995097733838634	-0.024702115405773314	
1014.8600908156	5.004901723271345	-0.024628656763386242	4.9950977358321955	-0.02462865555270986	
1017.8760197631	5.004901724411187	-0.024555633025681665	4.995097737802335	-0.024555631822032523	
1020.8919487105	5.0049017255468655	-0.02448304152728638	4.995097739761211	-0.024483040330571693	
1023.907877658	5.004901726668933	-0.024410878449161105	4.995097741699376	-0.02441087725932981	
1026.9238066054	5.004901727780944	-0.02433914001112355	4.995097743620586	-0.024339138828130238	
1029.9397355529	5.004901728888949	-0.02426782247543043	4.9950977455309875	-0.02426782129920739	
1032.9556645003	5.004901729982995	-0.024196922153938434	4.995097747420632	-0.02419692098443458	
1035.9715934478	5.004901731066729	-0.024126435393248265	4.995097749293264	-0.02412643423039423	
1038.9875223952	5.004901732145397	-0.024056358586535646	4.995097751154229	-0.024056357430267673	
1042.0034513427	5.0049017332065375	-0.02398668816844233	4.995097752990968	-0.02398668701873127	
1045.0193802901	5.004901734270494	-0.02391742060883093	4.995097754824022	-0.023917419465612457	
1048.0353092376	5.004901735320302	-0.02384855242680729	4.995097756636528	-0.023848551290018498	
1051.051238185	5.004901736359298	-0.02378008018214213	4.995097758431824	-0.02378007905173976	
1054.0671671324	5.00490173738942	-0.023712000461625103	4.995097760212042	-0.023711999337542596	
1057.0830960799	5.004901738414796	-0.023644309900449013	4.995097761981118	-0.02364430878262934	
1060.0990250273	5.004901739429558	-0.02357700516997554	4.995097763733478	-0.023577004058367323	
1063.1149539748	5.004901740434736	-0.023510082979002565	4.995097765470053	-0.02351008187357389	
1066.1308829222	5.004901741431156	-0.023443540072010605	4.995097767191871	-0.02344353897269333	
1069.1468118697	5.004901742423843	-0.023377373235488646	4.995097768903956	-0.02337737214224703	
1072.1627408171	5.00490174340392	-0.023311579281204316	4.995097770597531	-0.023311578193978215	
1075.1786697646	5.00490174437901	-0.023246155072374423	4.99509777228012	-0.02324615399110418	
1078.194598712	5.004901745344033	-0.02318109749460771	4.9950977739469415	-0.023181096419274322	
1081.2105276595	5.004901746300807	-0.023116403466013874	4.995097775599715	-0.023116402396541974	
1084.2264566069	5.004901747248249	-0.023052069957237773	4.995097777237454	-0.023052068893581277	
1087.2423855544	5.004901748193175	-0.022988093942741143	4.995097778866978	-0.02298809288486465	
1090.2583145018	5.004901749126899	-0.022924472464238795	4.9950977804798	-0.022924471412074276	
1093.2742434492	5.004901750054631	-0.022861202570903422	4.995097782081031	-0.02286120152442552	
1096.2901723967	5.004901750974883	-0.02279828135786186	4.995097783669283	-0.02279828031700766	
1099.3061013441	5.004901751885166	-0.02273570594464093	4.995097785242263	-0.02273570490937894	
1102.3220302916	5.0049017527907855	-0.022673473485430345	4.9950977868051805	-0.022673472455720687	
1105.337959239	5.004901753690248	-0.0226115811666919	4.995097788356542	-0.022611580142464116	
1108.3538881865	5.004901754580059	-0.022550026204617407	4.995097789893052	-0.02255002518586246	
1111.3698171339	5.004901755462522	-0.02248880583942668	4.995097791417013	-0.022488804826067056	
1114.3857460814	5.00490175633904	-0.0224279173499085	4.995097792929829	-0.02242791634193316	
1117.4016750288	5.004901757210512	-0.022367358043845657	4.9950977944325	-0.022367357041193983	
1120.4176039763	5.004901758070638	-0.022307125252713927	4.995097795918824	-0.022307124255338758	
1123.4335329237	5.004901758929116	-0.022247216342762135	4.995097797398501	-0.022247215350628808	
1126.4494618712	5.004901759777344	-0.022187628698865102	4.995097798862927	-0.022187627711941323	
1129.4653908186	5.004901760619017	-0.022128359747690632	4.995097800315899	-0.02212835876591559	
1132.481319766	5.00490176145623	-0.022069406928652585	4.99509780175951	-0.022069405951983777	
1135.4972487135	5.004901762286173	-0.022010767720036597	4.995097803191153	-0.02201076674845715	
1138.5131776609	5.004901763109243	-0.021952439618460697	4.99509780461112	-0.02195243865193497	
1141.5291066084	5.004901763926827	-0.021894420156592567	4.9950978060208024	-0.02189441919505644	
1144.5450355558	5.004901764737115	-0.021836706885081093	4.995097807418689	-0.021836705928499803	
1147.5609645033	5.0049017655368955	-0.02177929738110206	4.995097808801369	-0.021779296429466254	
1150.5768934507	5.004901766340157	-0.02172218925085634	4.9950978101830295	-0.02172218830408902	
1153.5928223982	5.004901767132186	-0.02166538012290771	4.9950978115487565	-0.02166537918099831	
1156.6087513456	5.004901767919165	-0.02160886765597601	4.995097812905134	-0.021608866718868365	
1159.6246802931	5.004901768698379	-0.021552649520527132	4.995097814249348	-0.02155264858819541	
1162.6406092405	5.004901769473813	-0.021496723430272792	4.995097815585179	-0.021496722502679644	
1165.656538188	5.0049017702437455	-0.02144108710197893	4.995097816911311	-0.021441086179086178	
1168.6724671354	5.00490177100626	-0.02138573829210034	4.9950978182256245	-0.02138573737387232	
1171.6883960828	5.004901771762235	-0.021330674770672867	4.995097819529198	-0.021330673857069254	
1174.7043250303	5.00490177251535	-0.02127589433694637	4.995097820825712	-0.021275893427944153	
1177.7202539777	5.004901773261182	-0.02122139481132365	4.995097822110642	-0.02122139390689429	
1180.7361829252	5.004901774001907	-0.02116717403017361	4.995097823386466	-0.021167173130259682	
1183.7521118726	5.004901774737004	-0.02111322986475801	4.995097824652562	-0.021113228969344724	
1186.7680408201	5.004901775464944	-0.02105956019281381	4.995097825907302	-0.02105955930184949	
1189.7839697675	5.0049017761901045	-0.021006162927790797	4.9950978271553605	-0.02100616204126519	
1192.799898715	5.004901776907357	-0.02095303599054183	4.995097828391412	-0.020953035108407958	
1195.8158276624	5.004901777623574	-0.020900177336337734	4.995097829622726	-0.020900176458556054	
1198.8317566099	5.004901778332425	-0.020847584935970408	4.995097830842577	-0.020847584062520633	
1201.8476855573	5.004901779033683	-0.020795256774385724	4.995097832051034	-0.020795255905225827	
1204.8636145048	5.004901779731816	-0.020743190866113488	4.9950978332524665	-0.02074319000122091	
1207.8795434522	5.004901780424694	-0.020691385239753637	4.995097834444943	-0.02069138437909891	
1210.8954723996	5.004901781114884	-0.020639837948458927	4.995097835630931	-0.020639837091997106	
1213.9114013471	5.004901781796952	-0.020588547059511304	4.9950978368050984	-0.02058854620721463	
1216.9273302945	5.004901782475566	-0.02053751066068663	4.995097837972212	-0.02053750981254964	
1219.943259242	5.004901783149091	-0.02048672686210573	4.995097839130535	-0.02048672601807337	
1222.9591881894	5.004901783819791	-0.02043619379040353	4.995097840282334	-0.020436192950447872	
1225.9751171369	5.004901784480129	-0.02038590958995086	4.995097841420272	-0.020385908754046396	
1228.9910460843	5.00490178514097	-0.02033587242468958	4.995097842555112	-0.020335871592813037	
1232.0069750318	5.004901785793876	-0.02028608047253764	4.995097843678516	-0.020286079644648947	
1235.0229039792	5.004901786442308	-0.020236531937976844	4.9950978447940475	-0.020236531114046333	
1238.0388329267	5.004901787089427	-0.020187225035867066	4.995097845904865	-0.02018722421587531	
1241.0547618741	5.004901787726992	-0.02013815800003321	4.995097847002629	-0.020138157183948065	
1244.0706908216	5.004901788365664	-0.02008932908347514	4.995097848098201	-0.020089328271268688	
1247.086619769	5.004901788997102	-0.020040736551345754	4.995097849183137	-0.02004073574299141	
1250.1025487165	5.004901789623462	-0.01999237869337494	4.995097850259696	-0.019992377888843234	
1253.1184776639	5.004901790247402	-0.0199442538098676	4.995097851330535	-0.019944253009131458	
1256.1344066113	5.004901790865881	-0.019896360216178563	4.995097852392712	-0.019896359419214145	
1259.1503355588	5.004901791479951	-0.01984869624921376	4.995097853447283	-0.01984869545599941	
1262.1662645062	5.0049017920908705	-0.019801260260204036	4.995097854495401	-0.019801259470709487	
1265.1821934537	5.004901792694193	-0.019754050611955305	4.995097855532823	-0.019754049826152448	
1268.1981224011	5.0049017932962725	-0.01970706569339445	4.995097856565901	-0.019707064911250387	
1271.2140513486	5.004901793893462	-0.019660303893425404	4.99509785759099	-0.01966030311493049	
1274.229980296	5.004901794487915	-0.019613763626735014	4.995097858610341	-0.019613762851846905	
1277.2459092435	5.0049017950750825	-0.019567443324025217	4.995097859619209	-0.019567442552740743	
1280.2618381909	5.004901795663219	-0.01952134142441482	4.995097860626144	-0.019521340656692043	
1283.2777671384	5.0049017962432725	-0.019475456388711832	4.995097861621897	-0.019475455624521083	
1286.2936960858	5.004901796819594	-0.01942978668401907	4.995097862611117	-0.019429785923354953	
1289.3096250333	5.004901797393634	-0.01938433079812245	4.995097863595056	-0.01938433004093968	
1292.3255539807	5.004901797964441	-0.019339087230948893	4.9950978645728625	-0.019339086477240478	
1295.3414829281	5.004901798527165	-0.0192940544972063	4.995097865539785	-0.01929405374693343	
1298.3574118756	5.004901799089851	-0.01924923112658456	4.995097866503771	-0.019249230379738653	
1301.373340823	5.00490179964755	-0.01920461565713354	4.9950978674598705	-0.019204614913676327	
1304.3892697705	5.004901800202209	-0.019160206647783253	4.995097868410228	-0.01916020590770746	
1307.4051987179	5.004901800752372	-0.019116002664249492	4.99509786935329	-0.019116001927524256	
1310.4211276654	5.0049018012989865	-0.019072002291109218	4.995097870290103	-0.019072001557700814	
1313.4370566128	5.004901801842798	-0.019028204118708328	4.9950978712214145	-0.019028203388612205	
1316.4529855603	5.004901802382451	-0.018984606759772694	4.995097872145866	-0.018984606032954567	
1319.4689145077	5.004901802917491	-0.01894120883342529	4.9950978730630045	-0.018941208109870045	
1322.4848434552	5.00490180345056	-0.018898008973907	4.995097873975373	-0.018898008253593706	
1325.5007724026	5.004901803979602	-0.018855005823456693	4.995097874881315	-0.018855005106357604	
1328.5167013501	5.004901804505162	-0.018812198043585356	4.995097875781174	-0.018812197329690975	
1331.5326302975	5.00490180502668	-0.018769584302764875	4.995097876674292	-0.018769583592036853	
1334.5485592449	5.0049018055457	-0.01872716328638813	4.99509787756251	-0.018727162578820313	
1337.5644881924	5.004901806060361	-0.018684933685448067	4.995097878443671	-0.018684932981008477	
1340.5804171398	5.004901806572707	-0.018642894206062615	4.995097879320116	-0.018642893504736524	
1343.5963460873	5.004901807080377	-0.018601043568887664	4.995097880189385	-0.018601042870651424	
1346.6122750347	5.004901807584011	-0.018559380499847157	4.995097881052219	-0.018559379804683362	
1349.6282039822	5.00490180808995	-0.01851790374191596	4.9950978819149565	-0.018517903049801467	
1352.6441329296	5.004901808584932	-0.018476612048768035	4.995097882764139	-0.01847661135967273	
1355.6600618771	5.0049018090810975	-0.018435504178679323	4.995097883612303	-0.01843550349259829	
1358.6759908245	5.004901809573383	-0.01839457890898372	4.995097884454188	-0.01839457822589232	
1361.691919772	5.004901810063328	-0.01835383502609713	4.995097885291332	-0.018353834345979793	
1364.7078487194	5.004901810549269	-0.018313271321829493	4.995097886122073	-0.01831327064467587	
1367.7237776669	5.004901811031445	-0.018272886606291776	4.995097886946848	-0.018272885932060657	
1370.7397066143	5.004901811510891	-0.018232679694381842	4.995097887766592	-0.018232679023065215	
1373.7556355617	5.004901811988743	-0.018192649414501626	4.995097888582445	-0.01819264874607659	
1376.7715645092	5.00490181246114	-0.01815279460569306	4.995097889390741	-0.018152793940149962	
1379.7874934566	5.0049018129323155	-0.018113114112080084	4.995097890195416	-0.018113113449387364	
1382.8034224041	5.004901813399605	-0.018073606795830633	4.995097890994004	-0.018073606135976875	
1385.8193513515	5.004901813864744	-0.01803427152335962	4.995097891788342	-0.01803427086632967	
1388.835280299	5.004901814326365	-0.017995107173319966	4.995097892576964	-0.017995106519088703	
1391.8512092464	5.004901814785405	-0.017956112632824615	4.995097893360903	-0.01795611198137918	
1394.8671381939	5.004901815241696	-0.01791728679936944	4.995097894139893	-0.017917286150697046	
1397.8830671413	5.004901815693872	-0.017878628579740496	4.995097894912768	-0.01787862793380651	
1400.8989960888	5.004901816144266	-0.017840136891542607	4.995097895681662	-0.0178401362483516	
1403.9149250362	5.00490181659181	-0.017801810662074757	4.9950978964457065	-0.017801810021590404	
1406.9308539837	5.004901817036538	-0.017763648823232857	4.995097897204833	-0.01776364818545598	
1409.9467829311	5.004901817477782	-0.01772565032031886	4.995097897958476	-0.017725649685216442	
1412.9627118785	5.0049018179166715	-0.017687814107730702	4.9950978987077645	-0.01768781347529285	
1415.978640826	5.00490181835364	-0.017650139147809284	4.995097899453133	-0.017650138518012292	
1418.9945697734	5.0049018187871175	-0.01761262441019059	4.995097900193009	-0.01761262378302983	
1422.0104987209	5.004901819218635	-0.01757526887741549	4.9950979009289265	-0.017575268252870566	
1425.0264276683	5.004901819646023	-0.017538071537133004	4.995097901658814	-0.017538070915189524	
1428.0423566158	5.0049018200725115	-0.017501031387970045	4.995097902385902	-0.0175010307686058	
1431.0582855632	5.00490182049543	-0.017464147435398508	4.995097903107521	-0.017464146818603518	
1434.0742145107	5.004901820916009	-0.017427418695460394	4.995097903824998	-0.017427418081204682	
1437.0901434581	5.004901821334077	-0.017390844189643602	4.995097904537965	-0.017390843577917363	
1440.1060724056	5.004901821748662	-0.017354422949608064	4.99509790524565	-0.017354422340409716	
1443.122001353	5.004901822161794	-0.01731815401842676	4.995097905949981	-0.01731815341172575	
1446.1379303005	5.0049018225725	-0.017282036440864578	4.995097906650087	-0.017282035836656533	
1449.1538592479	5.00490182298001	-0.017246069276231502	4.995097907345197	-0.017246068674490116	
1452.1697881953	5.00490182338445	-0.017210251589265528	4.995097908035535	-0.017210250989982596	
1455.1857171428	5.0049018237884475	-0.01717458245165947	4.995097908723633	-0.017174581854813027	
1458.2016460902	5.004901824189029	-0.017139060945639398	4.995097909406615	-0.017139060351216512	
1461.2175750377	5.004901824586824	-0.017103686163256155	4.995097910084909	-0.01710368557125106	
1464.2335039851	5.004901824982257	-0.017068457199452748	4.9950979107594415	-0.017068456609843772	
1467.2494329326	5.0049018253754545	-0.01703337316415109	4.995097911429938	-0.01703337257692473	
1470.26536188	5.004901825766243	-0.016998433172448164	4.995097912096226	-0.01699843258758896	
1473.2812908275	5.004901826154748	-0.016963636348499903	4.99509791275873	-0.016963635765995536	
1476.2972197749	5.004901826540196	-0.016928981826196232	4.995097913416478	-0.016928981246034484	
1479.3131487224	5.004901826924711	-0.016894468750878126	4.995097914071792	-0.016894468173046972	
1482.3290776698	5.004901827304819	-0.016860096278271505	4.9950979147212	-0.01686009570273996	
1485.3450066173	5.004901827684844	-0.016825863572563358	4.995097915369024	-0.01682586299933255	
1488.3609355647	5.00490182806151	-0.0167917698160126	4.995097916011891	-0.016791769245068793	
1491.3768645121	5.004901828435844	-0.01675781420076217	4.995097916651123	-0.01675781363208574	
1494.3927934596	5.004901828807967	-0.016723995942826076	4.995097917286546	-0.01672399537640547	
1497.408722407	5.004901829177806	-0.016690314275580233	4.995097917918484	-0.016690313711409024	
1500.4246513545	5.004901829545182	-0.016656768460864585	4.99509791854676	-0.0166567678989155	
1503.4405803019	5.004901829910319	-0.016623357799188086	4.995097919171696	-0.016623357239460908	
1506.4565092494	5.004901830273043	-0.016590081640810675	4.99509791979302	-0.016590081083285343	
