1.5079644737231	5.009248065040549	-4.606049527751339	4.990746706259814	-4.60604952601831	
4.5238934211693	5.006757531196001	-3.5357749733838957	4.9932367849555455	-3.535774972159412	
7.5398223686155	5.00579454571262	-2.614255347862675	4.9941994257813285	-2.6142553469615666	
10.555751316062	5.0054121109667715	-2.0458795803405523	4.99458159797015	-2.045879579657874	
13.571680263508	5.005228190945147	-1.6693119245355146	4.994765312993005	-1.6693119240039977	
16.587609210954	5.00512704761696	-1.4046911896658132	4.994866291733805	-1.404691189240602	
19.6035381584	5.005065845832667	-1.2098788668011797	4.994927357777405	-1.209878866452435	
22.619467105847	5.005026119558755	-1.0611043744798938	4.994966969305386	-1.0611043741870283	
25.635396053293	5.004998920347616	-0.9440968631920306	4.9949940693462445	-0.9440968629408414	
28.651325000739	5.0049795034980695	-0.8498387283208981	4.995013398791294	-0.8498387281013589	
31.667253948185	5.004965169070863	-0.7723831622730863	4.995027654850486	-0.7723831620779779	
34.683182895631	5.004954291057795	-0.7076645013031075	4.995038461541017	-0.7076645011271714	
37.699111843078	5.004945843722501	-0.6528165310070531	4.9950468431215205	-0.6528165308463475	
40.715040790524	5.004939154527327	-0.6057646141540345	4.995053471014947	-0.6057646140055832	
43.73096973797	5.004933767888349	-0.5649723406615501	4.995058799951669	-0.5649723405230757	
46.746898685416	5.004929366445398	-0.5292789303936417	4.995063146628716	-0.5292789302633422	
49.762827632862	5.004925723711909	-0.49779183623558787	4.995066737011127	-0.4977918361120669	
52.778756580309	5.004922674598477	-0.4698139808491342	4.995069735773395	-0.4698139807312787	
55.794685527755	5.004920096502491	-0.4447933304524505	4.995072265183508	-0.44479333033933394	
58.810614475201	5.004917896851952	-0.4222872341186714	4.995074417541969	-0.42228723400956464	
61.826543422647	5.0049160047050005	-0.4019367418976106	4.995076263567418	-0.40193674179190536	
64.842472370093	5.004914364965349	-0.3834478028326353	4.9950778581714665	-0.3834478027298169	
67.85840131754	5.0049129343229595	-0.3665772929194638	4.9950792445095775	-0.3665772928191299	
70.874330264986	5.004911678357338	-0.3511224901678822	4.995080456872856	-0.3511224900696669	
73.890259212432	5.004910569436497	-0.3369130471298635	4.995081522783014	-0.3369130470334746	
76.906188159878	5.00490958517403	-0.3238047979945351	4.995082464532747	-0.32380479789969463	
79.922117107324	5.004908707278874	-0.3116749305145687	4.995083300332492	-0.311674930421065	
82.938046054771	5.004907920689361	-0.30041818525581904	4.995084045174579	-0.3004181851634604	
85.953975002217	5.004907212912601	-0.2899438365510335	4.9950847114915184	-0.2899438364596533	
88.969903949663	5.0049065735170295	-0.28017327427017136	4.995085309661848	-0.2801732741796242	
91.985832897109	5.004905993737418	-0.27103805171651363	4.995085848404835	-0.27103805162666167	
95.001761844555	5.004905466165864	-0.26247829832285263	4.995086335087581	-0.2624782982336033	
98.017690792002	5.004904984506896	-0.25444142018058197	4.995086775969315	-0.2544414200918256	
101.03361973945	5.0049045433834305	-0.246881029418616	4.995087176394749	-0.24688102933026368	
104.04954868689	5.004904138180587	-0.23975605683990997	4.995087540950306	-0.23975605675188247	
107.06547763434	5.004903764919462	-0.23303001230207973	4.99508787358898	-0.233030012214306	
110.08140658179	5.00490342015502	-0.22667036496582166	4.995088177732539	-0.2266703648782377	
113.09733552923	5.004903100892338	-0.22064802138057268	4.995088456354857	-0.22064802129312067	
116.11326447668	5.004902804517853	-0.21493688387735013	4.9950887120503715	-0.21493688378997755	
119.12919342412	5.004902528742545	-0.20951347523495154	4.9950889470906645	-0.20951347514761076	
122.14512237157	5.004902271554839	-0.20435661831527485	4.995089163471257	-0.2043566182279223	
125.16105131902	5.004902031181201	-0.1994471615120382	4.995089362951321	-0.19944716142463398	
128.17698026646	5.004901806052781	-0.19476774255693996	4.995089547085901	-0.1947677424694474	
131.19290921391	5.004901594778229	-0.1903025845826787	4.99508971725395	-0.190302584495064	
134.20883816136	5.004901396119749	-0.18603731942201315	4.995089874681568	-0.186037319334245	
137.2247671088	5.004901208973439	-0.18195883399672216	4.99509002046226	-0.1819588339087716	
140.24069605625	5.004901032351659	-0.17805513635766473	4.995090155572779	-0.1780551362695047	
143.25662500369	5.00490086536978	-0.17431523850438987	4.9950902808889	-0.17431523841599528	
146.27255395114	5.004900707232661	-0.1707290535842769	4.9950903971972815	-0.1707290534956341	
149.28848289859	5.004900557223711	-0.16728730546203496	4.995090505205332	-0.16728730537309192	
152.30441184603	5.004900414696867	-0.16398144894890349	4.995090605551588	-0.16398144885966934	
155.32034079348	5.004900279067269	-0.16080359926471183	4.99509069881329	-0.16080359917515694	
158.33626974093	5.004900149805042	-0.1577464695038695	4.995090785512864	-0.15774646941397524	
161.35219868837	5.004900026429475	-0.15480331507038597	4.995090866124696	-0.15480331498013478	
164.36812763582	5.004899908502702	-0.15196788418974083	4.995090941079924	-0.15196788409910592	
167.38405658326	5.004899795625995	-0.1492343737419437	4.995091010771117	-0.149234373650929	
170.39998553071	5.0048996874351435	-0.14659738975273426	4.995091075556165	-0.1465973896613045	
173.41591447816	5.004899583597244	-0.14405191198882214	4.995091135762267	-0.1440519118969727	
176.4318434256	5.004899483807695	-0.141593262161107	4.995091191689017	-0.1415932620688138	
179.44777237305	5.00489938778628	-0.13921707531866867	4.9950912436104025	-0.13921707522594814	
182.4637013205	5.004899295276163	-0.13691927406689688	4.995091291778085	-0.13691927397371595	
185.47963026794	5.0048992060410775	-0.13469604528461135	4.9950913364237	-0.13469604519094738	
188.49555921539	5.004899119862926	-0.132543819070592	4.995091377759949	-0.13254381897645273	
191.51148816283	5.004899036540664	-0.13045924966577854	4.995091415982987	-0.13045924957113209	
194.52741711028	5.004898955888802	-0.1284391981454109	4.995091451273825	-0.12843919805025564	
197.54334605773	5.004898877735297	-0.1264807166874689	4.9950914837994205	-0.12648071659181354	
200.55927500517	5.004898801921046	-0.12458103425613237	4.995091513714569	-0.12458103415994591	
203.57520395262	5.004898728298384	-0.12273754355213119	4.995091541162108	-0.12273754345539285	
206.59113290006	5.00489865673068	-0.1209477891016053	4.995091566275105	-0.12094778900431451	
209.60706184751	5.004898587089732	-0.11920945636815457	4.995091589175957	-0.11920945627030095	
212.62299079496	5.004898519257664	-0.11752036179017893	4.995091609979388	-0.11752036169176229	
215.6389197424	5.004898453123319	-0.11587844365050827	4.995091628791044	-0.11587844355149857	
218.65484868985	5.004898388584264	-0.11428175369700255	4.9950916457103895	-0.11428175359739988	
221.6707776373	5.0048983255438815	-0.11272844944820172	4.9950916608291065	-0.11272844934799628	
224.68670658474	5.004898263912267	-0.11121678711359567	4.995091674232793	-0.1112167870127678	
227.70263553219	5.004898203605128	-0.10974511507639441	4.995091686001654	-0.10974511497495452	
230.71856447963	5.004898144543983	-0.10831186788635785	4.995091696210409	-0.10831186778429648	
233.73449342708	5.004898086654656	-0.10691556071251597	4.995091704928782	-0.10691556060980369	
236.75042237453	5.004898029867678	-0.10555478422493875	4.995091712222004	-0.1055547841215862	
239.76635132197	5.004897974117882	-0.10422819985549614	4.995091718151009	-0.10422819975147404	
242.78228026942	5.004897919344305	-0.10293453541405816	4.995091722773233	-0.1029345353093672	
245.79820921687	5.004897865488784	-0.10167258102620473	4.995091726141911	-0.10167258092083574	
248.81413816431	5.004897812497453	-0.10044118536586587	4.99509172830758	-0.10044118525980962	
251.83006711176	5.004897760318345	-0.09923925215590358	4.995091729316672	-0.0992392520491529	
254.8459960592	5.004897708904388	-0.09806573691816983	4.995091729214416	-0.09806573681070856	
257.86192500665	5.004897658208806	-0.09691964395296863	4.9950917280416345	-0.09691964384479658	
260.8778539541	5.004897608188817	-0.095800023522587	4.995091725837345	-0.09580002341368	
263.89378290154	5.004897558803728	-0.09470596923232492	4.995091722638658	-0.0947059691226988	
266.90971184899	5.004897510014442	-0.0936366155858004	4.9950917184793715	-0.09363661547542595	
269.92564079644	5.004897461784648	-0.09259113570412644	4.995091713392277	-0.09259113559300051	
272.94156974388	5.004897414079625	-0.09156873919774107	4.995091707408256	-0.09156873908585335	
275.95749869133	5.004897366866143	-0.09056867017563232	4.995091700555474	-0.09056867006297253	
278.97342763877	5.0048973201125575	-0.08959020538313817	4.9950916928609885	-0.08959020526970403	
281.98935658622	5.00489727378991	-0.08863265246118263	4.99509168435094	-0.0886326523469498	
285.00528553367	5.004897227869025	-0.08769534831358876	4.995091675048856	-0.08769534819855887	
288.02121448111	5.004897182323017	-0.08677765757744758	4.995091664977248	-0.08677765746161313	
291.03714342856	5.00489713712678	-0.0858789711899311	4.995091654158312	-0.08587897107328263	
294.053072376	5.004897092254493	-0.08499870504052735	4.995091642611024	-0.0849987049230483	
297.06900132345	5.004897047683715	-0.08413629870673735	4.9950916303552475	-0.08413629858841709	
300.0849302709	5.004897003391591	-0.08329121426563217	4.995091617408623	-0.08329121414647507	
303.10085921834	5.004896959357241	-0.08246293517629383	4.995091603788574	-0.08246293505628506	
306.11678816579	5.004896915558569	-0.08165096522729333	4.995091589509503	-0.08165096510641312	
309.13271711324	5.004896871977856	-0.08085482754965874	4.99509157458839	-0.08085482742790918	
312.14864606068	5.004896828595463	-0.08007406367871708	4.995091559038697	-0.08007406355607817	
315.16457500813	5.004896785392327	-0.0793082326795004	4.99509154287266	-0.07930823255597515	
318.18050395557	5.004896742352263	-0.07855691031329276	4.995091526104198	-0.07855691018885996	
321.19643290302	5.004896699458363	-0.07781968825836619	4.995091508744998	-0.0778196881330096	
324.21236185047	5.004896656694395	-0.07709617336800273	4.99509149080613	-0.07709617324173003	
327.22829079791	5.004896614044901	-0.07638598697365342	4.995091472297936	-0.0763859868464542	
330.24421974536	5.004896571495097	-0.07568876422275433	4.995091453230733	-0.07568876409459704	
333.26014869281	5.004896529030274	-0.0750041534578125	4.9950914336134105	-0.07500415332869653	
336.27607764025	5.004896486636996	-0.07433181562124395	4.995091413455132	-0.07433181549115059	
339.2920065877	5.004896444301798	-0.0736714236995228	4.9950913927641345	-0.07367142356844615	
342.30793553514	5.004896402011387	-0.07302266219037808	4.995091371548026	-0.0730226620583162	
345.32386448259	5.004896359753546	-0.0723852266042328	4.9950913498139835	-0.07238522647116465	
348.33979343004	5.004896317516119	-0.07175882298539106	4.9950913275690585	-0.07175882285132046	
351.35572237748	5.004896275287429	-0.07114316745975592	4.995091304819767	-0.07114316732466854	
354.37165132493	5.0048962330561615	-0.07053798580820043	4.995091281572	-0.07053798567207983	
357.38758027237	5.004896190810574	-0.06994301305946166	4.995091257830814	-0.06994301292227627	
360.40350921982	5.004896148540492	-0.06935799310346066	4.995091233601932	-0.06935799296521784	
363.41943816727	5.004896106235406	-0.06878267832246349	4.995091208890047	-0.06878267818315642	
366.43536711471	5.004896063885475	-0.06821682924366322	4.995091183700215	-0.06821682910328296	
369.45129606216	5.004896021480021	-0.06766021420684096	4.995091158035462	-0.06766021406536439	
372.46722500961	5.004895979010034	-0.06711260904898574	4.995091131900576	-0.06711260890638962	
375.48315395705	5.004895936465167	-0.06657379679992761	4.995091105298109	-0.0665737966562276	
378.4990829045	5.004895893837537	-0.0660435674027387	4.995091078232579	-0.06604356725791324	
381.51501185194	5.004895851117624	-0.06552171743352807	4.995091050706467	-0.06552171728754347	
384.53094079939	5.004895808296169	-0.06500804984592773	4.995091022721913	-0.06500804969878018	
387.54686974684	5.0048957653653785	-0.06450237372135383	4.995090994282322	-0.06450237357304035	
390.56279869428	5.004895722315313	-0.06400450403456143	4.995090965388158	-0.06400450388506487	
393.57872764173	5.004895679139601	-0.06351426142599058	4.995090936043446	-0.06351426127529368	
396.59465658918	5.0048956358285235	-0.06303147198719643	4.995090906248269	-0.06303147183528962	
399.61058553662	5.0048955923749245	-0.06255596705487995	4.995090876004971	-0.06255596690175569	
402.62651448407	5.004895548771004	-0.06208758301724132	4.99509084531475	-0.06208758286288377	
405.64244343151	5.004895505008419	-0.061626161121802636	4.995090814178166	-0.06162616096618774	
408.65837237896	5.0048954610802845	-0.06117154729998793	4.995090782596531	-0.06117154714310954	
411.67430132641	5.004895416978966	-0.060723591994481296	4.995090750570615	-0.06072359183633406	
414.69023027385	5.004895372696391	-0.06028214999302488	4.99509071810004	-0.06028214983356526	
417.7061592213	5.004895328225336	-0.05984708027753269	4.995090685185285	-0.05984708011677596	
420.72208816875	5.004895283559629	-0.059418245867579905	4.995090651827279	-0.05941824570548912	
423.73801711619	5.004895238691855	-0.05899551367909556	4.995090618025705	-0.05899551351567258	
426.75394606364	5.004895193614147	-0.05857875438818782	4.995090583779597	-0.05857875422340833	
429.76987501108	5.004895148319688	-0.0581678422980277	4.99509054908854	-0.05816784213188118	
432.78580395853	5.004895102802214	-0.05776265521253537	4.9950905139526665	-0.05776265504500405	
435.80173290598	5.004895057054605	-0.057363074315388916	4.995090478370957	-0.05736307414645886	
438.81766185342	5.004895011069592	-0.05696898405417542	4.995090442342045	-0.056968983883830475	
441.83359080087	5.0048949648409495	-0.056580272028207	4.995090405865303	-0.05658027185642579	
444.84951974831	5.004894918361603	-0.05619682888441081	4.995090368939257	-0.05619682871116867	
447.86544869576	5.004894871624815	-0.05581854820973592	4.9950903315625705	-0.05581854803503104	
450.88137764321	5.0048948246239	-0.05544532643860846	4.9950902937334565	-0.055445326262424724	
453.89730659065	5.004894777352411	-0.055077062754342515	4.995090255450667	-0.05507706257665466	
456.9132355381	5.00489472980444	-0.05471365900101221	4.995090216712898	-0.054713658821797705	
459.92916448555	5.004894681972927	-0.054355019593641724	4.995090177517885	-0.05435501941288871	
462.94509343299	5.004894633850145	-0.05400105143686311	4.995090137862403	-0.05400105125455755	
465.96102238044	5.004894585430409	-0.053651663843969556	4.995090097745067	-0.053651663660081124	
468.97695132788	5.004894536707269	-0.053306768456151114	4.995090057163628	-0.053306768270672274	
471.99288027533	5.004894487674614	-0.052966279176356976	4.995090016116075	-0.05296627898927386	
475.00880922278	5.004894438325267	-0.05263011208659125	4.995089974599128	-0.0526301118978808	
478.02473817022	5.004894388652384	-0.05229818538759004	4.9950899326098455	-0.052298185197225885	
481.04066711767	5.004894338650055	-0.051970419329070566	4.9950898901460175	-0.05197041913704504	
484.05659606512	5.0048942883115	-0.05164673614673585	4.995089847204464	-0.05164673595301505	
487.07252501256	5.004894237630073	-0.05132706000008014	4.995089803781937	-0.05132705980465477	
490.08845396001	5.004894186599552	-0.05101131691562054	4.995089759875817	-0.051011316718457135	
493.10438290745	5.004894135212046	-0.05069943472371218	4.995089715481112	-0.050699434524810905	
496.1203118549	5.00489408346259	-0.05039134301159024	4.995089670596256	-0.05039134281090296	
499.13624080235	5.004894031343743	-0.05008697306616186	4.995089625217009	-0.050086972863694124	
502.15216974979	5.004893978848588	-0.04978625782114218	4.995089579339256	-0.04978625761684228	
505.16809869724	5.004893925970232	-0.04948913181302438	4.9950895329589	-0.049489131606897184	
508.18402764468	5.004893872702801	-0.049195531129570626	4.99508948607307	-0.04919553092159172	
511.19995659213	5.00489381903804	-0.04890539336599404	4.9950894386763105	-0.04890539315612874	
514.21588553958	5.004893764970414	-0.04861865757701984	4.995089390765585	-0.048618657365240014	
517.23181448702	5.004893710493203	-0.04833526424195116	4.995089342336675	-0.048335264028245395	
520.24774343447	5.0048936555982015	-0.04805515521458819	4.9950892933840745	-0.048055154998930705	
523.26367238192	5.00489360027882	-0.0477782736907131	4.9950892439035925	-0.04777827347306875	
526.27960132936	5.004893544528175	-0.0475045641653371	4.995089193890549	-0.047504563945685335	
529.29553027681	5.004893488339499	-0.047233972399028316	4.995089143340574	-0.04723397217736026	
532.31145922425	5.00489343170483	-0.04696644537564897	4.995089092247906	-0.04696644515192635	
535.3273881717	5.004893374618812	-0.04670193127859525	4.99508904060929	-0.04670193105279642	
538.34331711915	5.004893317070996	-0.04644037944735636	4.995088988416474	-0.04644037921946025	
541.35924606659	5.004893259057134	-0.04618174034800549	4.995088935667313	-0.04618174011798562	
544.37517501404	5.004893200565979	-0.04592596554597579	4.99508888235256	-0.04592596531379633	
547.39110396149	5.004893141593886	-0.04567300767604255	4.995088828470368	-0.045673007441682165	
550.40703290893	5.004893082132205	-0.04542282039821894	4.995088774013987	-0.04542282016164688	
553.42296185638	5.004893022172581	-0.04517535839313517	4.9950887189770645	-0.04517535815433433	
556.43889080382	5.004892961707654	-0.04493057731898644	4.995088663353838	-0.04493057707788823	
559.45481975127	5.0048929007294545	-0.044688433786543	4.995088607138141	-0.04468843354314633	
562.47074869872	5.004892839228903	-0.044448885337976064	4.99508855032259	-0.04444888509227044	
565.48667764616	5.004892777200007	-0.04421189042489685	4.995088492902895	-0.04421189017682528	
568.50260659361	5.0048927146335584	-0.04397740837148762	4.995088434871447	-0.04397740812103063	
571.51853554106	5.0048926515224315	-0.043745399365104576	4.995088376222522	-0.04374539911223025	
574.5344644885	5.004892587859283	-0.04351582442527201	4.995088316950474	-0.04351582416995685	
577.55039343595	5.004892523628444	-0.04328864538388613	4.995088257041137	-0.04328864512608317	
580.56632238339	5.004892458831225	-0.04306382487435921	4.995088196497219	-0.04306382461403598	
583.58225133084	5.0048923934522085	-0.042841326286852464	4.995088135304504	-0.04284132602397802	
586.59818027829	5.004892327486148	-0.04262111377629524	4.995088073459445	-0.04262111351083595	
589.61410922573	5.004892260923463	-0.042403152223760725	4.995088010953661	-0.042403151955687494	
592.63003817318	5.0048921937534425	-0.042187407228265195	4.995087947777841	-0.04218740695755344	
595.64596712062	5.004892125969736	-0.041973845083794	4.995087883926735	-0.041973844810388426	
598.66189606807	5.0048920575614515	-0.04176243276039037	4.995087819390853	-0.041762432484258157	
601.67782501552	5.0048919885195575	-0.041553137894527574	4.99508775416226	-0.041553137615642374	
604.69375396296	5.004891918833576	-0.04134592876496797	4.99508768823178	-0.04134592848329873	
607.70968291041	5.004891848496481	-0.041140774280237824	4.995087621593386	-0.041140773995747885	
610.72561185786	5.004891777493893	-0.04093764396409545	4.995087554234001	-0.04093764367673957	
613.7415408053	5.0048917058247815	-0.04073650793743315	4.99508748615379	-0.04073650764715042	
616.75746975275	5.004891633468254	-0.04053733690622522	4.995087417332663	-0.04053733661299009	
619.77339870019	5.00489156042196	-0.040340102148344076	4.995087347769272	-0.04034010185213327	
622.78932764764	5.004891486672387	-0.040144775497437946	4.995087277451499	-0.04014477519818058	
625.80525659509	5.004891412209548	-0.03995132932725726	4.995087206370162	-0.039951329024927644	
628.82118554253	5.0048913370229915	-0.03975973654654528	4.995087134515806	-0.03975973624111814	
631.83711448998	5.004891261098888	-0.039569970575642426	4.995087061875405	-0.03956997026704666	
634.85304343743	5.004891184431532	-0.03938200534761804	4.995086988444451	-0.03938200503581985	
637.86897238487	5.004891107007135	-0.03919581528369347	4.995086914209956	-0.039195814968665296	
640.88490133232	5.0048910288139234	-0.039011375288665155	4.995086839161046	-0.03901137497035563	
643.90083027976	5.004890949841832	-0.03882866073932638	4.995086763288457	-0.03882866041767136	
646.91675922721	5.004890870077506	-0.038647647469880614	4.995086686579931	-0.03864764714485118	
649.93268817466	5.004890789509987	-0.03846831176776727	4.995086609025115	-0.038468311439293607	
652.9486171221	5.004890708126521	-0.03829063035495968	4.99508653061215	-0.038290630023012216	
655.96454606955	5.004890625916945	-0.03811458038529132	4.995086451331576	-0.03811458004982356	
658.980475017	5.004890542866083	-0.03794013943103261	4.995086371169317	-0.037940139091968195	
661.99640396444	5.00489045896155	-0.03776728547511996	4.995086290113285	-0.03776728513243464	
665.01233291189	5.004890374193736	-0.03759599690188183	4.995086208155072	-0.03759599655551546	
668.02826185933	5.004890288544508	-0.0374262524832987	4.995086125277047	-0.037426252133198126	
671.04419080678	5.004890202006305	-0.03725803137985999	4.995086041472446	-0.037258031025954166	
674.06011975423	5.00489011456113	-0.03709131312192421	4.995085956723974	-0.03709131276416507	
677.07604870167	5.004890026197249	-0.03692607760914882	4.995085871020494	-0.03692607724750338	
680.09197764912	5.004889936900181	-0.03676230509791734	4.995085784348229	-0.03676230473230651	
683.10790659656	5.0048898466533975	-0.03659997619623723	4.995085696691446	-0.03659997582662485	
686.12383554401	5.00488975544621	-0.03643907185379304	4.995085608039962	-0.03643907148009701	
689.13976449146	5.004889663260374	-0.03627957335596532	4.995085518376328	-0.03627957297812032	
692.1556934389	5.004889570084476	-0.0361214623165376	4.995085427689532	-0.036121461934493226	
695.17162238635	5.004889475900229	-0.035964720669037366	4.995085335962088	-0.03596472028274015	
698.1875513338	5.0048893806937675	-0.03580933066140625	4.995085243180629	-0.03580933027080645	
701.20348028124	5.004889284448241	-0.03565527485253584	4.995085149328904	-0.03565527445753458	
704.21940922869	5.004889187146408	-0.03550253609817668	4.995085054390275	-0.03550253569872387	
707.23533817613	5.004889088776127	-0.035351097550187414	4.995084958353097	-0.035351097146199655	
710.25126712358	5.004888989316254	-0.03520094264902859	4.995084861196925	-0.03520094224045632	
713.26719607103	5.00488888875173	-0.03505205511734692	4.995084762907004	-0.03505205470410917	
716.28312501847	5.004888787065378	-0.034904418953054975	4.995084663466955	-0.034904418535086516	
719.29905396592	5.0048886842382965	-0.03475801842795847	4.995084562858176	-0.03475801800517465	
722.31498291337	5.004888580253849	-0.03461283807417405	4.99508446106463	-0.03461283764652781	
725.33091186081	5.004888475092154	-0.03446886268739041	4.995084358066939	-0.03446886225480737	
728.34684080826	5.004888368736785	-0.03432607731871728	4.995084253849173	-0.034326076881083446	
731.3627697557	5.004888261167056	-0.03418446726158232	4.995084148390948	-0.03418446681885539	
734.37869870315	5.004888152364317	-0.034044018058614345	4.995084041674409	-0.034044017610679295	
737.3946276506	5.004888042307837	-0.03390471549076907	4.995083933678933	-0.03390471503757235	
740.41055659804	5.004887930977108	-0.033766545571460284	4.995083824384707	-0.033766545112911835	
743.42648554549	5.004887818353626	-0.0336294945438367	4.9950837137735284	-0.03362949407984175	
746.44241449293	5.004887704415487	-0.03349354887819727	4.995083601824093	-0.03349354840869639	
749.45834344038	5.004887589143372	-0.0333586952593017	4.995083488517182	-0.03335869478417072	
752.47427238783	5.004887472511648	-0.033224920595234915	4.99508337382796	-0.03322492011440094	
755.49020133527	5.00488735449624	-0.03309221199364571	4.995083257732455	-0.03309221150701098	
758.50613028272	5.004887235084138	-0.032960556785026046	4.995083140218157	-0.032960556292518005	
761.52205923017	5.004887114243379	-0.0328299424882118	4.995083021253502	-0.03282994198969994	
764.53798817761	5.004886991954435	-0.03270035682709393	4.995082900819262	-0.032700356322501845	
767.55391712506	5.004886868192801	-0.032571787723481405	4.995082778891432	-0.03257178721270367	
770.5698460725	5.004886742932589	-0.03244422328177011	4.995082655444423	-0.032444222764720324	
773.58577501995	5.004886616150309	-0.03231765180414107	4.995082530455047	-0.03231765128068972	
776.6017039674	5.004886487819864	-0.03219206176715644	4.995082403897605	-0.03219206123722478	
779.61763291484	5.004886357915628	-0.032067441829382114	4.995082275746674	-0.03206744129285038	
782.63356186229	5.004886226409942	-0.031943780828915275	4.995082145975192	-0.03194378028570228	
785.64949080974	5.004886093278195	-0.031821067773975004	4.99508201455855	-0.031821067223918365	
788.66541975718	5.004885958490513	-0.03169929184006638	4.995081881467573	-0.03169929128308737	
791.68134870463	5.004885822019445	-0.031578442376148645	4.995081746674708	-0.03157844181211802	
794.69727765207	5.004885683835943	-0.03145850888567494	4.9950816101515105	-0.03145850831445402	
797.71320659952	5.004885543911653	-0.03133948103580943	4.995081471869626	-0.03133948045730906	
800.72913554697	5.004885402214399	-0.031221348650825438	4.995081331797476	-0.031221348064900765	
803.74506449441	5.004885258715662	-0.031104101705087314	4.9950811899067435	-0.031104101111611725	
806.76099344186	5.00488511338337	-0.03098773032998824	4.995081046165456	-0.03098772972883259	
809.77692238931	5.0048849661852755	-0.030872224795726627	4.995080900541766	-0.03087222418676677	
812.79285133675	5.00488481708834	-0.030757575524991858	4.9950807530030366	-0.030757574908084822	
815.8087802842	5.00488466606062	-0.030643773078506336	4.995080603517221	-0.03064377245351116	
818.82470923164	5.004884513066739	-0.030530808157988473	4.995080452049446	-0.03053080752475222	
821.84063817909	5.004884358072979	-0.030418671597354903	4.99508029856619	-0.030418670955756358	
824.85656712654	5.004884201042252	-0.030307354371990967	4.995080143030569	-0.030307353721866923	
827.87249607398	5.004884041936685	-0.030196847583588357	4.995079985405008	-0.030196846924795157	
830.88842502143	5.004883880726897	-0.030087142468286743	4.995079825660326	-0.03008714180065831	
833.90435396887	5.004883717365078	-0.029978230377787657	4.995079663748914	-0.0299782297011605	
836.92028291632	5.004883551818566	-0.029870102800479838	4.995079499638208	-0.02987010211472497	
839.93621186377	5.004883384043824	-0.02976275133674305	4.995079333285171	-0.029762750641676678	
842.95214081121	5.004883214004314	-0.02965616771612307	4.995079164653169	-0.0296561670115687	
845.96806975866	5.004883041654281	-0.029550343776465704	4.995078993696741	-0.029550343062247013	
848.98399870611	5.004882866953515	-0.029445271479080975	4.995078820375983	-0.029445270755028615	
851.99992765355	5.004882689859334	-0.029340942890759676	4.995078644648408	-0.029340942156689205	
855.015856601	5.004882510325656	-0.02923735019461089	4.995078466468036	-0.029237349450342703	
858.03178554844	5.004882328308464	-0.02913448568070261	4.995078285790853	-0.029134484926039712	
861.04771449589	5.004882143757291	-0.029032341747817967	4.995078102566986	-0.029032340982580007	
864.06364344334	5.004881956628074	-0.028930910896656153	4.995077916752177	-0.02893091012062723	
867.07957239078	5.004881766872835	-0.02883018573747835	4.995077728298845	-0.028830184950467717	
870.09550133823	5.004881574440445	-0.02873015897460082	4.995077537155764	-0.028730158176382154	
873.11143028568	5.004881379277193	-0.028630823416891035	4.995077343269818	-0.028630822607255767	
876.12735923312	5.004881181334447	-0.028532171967870314	4.995077146592082	-0.028532171146608953	
879.14328818057	5.004880980556628	-0.028434197630368165	4.995076947067471	-0.028434196797264923	
882.15921712801	5.004880776891166	-0.028336893499372132	4.995076744643317	-0.028336892654188813	
885.17514607546	5.004880570280561	-0.02824025276321782	4.995076539262422	-0.028240251905699686	
888.19107502291	5.00488036066486	-0.028144268705915028	4.995076330864928	-0.02814426783585055	
891.20700397035	5.004880147988193	-0.028048934694165407	4.995076119395071	-0.028048933811292236	
894.2229329178	5.004879932188952	-0.027954244185400896	4.995075904791539	-0.027954243289470614	
897.23886186524	5.004879713206737	-0.027860190725389516	4.995075686993834	-0.027860189816146335	
900.25479081269	5.004879490974817	-0.027766767946640094	4.995075465935524	-0.02776676702383104	
903.27071976014	5.004879265432381	-0.027673969557817965	4.995075241555899	-0.02767396862114411	
906.28664870758	5.004879036508694	-0.027581789355310207	4.995075013784521	-0.027581788404517027	
909.30257765503	5.004878804141541	-0.027490221221084212	4.99507478255888	-0.0274902202558711	
912.31850660248	5.004878568253186	-0.027399259108133362	4.995074547801636	-0.027399258128207392	
915.33443554992	5.004878328776912	-0.027308897052867133	4.995074309446273	-0.027308896057937987	
918.35036449737	5.004878085638269	-0.02721912916693411	4.9950740674182414	-0.027219128156678766	
921.36629344481	5.004877838759914	-0.027129949640458142	4.995073821640499	-0.027129948614570555	
924.38222239226	5.004877588067364	-0.027041352731670958	4.99507357203856	-0.027041351689830028	
927.39815133971	5.004877333481416	-0.02695333278155253	4.995073318533426	-0.026953331723418635	
930.41408028715	5.004877074914604	-0.026865884193702977	4.995073061037726	-0.026865883118921755	
933.4300092346	5.00487681229122	-0.02677900145387048	4.995072799475755	-0.026779000362111647	
936.44593818205	5.004876545518154	-0.02669267910642933	4.995072533754602	-0.026692677997329304	
939.46186712949	5.004876274513217	-0.02660691177091605	4.99507226379218	-0.0266069106441207	
942.47779607694	5.0048759991815785	-0.02652169413354526	4.995071989493755	-0.026521692988642605	
945.49372502438	5.0048757194342794	-0.026437020947031625	4.995071710770371	-0.026437019783655473	
948.50965397183	5.0048754351719635	-0.0263528870300271	4.995071427522969	-0.02635288584778677	
951.52558291928	5.00487514629869	-0.026269287265803753	4.995071139655511	-0.02626928606427268	
954.54151186672	5.0048748527150515	-0.0261862166012738	4.995070847068888	-0.026186215380033163	
957.55744081417	5.004874554314686	-0.026103670045664603	4.99507054965674	-0.026103668804288115	
960.57336976162	5.004874250993286	-0.026021642668783766	4.995070247314857	-0.02602164140681503	
963.58929870906	5.0048739426423055	-0.025940129604884954	4.995069939934593	-0.025940128321864334	
966.60522765651	5.004873629147061	-0.025859126047775207	4.995069627401766	-0.025859124743223105	
969.62115660395	5.004873310394024	-0.02577862724453153	4.995069309602648	-0.025778625917992366	
972.6370855514	5.0048729862591275	-0.025698628505102277	4.99506898641317	-0.025698627156043718	
975.65301449885	5.004872656635143	-0.025619125197154022	4.995068657726505	-0.025619123825096585	
978.66894344629	5.004872321381774	-0.025540112740461522	4.9950683234021565	-0.02554011134489205	
981.68487239374	5.004871980374933	-0.02546158661637571	4.995067983316235	-0.025461585196716076	
984.70080134118	5.004871633483418	-0.025383542354770836	4.995067637337741	-0.025383540910467135	
987.71673028863	5.004871280568487	-0.025305975545647324	4.995067285327932	-0.025305974076135603	
990.73265923608	5.004870921488018	-0.025228881826312957	4.995066927144685	-0.025228880331009413	
993.74858818352	5.004870556102474	-0.025152256888540604	4.995066562648663	-0.025152255366822116	
996.76451713097	5.004870184259155	-0.02507609647965855	4.9950661916870684	-0.02507609493093213	
999.78044607842	5.004869805806148	-0.02500039638955237	4.995065814108285	-0.025000394813149304	
1002.7963750259	5.004869420586068	-0.024925152466873875	4.99506542975483	-0.024925150862131314	
1005.8123039733	5.004869028432694	-0.024850360602927165	4.995065038460683	-0.024850358969172186	
1008.8282329208	5.0048686291834	-0.024776016740865693	4.995064640063314	-0.024776015077382918	
1011.8441618682	5.004868222660968	-0.024702116870655346	4.99506423438551	-0.024702115176735578	
1014.8600908156	5.0048678086934135	-0.024628657028746306	4.995063821255184	-0.024628655303617342	
1017.8760197631	5.004867387087084	-0.02455563330958588	4.995063400479183	-0.02455563155250956	
1020.8919487105	5.004866957665157	-0.02448304183007908	4.995062971880486	-0.024483040040229272	
1023.907877658	5.004866520223128	-0.024410878771198224	4.995062535254588	-0.024410876947764813	
1026.9238066054	5.004866074563394	-0.02433914035277291	4.995062090404087	-0.024339138494925295	
1029.9397355529	5.004865620484518	-0.024267822837072416	4.995061637127643	-0.02426782094393006	
1032.9556645003	5.00486515776249	-0.024196922535966135	4.99506117520125	-0.024196920606636963	
1035.9715934478	5.004864686180076	-0.024126435796068046	4.995060704407771	-0.02412643382961222	
1038.9875223952	5.004864205514559	-0.024056359010567928	4.995060224524588	-0.02405635700602047	
1042.0034513427	5.004863715518153	-0.02398668861412164	4.99505973530382	-0.02398668657052062	
1045.0193802901	5.0048632159682285	-0.023917421076606746	4.995059236523035	-0.023917418992921956	
1048.0353092376	5.004862706596908	-0.023848552917144345	4.995058727914454	-0.023848550792313034	
1051.051238185	5.004862187148349	-0.023780080695521125	4.995058209222237	-0.023780078528464577	
1054.0671671324	5.00486165735672	-0.023712000998543405	4.995057680180749	-0.023711998788122714	
1057.0830960799	5.00486111694945	-0.02364431046142106	4.995057140517225	-0.023644308206468463	
1060.0990250273	5.004860565634678	-0.0235770057555337	4.995056589940098	-0.023577003454847235	
1063.1149539748	5.004860003117766	-0.02351008358969752	4.995056028154633	-0.023510081242053317	
1066.1308829222	5.0048594290938135	-0.023443540708412477	4.995055454856129	-0.02344353831250722	
1069.1468118697	5.004858843251633	-0.023377373898187417	4.9950548697334005	-0.02337737145270531	
1072.1627408171	5.004858245255227	-0.023311579970810875	4.995054272450545	-0.023311577474364895	
1075.1786697646	5.004857634773725	-0.02324615578952093	4.995053662676597	-0.023246153240676443	
1078.194598712	5.0048570114517075	-0.02318109823994916	4.995053040056436	-0.023181095637260816	
1081.2105276595	5.004856374928309	-0.023116404240228244	4.995052404229096	-0.02311640158214196	
1084.2264566069	5.00485572482689	-0.023052070761027606	4.995051754818036	-0.02305206804596336	
1087.2423855544	5.004855060765283	-0.022988094776833945	4.99505109144109	-0.02298809200316534	
1090.2583145018	5.004854382331814	-0.022924473329388594	4.995050413686787	-0.022924470495396743	
1093.2742434492	5.004853689114098	-0.022861203467891514	4.995049721142637	-0.022861200571837607	
1096.2901723967	5.00485298067779	-0.022798282287498108	4.9950490133744	-0.02279827932754081	
1099.3061013441	5.004852256571621	-0.022735706907764837	4.995048289931003	-0.02273570388202636	
1102.3220302916	5.004851516335485	-0.022673474482912324	4.99504755035224	-0.022673471389435318	
1105.337959239	5.004850759485091	-0.022611582199434817	4.995046794153824	-0.022611579036157358	
1108.3538881865	5.004849985515986	-0.02255002727355758	4.9950460208315	-0.02255002403840188	
1111.3698171339	5.004849193910527	-0.022488806945535584	4.995045229867624	-0.022488803636274084	
1114.3857460814	5.004848384130308	-0.022427918494194097	4.995044420723792	-0.022427915108581196	
1117.4016750288	5.004847555615647	-0.022367359227354226	4.99504359284042	-0.022367355763006202	
1120.4176039763	5.004846707777916	-0.022307126476531613	4.995042745628984	-0.02230712293098551	
1123.4335329237	5.004845840021732	-0.022247217608016585	4.995041878494097	-0.022247213978724954	
1126.4494618712	5.004844951709566	-0.02218763000672759	4.995040990798232	-0.022187626291043656	
1129.4653908186	5.004844042191223	-0.022128361099377773	4.995040081891295	-0.022128357294519833	
1132.481319766	5.004843110788738	-0.02206940832542843	4.99503915109532	-0.022069404428521722	
1135.4972487135	5.004842156791807	-0.022010769163215066	4.995038197700203	-0.02201076517129317	
1138.5131776609	5.0048411794645595	-0.021952441109407278	4.995037220969973	-0.021952437019362912	
1141.5291066084	5.004840178041931	-0.021894421696727458	4.995036220139568	-0.021894417505295555	
1144.5450355558	5.004839151723979	-0.021836708475880987	4.995035194409345	-0.02183670417969117	
1147.5609645033	5.004838099676097	-0.02177929902410331	4.9950341429444975	-0.021779294619668616	
1150.5768934507	5.004837021045935	-0.021722190947657472	4.995033064892877	-0.021722186431274583	
1153.5928223982	5.004835914915731	-0.021665381875172647	4.995031959336519	-0.021665377243047942	
1156.6087513456	5.0048347803500235	-0.021608869465436935	4.995030825340364	-0.021608864713566586	
1159.6246802931	5.004833616363864	-0.021552651388987893	4.9950296619193635	-0.021552646513225318	
1162.6406092405	5.004832421936299	-0.021496725359612487	4.995028468052364	-0.021496720355617272	
1165.656538188	5.004831195995725	-0.021441089094155347	4.995027242668164	-0.021441083957394583	
1168.6724671354	5.0048299374230085	-0.021385740349153998	4.995025984647429	-0.021385735074895423	
1171.6883960828	5.004828645051953	-0.021330676894731185	4.995024692824164	-0.02133067147802473	
1174.7043250303	5.0048273176666065	-0.021275896530227736	4.995023365982416	-0.021275890965916606	
1177.7202539777	5.0048259539875035	-0.021221397076142207	4.995022002842621	-0.0212213913588273	
1180.7361829252	5.004824552683321	-0.021167176368944014	4.995020602073755	-0.02116717049294777	
1183.7521118726	5.004823112358333	-0.021113232280000827	4.995019162279996	-0.02111322623942438	
1186.7680408201	5.004821631550667	-0.02105956268716051	4.995017681999368	-0.02105955647579005	
1189.7839697675	5.004820108735514	-0.021006165503989805	4.995016159707365	-0.0210061591153587	
1192.799898715	5.004818542305817	-0.020953038651464594	4.995014593796729	-0.02095303207875832	
1195.8158276624	5.004816930589577	-0.0209001800849851	4.995012982595863	-0.020900173321067493	
1198.8317566099	5.004815271820183	-0.020847587775479577	4.995011324337758	-0.0208475808128855	
1201.8476855573	5.004813564150946	-0.02079525970803733	4.995009617176024	-0.020795252538911162	
1204.8636145048	5.004811805648586	-0.020743193897339765	4.995007859177282	-0.02074318651345414	
1207.8795434522	5.004809994276477	-0.02069138837214582	4.9950060483051075	-0.020691380764852777	
1210.8954723996	5.004808127900105	-0.020639841185776733	4.995004182424887	-0.02063983334597286	
1213.9114013471	5.004806204268108	-0.02058855040569172	4.99500225928536	-0.020588542323824517	
1216.9273302945	5.004804221023666	-0.020537514119853804	4.995000276529807	-0.020537505785897667	
1219.943259242	5.004802175680914	-0.020486730438581468	4.994998231672265	-0.02048672184193453	
1222.9591881894	5.004800065627418	-0.020436197488718173	4.994996122100301	-0.020436188618246347	
1225.9751171369	5.004797888102185	-0.02038591341485526	4.994993945053124	-0.0203859042588309	
1228.9910460843	5.00479564021495	-0.020335876381167538	4.99499169764037	-0.02033586692723123	
1232.0069750318	5.004793318898897	-0.02028608456581924	4.994989376795324	-0.02028607480091912	
1235.0229039792	5.004790920931536	-0.020236536173552658	4.994986979295599	-0.020236526083927172	
1238.0388329267	5.004788442911396	-0.020187229419503103	4.994984501739725	-0.020187218990632364	
1241.0547618741	5.004785881234944	-0.020138162537787233	4.99498194052407	-0.02013815175431851	
1244.0706908216	5.004783232113956	-0.020089333781713535	4.994979291860617	-0.020089322627421975	
1247.086619769	5.004780491523674	-0.020040741416761907	4.994976551724506	-0.020040729874487167	
1250.1025487165	5.00477765521721	-0.019992383733008663	4.994973715868952	-0.019992371784585045	
1253.1184776639	5.004774718699239	-0.019944259031125712	4.994970779798635	-0.01994424665731661	
1256.1344066113	5.004771677202148	-0.019896365626856947	4.994967738746042	-0.019896352807279232	
1259.1503355588	5.004768525676692	-0.019848701857520915	4.994964587661935	-0.019848688570560182	
1262.1662645062	5.004765258767351	-0.019801266074786016	4.9949613211906945	-0.01980125229749582	
1265.1821934537	5.004761870783906	-0.019754056641922684	4.994957933642308	-0.019754042349936548	
1268.1981224011	5.004758355693465	-0.019707071948350363	4.9949544189838875	-0.019707057115768638	
1271.2140513486	5.004754707073053	-0.019660310383495787	4.994950770792459	-0.019660294982797845	
1274.229980296	5.004750918096428	-0.01961377036260103	4.994946982241892	-0.01961375436446195	
1277.2459092435	5.004746981490013	-0.019567450316957613	4.994943046058412	-0.019567433690182098	
1280.2618381909	5.0047428895179475	-0.019521348686310322	4.9949389545064635	-0.019521331397604327	
1283.2777671384	5.004738633914364	-0.019475463932131433	4.994934699319988	-0.019475445945988986	
1286.2936960858	5.00473420587297	-0.01942979452223011	4.994930271693	-0.019429775800763726	
1289.3096250333	5.0047295959857285	-0.0193843389451416	4.994925662217269	-0.01938431944782165	
1292.3255539807	5.004724794194041	-0.01933909570158927	4.994920860834307	-0.019339075385104508	
1295.3414829281	5.004719789733139	-0.019294063307125874	4.994915856779456	-0.01929404212507629	
1298.3574118756	5.004714571089453	-0.01924924029233799	4.994910638539056	-0.019249218195035007	
1301.373340823	5.004709125909366	-0.01920462519622739	4.994905193759505	-0.01920460213034577	
1304.3892697705	5.0047034409471465	-0.019160216578733208	4.994899509195281	-0.01916019248705431	
1307.4051987179	5.004697501975313	-0.019116013006640273	4.99489357061882	-0.019115987827647216	
1310.4211276654	5.004691293702847	-0.019072013065658276	4.994887362739219	-0.019071986733169198	
1313.4370566128	5.004684799675765	-0.01902821534733093	4.994880869102514	-0.019028187790101944	
1316.4529855603	5.00467800216802	-0.018984618465649257	4.994874071982675	-0.018984589606840994	
1319.4689145077	5.004670882065658	-0.0189412210410717	4.994866952265776	-0.018941190797769774	
1322.4848434552	5.004663418737075	-0.018898021709244615	4.994859489320135	-0.01889798999184842	
1325.5007724026	5.004655589878485	-0.018855019113883417	4.994851660842394	-0.018854985825452	
1328.5167013501	5.004647371357807	-0.018812211918045572	4.994843442700304	-0.018812176953593784	
1331.5326302975	5.004638737028674	-0.0187695987918176	4.9948348087474335	-0.018769562037455056	
1334.5485592449	5.004629658529945	-0.018727178422270976	4.994825730622983	-0.018727139754351294	
1337.5644881924	5.004620105052229	-0.018684949502133504	4.994816177517308	-0.018684908786175417	
1340.5804171398	5.004610043089564	-0.01864291073930485	4.994806115924793	-0.01864286782888838	
1343.5963460873	5.004599436143989	-0.01860106085625602	4.994795509347436	-0.018601015591703032	
1346.6122750347	5.004588244409827	-0.01855939858073768	4.994784317979728	-0.01855935078767385	
1349.6282039822	5.0045764244120745	-0.018517922657538394	4.994772498346737	-0.018517872145234093	
1352.6441329296	5.004563928569527	-0.018476631842095675	4.994760002867145	-0.01847657840160469	
1355.6600618771	5.00455070477387	-0.018435524894352493	4.994746779433131	-0.018435468296430328	
1358.6759908245	5.004536695818547	-0.018394600593151803	4.994732770838052	-0.01839454058580946	
1361.691919772	5.004521838821715	-0.01835385772617963	4.994717914200191	-0.018353794031975477	
1364.7078487194	5.004506064531844	-0.018313295086172552	4.9947021402681635	-0.018313227399082706	
1367.7237776669	5.004489296551004	-0.018272911483691787	4.994685372644407	-0.018272839465493174	
1370.7397066143	5.004471450438818	-0.01823270573343366	4.994667526888644	-0.018232629009660207	
1373.7556355617	5.004452432684806	-0.01819267666272349	4.994648509490615	-0.0181925948178885	
1376.7715645092	5.004432139521846	-0.01815282310836252	4.994628216683664	-0.01815273568053102	
1379.7874934566	5.004410455576602	-0.01811314391070002	4.9946065330944664	-0.018113050385138718	
1382.8034224041	5.004387252278565	-0.018073637926115278	4.994583330153068	-0.018073537728007828	
1385.8193513515	5.004362386043649	-0.01803430401260404	4.994558464275913	-0.018034196498497565	
1388.835280299	5.004335696140986	-0.017995141036971037	4.994531774732536	-0.017995025484816296	
1391.8512092464	5.004307002218674	-0.017956147870023045	4.994503081171729	-0.017956023467530686	
1394.8671381939	5.004276101399034	-0.017917323387151244	4.994472180716423	-0.01791718921808055	
1397.8830671413	5.0042427648730925	-0.017878666465501136	4.994438844558693	-0.017878521493479415	
1400.8989960888	5.004206733895436	-0.017840175983235833	4.994402813953945	-0.017840019032700993	
1403.9149250362	5.0041677150393555	-0.017801850815452085	4.994363795476904	-0.017801680548865707	
1406.9308539837	5.004125374584625	-0.017763689825197555	4.994321455408735	-0.017763504716057518	
1409.9467829311	5.004079331833506	-0.01772569186717637	4.9942754130536215	-0.017725490167552614	
1412.9627118785	5.004029151134843	-0.017687855776698125	4.99422523276264	-0.01768763547836361	
1415.978640826	5.003974332320447	-0.017650180359591667	4.994170414370357	-0.01764993914701795	
1418.9945697734	5.003914299203112	-0.017612664379680947	4.994110381692981	-0.017612399573154247	
1422.0104987209	5.003848385695582	-0.017575306548537388	4.994044468647524	-0.017575015034848693	
1425.0264276683	5.003775818973409	-0.0175381054964359	4.993971902414997	-0.017537783644199285	
1428.0423566158	5.003695699007683	-0.017501059749648117	4.993891782973274	-0.01750070330525343	
1431.0582855632	5.003606973548036	-0.01746416768775316	4.993803058080634	-0.01746377164700277	
1434.0742145107	5.003508407484611	-0.017427427495176482	4.993704492638432	-0.017426985944097424	
1437.0901434581	5.003398545150821	-0.017390837085301068	4.99359463099427	-0.017390343001950734	
1440.1060724056	5.003275663824596	-0.01735439400911675	4.993471750445068	-0.01735383901555255	
1443.122001353	5.003137716216497	-0.017318095326115623	4.993333803726042	-0.017317469376722086	
1446.1379303005	5.002982259185455	-0.017281937418328078	4.993178347729128	-0.017281228406765742	
1449.1538592479	5.002806365330803	-0.017245915766648648	4.993002455097818	-0.01724510902828508	
1452.1697881953	5.002606513402712	-0.017210024628781583	4.992802604642193	-0.017209102309580795	
1455.1857171428	5.0023784528566075	-0.017174256637368105	4.992574545899368	-0.017173196892436755	
1458.2016460902	5.002117037496656	-0.01713860230815408	4.992313132786487	-0.01713737828537515	
1461.2175750377	5.001816023550111	-0.01710304948816381	4.992012121687742	-0.01710162804513031	
1464.2335039851	5.001467829458529	-0.017067582874620395	4.991663931265578	-0.01706592297494468	
1467.2494329326	5.001063260125697	-0.01703218398898893	4.991259366734115	-0.017030234735448988	
1470.26536188	5.000591210453517	-0.01699683243404783	4.9907873234340725	-0.01699453073881532	
1473.2812908275	5.000038387822671	-0.016961510450999386	4.99023450936317	-0.016958778454892524	
1476.2972197749	4.999389141253687	-0.016926215104402488	4.9895852743945985	-0.016922957710004884	
1479.3131487224	4.998625573919999	-0.016890987294253958	4.988821722837344	-0.016887090710761086	
1482.3290776698	4.997728272198445	-0.016855976216484405	4.987924442454895	-0.0168513094764914	
1485.3450066173	4.996678242323659	-0.01682157443174392	4.986874440830216	-0.016815997841239955	
1488.3609355647	4.995461026589556	-0.016788681226954535	4.985657260569253	-0.016782069194089803	
1491.3768645121	4.994074420759744	-0.016759157775127535	4.984270693994548	-0.016751448752622727	
1494.3927934596	4.992541436082036	-0.016736422758113826	4.982737738782715	-0.01672771480501268	
1497.408722407	4.990929281501499	-0.016725558910468175	4.981125567638084	-0.016716268727917174	
1500.4246513545	4.989371428341347	-0.016730435969412018	4.979567575965313	-0.016721511462965317	
1503.4405803019	4.988079224403645	-0.01674101529347943	4.978275002637004	-0.016734078754610644	
1506.4565092494	4.987323484284856	-0.016711089609205507	4.977518607160637	-0.016708365045098924	
