1.162389281828 3.628230408622 -1.240751687866   3.38158747251 -1.241451715119   
3.487167845485 3.632143111265 -1.452926220659   3.369033563468 -1.460101753371   
5.811946409141 3.634055935726 -1.284423244306   3.36665089881 -1.295498955939   
8.136724972798 3.63626930259 -1.122043361674   3.345171295392 -1.114947838671   
10.46150353645 3.663649755302 -0.9487798680064   3.334203332964 -0.9365639437293   
12.78628210011 3.633954027058 -0.8347357337042   3.344766782274 -0.8337099819187   
15.11106066377 3.627610340675 -0.7347353548916   3.387993874739 -0.7026277426983   
17.43583922742 3.651167578072 -0.6431520837367   3.306783661531 -0.6647633821682   
19.76061779108 3.677432159253 -0.5728574019565   3.320281249909 -0.5863247050867   
22.08539635474 3.680797000083 -0.5179102335417   3.340210737184 -0.5080008571941   
24.41017491839 3.668519396806 -0.4724755029573   3.342365540895 -0.4502693763661   
26.73495348205 3.652313581912 -0.4342004787594   3.336785050121 -0.4112507644412   
29.05973204571 3.638526806122 -0.4020552188154   3.333213429868 -0.3841787765565   
31.38451060936 3.628983692699 -0.3751244769615   3.335049111689 -0.3635652127884   
33.70928917302 3.623349472608 -0.3524647062304   3.341739903 -0.3461340641719   
36.03406773667 3.62062854135 -0.3332080306505   3.351414461275 -0.3302591662186   
38.35884630033 3.619829020631 -0.3166291604943   3.36225331502 -0.3152618796281   
40.68362486399 3.620173756617 -0.3021556898064   3.372938850892 -0.3009253155165   
43.00840342764 3.621120750876 -0.2893483331841   3.382678094479 -0.2872196478649   
45.3331819913 3.622318651708 -0.2778745349133   3.391078053228 -0.2741725285237   
47.65796055496 3.623554301539 -0.2674836825914   3.398013272621 -0.2618155586214   
49.98273911861 3.62470729899 -0.2579859061924   3.403516658921 -0.2501641805202   
52.30751768227 3.625717683521 -0.2492362561212   3.407709115413 -0.239216629297   
54.63229624593 3.626558959877 -0.2411241300186   3.410733934665 -0.228953225036   
56.95707480958 3.627239901623 -0.2335587277319   3.412808531264 -0.2193584528678   
59.28185337324 3.627736102073 -0.2264848651616   3.413918826041 -0.2103530652942   
61.6066319369 3.628149120747 -0.2198069799377   3.414676271213 -0.2020330182697   
63.93141050055 3.628328000025 -0.2135774430388   3.414201733976 -0.1940405322667   
66.25618906421 3.628538762509 -0.207572581482   3.414290244962 -0.1869346037039   
68.58096762787 3.628551182873 -0.2020339969857   3.412975493725 -0.1798359292189   
70.90574619152 3.628502460067 -0.1966557303129   3.411895710038 -0.1735136477208   
73.23052475518 3.628437753675 -0.1915627943494   3.410898527266 -0.1675745187831   
75.55530331883 3.62833616291 -0.18679113665   3.409131282016 -0.1617825625167   
77.88008188249 3.628098962791 -0.1821715272927   3.407345082223 -0.1564611549794   
80.20486044615 3.627858414612 -0.177735286587   3.405895548998 -0.1515724070709   
82.5296390098 3.627694864484 -0.1735660105518   3.404242328462 -0.1468736504982   
84.85441757346 3.627477871357 -0.1695788143354   3.402264039852 -0.1423386430923   
87.17919613712 3.62713039201 -0.165705961149   3.400338412975 -0.138130113245   
89.50397470077 3.626822048654 -0.162002810342   3.398691919935 -0.134218032949   
91.82875326443 3.626576609234 -0.1584840459692   3.396983277399 -0.1305925116555   
94.15353182809 3.626374328236 -0.1551221358822   3.395338345744 -0.126917567269   
96.47831039174 3.626080874214 -0.1518328024514   3.393323998199 -0.1235504301461   
98.8030889554 3.625728330897 -0.1487147257758   3.39172162 -0.1203007076671   
101.1278675191 3.625394401793 -0.1457117421759   3.3900873372 -0.1173193411568   
103.4526460827 3.625164941725 -0.1427920358767   3.388480093976 -0.1145191477049   
105.7774246464 3.624960785498 -0.1400047057803   3.387074785525 -0.1117174205085   
108.10220321 3.624702795606 -0.1373377247946   3.385557024579 -0.1090314456202   
110.4269817737 3.6244233906 -0.1347494020695   3.383935602593 -0.1065340042536   
112.7517603373 3.624141245436 -0.1322372574321   3.382486973788 -0.1041365949817   
115.076538901 3.623850250272 -0.1298136120186   3.381196291598 -0.1018249328079   
117.4013174647 3.623591643116 -0.1274786626235   3.379899354092 -0.09965855207117   
119.7260960283 3.623404304101 -0.1252299088649   3.378605289422 -0.09761644103561   
122.050874592 3.623248555777 -0.1230648582564   3.37740050072 -0.09561674796422   
124.3756531556 3.623050766333 -0.1209715096527   3.376259241813 -0.09363733079517   
126.7004317193 3.622795693933 -0.1189327769025   3.375099901824 -0.09172882810367   
129.0252102829 3.622533563988 -0.1169433354843   3.37392197756 -0.08993272277986   
131.3499888466 3.622313171772 -0.1150142702123   3.372804501729 -0.08823923407887   
133.6747674102 3.622134546094 -0.1131600748256   3.371788248333 -0.08661322873613   
135.9995459739 3.621972447424 -0.111379637236   3.370861034165 -0.08504376429585   
138.3243245376 3.621803603389 -0.1096609513251   3.369931699285 -0.08351969950623   
140.6491031012 3.621641849068 -0.1079790118863   3.369041612356 -0.08206270832247   
142.9738816649 3.621481413924 -0.106335924368   3.368102802644 -0.08061828477504   
145.2986602285 3.621336491837 -0.1047194435323   3.36728131299 -0.07923601826398   
147.6234387922 3.621175535395 -0.1031609025057   3.366425355688 -0.07784991289036   
149.9482173558 3.621002036341 -0.1016499646529   3.365636559402 -0.07654504087949   
152.2729959195 3.620821122948 -0.1001968614005   3.364870418325 -0.07530465011253   
154.5977744832 3.620650495614 -0.09879626110676   3.364072458606 -0.07411959299737   
156.9225530468 3.620507416047 -0.0974250945026   3.363351496705 -0.07300849012151   
159.2473316105 3.620400342491 -0.09608555080469   3.362679626814 -0.07191461755553   
161.5721101741 3.620310137035 -0.09477502071208   3.36201194196 -0.07081797372537   
163.8968887378 3.620215772399 -0.09348577760725   3.361405225115 -0.06973993003633   
166.2216673014 3.620107548576 -0.09222874574269   3.360824069847 -0.06868644888575   
168.5464458651 3.619986593424 -0.09101465947775   3.36022508949 -0.06764460104725   
170.8712244287 3.619843251699 -0.08983198118231   3.359602044603 -0.06666670803045   
173.1960029924 3.619705415968 -0.08868625747294   3.359052371682 -0.06572447773858   
175.5207815561 3.619584476826 -0.08757249409271   3.358473584097 -0.06483789186959   
177.8455601197 3.619480762087 -0.08649218536209   3.357937310243 -0.06395327829908   
180.1703386834 3.619383570501 -0.08542795761661   3.357407854512 -0.06309756654194   
182.495117247 3.619297918256 -0.08438289804658   3.35691897494 -0.06227197339922   
184.8198958107 3.619220247487 -0.08336656925065   3.356470727485 -0.06144606120882   
187.1446743743 3.619139653062 -0.08236786724996   3.355992745791 -0.06063822712246   
189.469452938 3.619052884626 -0.08138672664874   3.355533248915 -0.05985667100576   
191.7942315017 3.618963269222 -0.08043350601535   3.355126824022 -0.05909800525643   
194.1190100653 3.61888164611 -0.07950567130581   3.354722996941 -0.05836699857864   
196.443788629 3.618810529334 -0.0785981712876   3.354317484532 -0.05765020978842   
198.7685671926 3.618736734235 -0.07771324296231   3.353935274006 -0.05693739987447   
201.0933457563 3.618656215715 -0.07685036359169   3.353562067006 -0.05624482858382   
203.4181243199 3.61858063534 -0.07600488917178   3.353188639147 -0.05557876606404   
205.7429028836 3.618512475885 -0.07517585307719   3.352828460345 -0.05492183980429   
208.0676814473 3.618440061761 -0.07436484640818   3.352472644309 -0.05426900226194   
210.3924600109 3.618359920386 -0.07357042014039   3.352106712851 -0.0536379842493   
212.7172385746 3.618281000542 -0.07279064535093   3.351742887323 -0.05303549760796   
215.0420171382 3.618212104631 -0.07202519033717   3.351416050882 -0.05245382824694   
217.3667957019 3.618150627738 -0.07127707339405   3.351108205442 -0.05187877466617   
219.6915742655 3.618097726006 -0.07054403036831   3.350818961151 -0.05132103870742   
222.0163528292 3.618049158716 -0.06982797476355   3.350515457045 -0.05076909723299   
224.3411313928 3.618006546871 -0.06912346506912   3.350249283473 -0.05023456108729   
226.6659099565 3.617961348855 -0.06843473992755   3.349988733702 -0.04969662522995   
228.9906885202 3.617915760124 -0.06775750926063   3.349745011442 -0.04917281886862   
231.3154670838 3.617871402048 -0.06709353938483   3.349500263655 -0.04865860598445   
233.6402456475 3.617827269134 -0.06644377416359   3.34924123814 -0.04814907986773   
235.9650242111 3.617778118399 -0.06580505409431   3.34899714432 -0.04765158296809   
238.2898027748 3.617720313706 -0.06517934338198   3.348752539093 -0.04715913280091   
240.6145813384 3.617656180485 -0.06456465411058   3.348500656119 -0.04668177404015   
242.9393599021 3.61759612705 -0.06395957018599   3.348264571465 -0.04622516867588   
245.2641384658 3.617545368799 -0.06336724535807   3.34803063372 -0.04578138239824   
247.5889170294 3.617502583648 -0.06278869212046   3.347807296632 -0.045340044826   
249.9136955931 3.617459496726 -0.0622194948655   3.347591279278 -0.04491309238283   
252.2384741567 3.617417967702 -0.06166218364998   3.347389425428 -0.04448614254683   
254.5632527204 3.617377028314 -0.061112433947   3.347169403777 -0.04407323439373   
256.888031284 3.617341103694 -0.06057086371391   3.346972791962 -0.04366834922296   
259.2128098477 3.617312401836 -0.06003823602806   3.346787025556 -0.04327263213873   
261.5375884114 3.617287836084 -0.05951673529831   3.346603590338 -0.04288101572292   
263.862366975 3.617260307228 -0.05900542016403   3.346429388401 -0.04248972100033   
266.1871455387 3.617228343077 -0.05850009434216   3.346252455512 -0.04210946650491   
268.5119241023 3.61719518447 -0.05800244264457   3.346079578042 -0.04173532335235   
270.836702666 3.617160387732 -0.05751277719652   3.345909079272 -0.04136325279653   
273.1614812296 3.617124231603 -0.05702873012967   3.34573956921 -0.04100138483897   
275.4862597933 3.6170889554 -0.05655361425691   3.34558732121 -0.04064834858327   
277.8110383569 3.617054585424 -0.05609009990591   3.345443852047 -0.04029994832183   
280.1358169206 3.617020649504 -0.05563471786036   3.345291957632 -0.03995874392511   
282.4605954843 3.616987397392 -0.05518540502829   3.345142919107 -0.03962417548814   
284.7853740479 3.616955584462 -0.05474330994144   3.345004972796 -0.03929371752247   
287.1101526116 3.616926442953 -0.054308002769   3.34486472262 -0.03896698435528   
289.4349311752 3.616899251882 -0.05387844336925   3.344721484117 -0.03864349113234   
291.7597097389 3.616870196864 -0.05345635623485   3.344581658789 -0.03832307522922   
294.0844883025 3.616840179742 -0.05304247588528   3.344448011181 -0.03801296873564   
296.4092668662 3.616812799213 -0.0526363816362   3.344307706309 -0.03771155432598   
298.7340454299 3.61679064381 -0.05223551874655   3.344173582996 -0.0374170741675   
301.0588239935 3.616768650987 -0.05184071565616   3.344036220686 -0.03712082475444   
303.3836025572 3.616746773948 -0.05144975103887   3.343907875869 -0.03683249053064   
305.7083811208 3.616724972521 -0.05106396004341   3.343777274573 -0.03654671389449   
308.0331596845 3.616703680524 -0.05068284533753   3.343654473207 -0.03626518779533   
310.3579382481 3.616679578256 -0.05030796298352   3.343536111513 -0.03598639490959   
312.6827168118 3.616652367916 -0.04993994723545   3.343413122614 -0.03571388370629   
315.0074953754 3.616626206379 -0.04957700941083   3.343298796684 -0.03545378666147   
317.3322739391 3.616604399427 -0.04921975099642   3.343193562324 -0.03519756710863   
319.6570525028 3.616585929826 -0.04886728622271   3.343095083495 -0.03494268298722   
321.9818310664 3.616569320327 -0.04851888371862   3.343004796229 -0.03468861626413   
324.3066096301 3.61655237041 -0.04817476850434   3.342910154403 -0.03443583990984   
326.6313881937 3.616534916928 -0.04783508931101   3.342821632737 -0.03418349187664   
328.9561667574 3.616515505307 -0.04749931644372   3.342737039583 -0.03393667916117   
331.280945321 3.616495660283 -0.04716998989487   3.342655001487 -0.03368909064029   
333.6057238847 3.6164751752 -0.0468454215778   3.342562812241 -0.03344872734055   
335.9305024484 3.616456073365 -0.04652587216784   3.34247603305 -0.0332127777254   
338.255281012 3.616438664705 -0.04621111367429   3.342388423342 -0.03297935764956   
340.5800595757 3.616421920888 -0.04590016043523   3.342300722097 -0.03274893124936   
342.9048381393 3.616405958734 -0.04559274304437   3.342219205851 -0.03252025504172   
345.229616703 3.616391394883 -0.04528868951086   3.342132393377 -0.03229499450852   
347.5543952666 3.616376882334 -0.04498888872101   3.342042795763 -0.03207071853067   
349.8791738303 3.616359785178 -0.04469299653066   3.341954962793 -0.03184854053403   
352.203952394 3.616340291311 -0.04440069290796   3.341866443045 -0.03163219528805   
354.5287309576 3.616320142172 -0.0441131707708   3.341778841315 -0.03142005828637   
356.8535095213 3.616300683569 -0.04382986678147   3.341691119628 -0.031212783315   
359.1782880849 3.616283636875 -0.043549920396   3.341605378976 -0.03101164382358   
361.5030666486 3.616268813629 -0.04327443200228   3.341525768226 -0.03081240630403   
363.8278452122 3.616253880454 -0.04300292988355   3.341447824655 -0.03061387164322   
366.1526237759 3.616238026395 -0.04273358681126   3.341369216153 -0.03041896787171   
368.4774023395 3.616222992298 -0.04246660498981   3.341297619637 -0.03022829887178   
370.8021809032 3.616209748498 -0.04220329497448   3.341230005524 -0.03003931027797   
373.1269594669 3.616198362721 -0.0419429775592   3.341164431249 -0.02985287575537   
375.4517380305 3.616186767837 -0.04168592193363   3.341100064398 -0.02966693383712   
377.7765165942 3.616174535828 -0.04143216370312   3.341043964762 -0.02948383456904   
380.1012951578 3.616161591954 -0.04118208238072   3.340984200187 -0.02930159007427   
382.4260737215 3.61614994921 -0.04093397604846   3.340926052359 -0.0291231759972   
384.7508522851 3.616139045516 -0.04068873747278   3.340869557626 -0.02894497016934   
387.0756308488 3.616129069484 -0.04044658209716   3.340817528226 -0.02876904926831   
389.4004094125 3.616119950483 -0.04020742126635   3.34076590632 -0.02859497428371   
391.7251879761 3.616110631865 -0.03997094816127   3.340710244938 -0.02842050525544   
394.0499665398 3.616099773964 -0.03973633461255   3.340656096739 -0.028248124622   
396.3747451034 3.616087931515 -0.03950412307335   3.34060126379 -0.02807774577401   
398.6995236671 3.616076881301 -0.03927408162064   3.340545547679 -0.02791104689229   
401.0243022307 3.616067500031 -0.03904658285222   3.340494544653 -0.02774574095844   
403.3490807944 3.616057727841 -0.03882232446477   3.340441978924 -0.02758115217954   
405.673859358 3.616047236856 -0.03860135718609   3.340390947875 -0.02741828605945   
407.9986379217 3.616036442099 -0.03838273114053   3.340338183243 -0.0272600282913   
410.3234164854 3.616026323486 -0.03816703752817   3.340286287846 -0.02710110604051   
412.648195049 3.616015419641 -0.03795328077454   3.340231857781 -0.02694414025746   
414.9729736127 3.61600357244 -0.03774199385382   3.340179135122 -0.02678891954125   
417.2977521763 3.615991396639 -0.03753346603379   3.340124502044 -0.02663643278197   
419.62253074 3.615979444698 -0.03732738458815   3.340071077683 -0.02648793520308   
421.9473093036 3.615968011217 -0.03712415653996   3.340022215873 -0.0263409863955   
424.2720878673 3.615956811581 -0.03692344240246   3.33997013961 -0.02619623980848   
426.596866431 3.615945965109 -0.03672478752772   3.339918422705 -0.02605399577574   
428.9216449946 3.615936068563 -0.03652791711585   3.339871136367 -0.0259137856432   
431.2464235583 3.615927356467 -0.03633303142399   3.339825759383 -0.02577493059739   
433.5712021219 3.615919024496 -0.03614065232671   3.339782960173 -0.0256362734398   
435.8959806856 3.615910588837 -0.03595052253312   3.339740975423 -0.02549945545892   
438.2207592492 3.615902662578 -0.0357625807986   3.339698569158 -0.02536523678943   
440.5455378129 3.615895146322 -0.03557702317618   3.339657825871 -0.02523169527208   
442.8703163766 3.615887635711 -0.03539303279435   3.339618702225 -0.02509922797128   
445.1950949402 3.615880383821 -0.03521032119038   3.339579541914 -0.02496794967657   
447.5198735039 3.615873361944 -0.03502934566722   3.33954070164 -0.02483687454927   
449.8446520675 3.615865537415 -0.03485003964927   3.339499590483 -0.02470615811297   
452.1694306312 3.615857103088 -0.03467193395027   3.339460367966 -0.02457823677246   
454.4942091948 3.615848333502 -0.03449597553658   3.339422524224 -0.02445157470879   
456.8189877585 3.615840329677 -0.0343218821742   3.339386451544 -0.02432746890559   
459.1437663221 3.61583340863 -0.03414936572237   3.339347873894 -0.02420468460578   
461.4685448858 3.615828148818 -0.03397801513655   3.339313372556 -0.02408372108953   
463.7933234495 3.615823453635 -0.03380843770082   3.339280409022 -0.02396190949216   
466.1181020131 3.615818584111 -0.03364005078273   3.339246929876 -0.02384025346227   
468.4428805768 3.615813134006 -0.03347262250746   3.339214350638 -0.0237195968917   
470.7676591404 3.615807208472 -0.03330695069924   3.339182019894 -0.02359948451502   
473.0924377041 3.615801161738 -0.03314307033543   3.339149946528 -0.0234813812172   
475.4172162677 3.615794872803 -0.03298106370283   3.339116233172 -0.02336391687511   
477.7419948314 3.615787672215 -0.03282059519712   3.339082369452 -0.02324793461276   
480.0667733951 3.615780100339 -0.03266170768286   3.339051612833 -0.02313360864152   
482.3915519587 3.615772884621 -0.03250428751538   3.339018784025 -0.02302108762589   
484.7163305224 3.615766670738 -0.03234824996406   3.338987250724 -0.02290891143752   
487.041109086 3.615760249748 -0.03219354117199   3.3389561052 -0.02279781073823   
489.3658876497 3.615753131326 -0.03204091354101   3.33892605148 -0.0226866982336   
491.6906662133 3.615745389377 -0.03188979759112   3.338894725236 -0.02257822644082   
494.015444777 3.61573782306 -0.0317403365941   3.338864344483 -0.0224712490527   
496.3402233407 3.615730725571 -0.03159264891129   3.338834022215 -0.02236535505148   
498.6650019043 3.615724473198 -0.03144646167195   3.338804981517 -0.02226197645874   
500.989780468 3.615719677747 -0.03130201701061   3.338778594734 -0.02215933964046   
503.3145590316 3.615715636503 -0.03115902269046   3.338751300878 -0.02205672158704   
505.6393375953 3.615711078343 -0.03101722122679   3.338724849002 -0.02195408558039   
507.9641161589 3.615705675652 -0.03087659425743   3.338698710366 -0.02185210303273   
510.2888947226 3.615700064992 -0.03073710658068   3.338671023792 -0.02175176597792   
512.6136732862 3.615694630364 -0.03059898441693   3.338645090313 -0.02165232878356   
514.9384518499 3.615689051172 -0.03046240149532   3.338619975633 -0.02155350446024   
517.2632304136 3.615682990465 -0.0303274370315   3.338593349818 -0.02145577705614   
519.5880089772 3.615676508538 -0.03019392824719   3.338566637591 -0.02135935961366   
521.9127875409 3.615670354113 -0.03006138352658   3.338540811058 -0.02126468238283   
524.2375661045 3.615664957772 -0.02992988890225   3.338515130831 -0.0211705639687   
526.5623446682 3.615660021311 -0.02979950948719   3.338490353338 -0.02107662070979   
528.8871232318 3.615655162785 -0.02967009451392   3.338464884766 -0.02098350296193   
531.2119017955 3.615650803052 -0.02954160844039   3.338440738262 -0.0208918676999   
533.5366803592 3.615646427598 -0.02941449687055   3.338416245155 -0.02079990648135   
535.8614589228 3.615641874295 -0.02928817745758   3.338392007 -0.02070905033478   
538.1862374865 3.615637129478 -0.02916272994187   3.338366150292 -0.02061893193361   
540.5110160501 3.615632737738 -0.02903821836419   3.338341348806 -0.02053001948865   
542.8357946138 3.615628538453 -0.02891472311031   3.338316605078 -0.02044168219772   
545.1605731774 3.615624638459 -0.02879201983163   3.33829287723 -0.02035439832462   
547.4853517411 3.615620971449 -0.02867029349157   3.33827088115 -0.02026788065196   
549.8101303047 3.615617254245 -0.0285496731751   3.338247476831 -0.02018134877618   
552.1349088684 3.615613348562 -0.02842950143824   3.338223646458 -0.02009605761787   
554.4596874321 3.615609269633 -0.02830995156146   3.33820141567 -0.02001109995983   
556.7844659957 3.615604903415 -0.02819125766185   3.338180192978 -0.01992674061562   
559.1092445594 3.615600547442 -0.02807351134557   3.338159862184 -0.01984296951269   
561.434023123 3.615596059201 -0.02795670718852   3.338138223797 -0.01976024131269   
563.7588016867 3.615591655319 -0.02784111963628   3.338118802315 -0.01967815551474   
566.0835802503 3.61558722946 -0.02772662091157   3.338099488108 -0.0195973370672   
568.408358814 3.61558304766 -0.02761318637179   3.338080116742 -0.01951656039597   
570.7331373777 3.615579017192 -0.0275003519389   3.338060847158 -0.01943671720039   
573.0579159413 3.615575225118 -0.02738840730188   3.338042613011 -0.01935728890838   
575.382694505 3.615571675838 -0.02727748837256   3.338023830688 -0.01927813458879   
577.7074730686 3.615568082604 -0.0271673299814   3.338004904008 -0.01920001493449   
580.0322516323 3.615564265688 -0.02705820965872   3.337987418672 -0.01912223212089   
582.3570301959 3.615560364121 -0.02695008238057   3.337969677829 -0.0190456700947   
584.6818087596 3.615557001884 -0.02684283890367   3.33795258517 -0.01897037562466   
587.0065873233 3.615554275796 -0.0267365210948   3.337935911722 -0.01889511200876   
589.3313658869 3.615551436697 -0.0266310481738   3.337918991154 -0.01881990801986   
591.6561444506 3.615548053207 -0.02652647496124   3.337903582441 -0.01874518692989   
593.9809230142 3.615544450881 -0.02642283508788   3.337888263692 -0.01867132182823   
596.3057015779 3.615540989436 -0.02632012831295   3.337872452187 -0.01859827478417   
598.6304801415 3.615537553783 -0.02621843423071   3.337857597522 -0.01852569250377   
600.9552587052 3.615534184913 -0.02611767759593   3.337843148787 -0.01845403467576   
603.2800372688 3.615530968864 -0.02601785043926   3.337828294701 -0.0183829196488   
605.6048158325 3.615527866667 -0.025918734517   3.3378146154 -0.01831211239379   
607.9295943962 3.61552465499 -0.02582027439652   3.33780066179 -0.01824142441669   
610.2543729598 3.615521532311 -0.02572253667917   3.337787096536 -0.01817140579149   
612.5791515235 3.615518419041 -0.02562577772481   3.337773181083 -0.01810160461196   
614.9039300871 3.615515569874 -0.02552978630921   3.337760107988 -0.01803280227547   
617.2287086508 3.6155126531 -0.02543484343062   3.337746296028 -0.0179639149914   
619.5534872144 3.615509486885 -0.02534077510182   3.337732145242 -0.01789550745804   
621.8782657781 3.615506256781 -0.02524730345039   3.337717148238 -0.01782805298112   
624.2030443418 3.615503549606 -0.02515440705831   3.337702212185 -0.01776126133424   
626.5278229054 3.615501177182 -0.02506220553207   3.337687771615 -0.0176944483471   
628.8526014691 3.61549847041 -0.02497069712911   3.337671975153 -0.01762740267472   
631.1773800327 3.615495206964 -0.0248796590105   3.337655553989 -0.01756142538157   
633.5021585964 3.615491631884 -0.02478935895582   3.337639123414 -0.01749607355556   
635.82693716 3.615487962361 -0.024699665592   3.337621991989 -0.01743176990182   
638.1517157237 3.615484678099 -0.02461048223731   3.337606020641 -0.01736836862728   
640.4764942874 3.615481786495 -0.02452194309013   3.337590119786 -0.0173056741422   
642.801272851 3.615479339886 -0.02443414416713   3.337575226066 -0.01724314529058   
645.1260514147 3.615477004733 -0.0243467481145   3.337560117963 -0.01718122995187   
647.4508299783 3.615474634588 -0.02425985017993   3.337545938034 -0.01711913304161   
649.775608542 3.615472034831 -0.02417340830049   3.337532127483 -0.01705737839527   
652.1003871056 3.615469244755 -0.02408750660629   3.337517703586 -0.01699595431442   
654.4251656693 3.615466353808 -0.02400214227974   3.337502948341 -0.01693494977898   
656.7499442329 3.615463369361 -0.02391730826006   3.337489160273 -0.01687489322848   
659.0747227966 3.615460429741 -0.02383326902518   3.33747618726 -0.01681506296329   
661.3995013603 3.615457564313 -0.02374976728366   3.337462074452 -0.01675575283572   
663.7242799239 3.615454806277 -0.02366660170076   3.33744812634 -0.01669700541241   
666.0490584876 3.61545218271 -0.02358390151837   3.337434854687 -0.0166384073021   
668.3738370512 3.615449700907 -0.02350162743286   3.337421527146 -0.01658029515626   
670.6986156149 3.61544737373 -0.02341981507854   3.337409029584 -0.0165224693178   
673.0233941785 3.615445036704 -0.02333858449204   3.337396505116 -0.01646481443749   
675.3481727422 3.615442604131 -0.02325797416485   3.337383721113 -0.01640778541125   
677.6729513059 3.615440169519 -0.02317799007289   3.337371155136 -0.01635128847756   
679.9977298695 3.615437834027 -0.02309849529889   3.337358426548 -0.01629526128264   
682.3225084332 3.615435429971 -0.02301949806628   3.337345756316 -0.01623945692476   
684.6472869968 3.615433061526 -0.02294097604116   3.337334320725 -0.01618427448185   
686.9720655605 3.615430901168 -0.02286301392769   3.337322384208 -0.01612953899672   
689.2968441241 3.615428940292 -0.02278557746809   3.337310805347 -0.01607518156743   
691.6216226878 3.615426629385 -0.02270872869794   3.337299425752 -0.01602079672383   
693.9464012514 3.615424061368 -0.02263230863883   3.337288673368 -0.01596729664487   
696.2711798151 3.615421481145 -0.02255646635104   3.337277730886 -0.0159142372969   
698.5959583788 3.615419158749 -0.02248111039469   3.337267481577 -0.01586169789072   
700.9207369424 3.615417033813 -0.02240627349556   3.337257779581 -0.01580956145606   
703.2455155061 3.6154150322 -0.02233212480306   3.337248588037 -0.01575768744726   
705.5702940697 3.615413156269 -0.02225856927377   3.337240311351 -0.0157064281454   
707.8950726334 3.61541158885 -0.02218552523739   3.337232368431 -0.01565546307289   
710.219851197 3.615410366866 -0.02211291774729   3.337224976963 -0.0156047447422   
712.5446297607 3.615409278736 -0.02204084317827   3.337217862282 -0.01555371545174   
714.8694083244 3.615408088569 -0.02196912218105   3.337210263896 -0.01550297956724   
717.194186888 3.61540686628 -0.02189783666214   3.337203617834 -0.01545231640673   
719.5189654517 3.6154053001 -0.02182713087394   3.337196442757 -0.0154016431288   
721.8437440153 3.615403417386 -0.02175699162143   3.337189135344 -0.01535123152472   
724.168522579 3.615401451335 -0.0216873069634   3.337181409125 -0.01530177554171   
726.4933011426 3.615399724146 -0.02161829233729   3.337173950201 -0.01525252705217   
728.8180797063 3.615398119663 -0.02154979821268   3.33716632418 -0.01520348413345   
731.14285827 3.615396399111 -0.02148170124208   3.337158261973 -0.01515458262666   
733.4676368336 3.615394528984 -0.02141403378077   3.33715009002 -0.01510584036573   
735.7924153973 3.615392640037 -0.02134675278012   3.3371417526 -0.01505775561283   
738.1171939609 3.615390928251 -0.02127995574547   3.337133430112 -0.01500991579544   
740.4419725246 3.615389323592 -0.02121361923329   3.337125045098 -0.01496244375918   
742.7667510882 3.61538769516 -0.02114782398227   3.337116962483 -0.01491534459123   
745.0915296519 3.61538601796 -0.02108258442578   3.337108377207 -0.01486844563946   
747.4163082155 3.615384332118 -0.02101765813372   3.337099255467 -0.01482209684861   
749.7410867792 3.615382735817 -0.02095307395898   3.337091101329 -0.01477602208551   
752.0658653429 3.615381202518 -0.02088896239317   3.337082894519 -0.01472997694757   
754.3906439065 3.615379641017 -0.02082525302268   3.337074084994 -0.01468426761828   
756.7154224702 3.615377916348 -0.02076195549467   3.337065374867 -0.01463880787164   
759.0402010338 3.615376017485 -0.02069906934916   3.337056819454 -0.01459379882913   
761.3649795975 3.61537402673 -0.02063659720958   3.337048133505 -0.01454918789823   
763.6897581611 3.6153721899 -0.02057441606951   3.337039793857 -0.01450501470753   
766.0145367248 3.615370496853 -0.02051254774478   3.337030952527 -0.01446095910858   
768.3393152885 3.615368930619 -0.02045099408892   3.337022839685 -0.01441722133809   
770.6640938521 3.615367341561 -0.02038984589574   3.337014871555 -0.01437351107118   
772.9888724158 3.615365767292 -0.02032900583567   3.337006794899 -0.01433009242355   
775.3136509794 3.615364028311 -0.0202685471979   3.336998340279 -0.0142867004731   
777.6384295431 3.615362233469 -0.02020840942595   3.33699000969 -0.01424379069429   
779.9632081067 3.61536063486 -0.02014858649922   3.336981515994 -0.01420140941132   
782.2879866704 3.615359279205 -0.02008912583325   3.33697301067 -0.0141590667122   
784.6127652341 3.615357957794 -0.02002991035528   3.336964980939 -0.01411692798198   
786.9375437977 3.6153565994 -0.01997097858516   3.336956708862 -0.01407487250438   
789.2623223614 3.615355202277 -0.01991229311643   3.336948065718 -0.0140331048254   
791.587100925 3.615353702963 -0.01985385824979   3.336939402719 -0.01399134375348   
793.9118794887 3.615351957192 -0.01979563154036   3.336930463447 -0.01394993595138   
796.2366580523 3.615350096922 -0.01973777401353   3.33692221076 -0.01390883249988   
798.561436616 3.61534819032 -0.01968031624449   3.336913563893 -0.01386823131897   
800.8862151796 3.61534646149 -0.01962322357034   3.336905166627 -0.01382799127003   
803.2109937433 3.615344797835 -0.01956647071936   3.336896765219 -0.01378801922299   
805.535772307 3.615343022912 -0.01951010773704   3.336888328648 -0.01374801762398   
807.8605508706 3.615341169436 -0.01945393922963   3.336879916533 -0.01370848459292   
810.1853294343 3.615339412808 -0.01939799593281   3.336871701611 -0.01366929739839   
812.5101079979 3.61533774706 -0.01934243602572   3.336863661566 -0.01363007792807   
814.8348865616 3.615336009096 -0.01928718563224   3.336855403108 -0.01359130461573   
817.1596651252 3.615334253958 -0.01923229600425   3.336847362226 -0.01355293249227   
819.4844436889 3.615332591883 -0.019177759675   3.336839636556 -0.01351498950744   
821.8092222526 3.615331086898 -0.01912352212958   3.336832230725 -0.01347735305701   
824.1340008162 3.615329771476 -0.01906954319214   3.336824955655 -0.01343982259099   
826.4587793799 3.615328641543 -0.01901577875844   3.336817974115 -0.013402608884   
828.7835579435 3.615327677626 -0.01896233134377   3.336811771171 -0.01336547944296   
831.1083365072 3.615326705245 -0.01890920687763   3.336805513278 -0.01332828742364   
833.4331150708 3.615325574126 -0.01885631423688   3.336799400198 -0.01329133558884   
835.7578936345 3.615324288107 -0.01880374384103   3.336793616427 -0.01325454477803   
838.0826721981 3.615323020644 -0.01875146743461   3.336787624066 -0.01321810254072   
840.4074507618 3.615321825743 -0.01869944367725   3.336781614427 -0.01318187447374   
842.7322293255 3.615320694941 -0.01864767650169   3.336776483308 -0.01314579311726   
845.0570078891 3.615319499829 -0.01859625196486   3.336771140507 -0.01310974279896   
847.3817864528 3.615318349957 -0.01854507959254   3.33676603556 -0.01307408064829   
849.7065650164 3.615317311139 -0.01849416510937   3.336761045924 -0.01303857067223   
852.0313435801 3.61531647595 -0.01844349707441   3.336756497049 -0.01300326422547   
854.3561221437 3.615315698176 -0.01839315721477   3.336752081406 -0.01296786738486   
856.6809007074 3.615314886944 -0.01834308159216   3.33674747501 -0.01293250904366   
859.0056792711 3.61531395739 -0.01829324337249   3.33674259531 -0.0128973173192   
861.3304578347 3.615312910476 -0.01824372497197   3.336737880737 -0.01286224713154   
863.6552363984 3.615311889654 -0.01819449247105   3.336733450009 -0.01282761217533   
865.980014962 3.615311014309 -0.0181456104493   3.336728690544 -0.0127930784671   
868.3047935257 3.615310158667 -0.01809703070171   3.336723799356 -0.01275873137672   
870.6295720893 3.615309249341 -0.01804873372859   3.336719192752 -0.01272452390642   
872.954350653 3.615308289608 -0.01800066076327   3.336714259841 -0.01269060562778   
875.2791292167 3.615307349173 -0.01795282966588   3.336709671146 -0.01265670715719   
877.6039077803 3.615306305897 -0.01790521311285   3.336704869332 -0.01262298978299   
879.928686344 3.615305260349 -0.01785789253028   3.336700365188 -0.01258952989453   
882.2534649076 3.615304249324 -0.01781092905312   3.336695934788 -0.01255639811134   
884.5782434713 3.615303252171 -0.01776433646069   3.336691579058 -0.01252338312486   
886.9030220349 3.61530226102 -0.0177180114521   3.336687467542 -0.01249062555265   
889.2278005986 3.615301308429 -0.01767197438535   3.336683378498 -0.01245804176981   
891.5525791622 3.615300473347 -0.017626218559   3.336679243538 -0.01242549026749   
893.8773577259 3.615299744868 -0.01758062469628   3.336675092211 -0.01239315646816   
896.2021362896 3.615299001944 -0.01753530782706   3.336671176272 -0.01236068986092   
898.5269148532 3.615298074495 -0.01749028933689   3.336667093047 -0.0123282734658   
900.8516934169 3.615297008524 -0.01744549921456   3.336662702128 -0.01229623417428   
903.1764719805 3.615295973604 -0.01740096667257   3.336658165096 -0.01226439456761   
905.5012505442 3.615294974753 -0.01735668034156   3.336653481557 -0.0122327471918   
907.8260291078 3.615293997 -0.01731262605362   3.336648922562 -0.01220127314434   
910.1508076715 3.615293089604 -0.01726878201178   3.336644285943 -0.01216999266229   
912.4755862352 3.615292320842 -0.01722513464976   3.336639845166 -0.01213894619606   
914.8003647988 3.615291598434 -0.01718174287886   3.336635329408 -0.01210781110283   
917.1251433625 3.615290813811 -0.01713851694186   3.33663045564 -0.01207682690444   
919.4499219261 3.615289940964 -0.01709545496526   3.336625614626 -0.01204608101146   
921.7747004898 3.61528912965 -0.01705259059506   3.336621265358 -0.01201557169916   
924.0994790534 3.615288381862 -0.01700993764632   3.336616527927 -0.01198511007341   
926.4242576171 3.615287683204 -0.01696743385775   3.336612063703 -0.01195482434243   
928.7490361808 3.615286908686 -0.01692515797152   3.336607573352 -0.01192451888036   
931.0738147444 3.615286050747 -0.01688307605534   3.336602903026 -0.01189437454484   
933.3985933081 3.615285056581 -0.01684116257243   3.336598175524 -0.01186431095379   
935.7233718717 3.615283956945 -0.01679941541228   3.33659350828 -0.0118343786429   
938.0481504354 3.615282816226 -0.01675788114911   3.336588750251 -0.01180471287901   
940.372928999 3.615281725982 -0.01671660661701   3.336583891113 -0.01177522846603   
942.6977075627 3.615280731156 -0.01667551335333   3.336579125384 -0.01174605417801   
945.0224861263 3.615279781972 -0.01663464759445   3.336574424313 -0.01171687245498   
947.34726469 3.615278792016 -0.01659395979573   3.336569704464 -0.0116878372027   
949.6720432537 3.61527784231 -0.01655341526511   3.336564926786 -0.01165892159004   
951.9968218173 3.61527693751 -0.01651300545435   3.336559791244 -0.01163016492006   
954.321600381 3.615276053718 -0.01647281000887   3.336555164753 -0.01160143575243   
956.6463789446 3.615275082897 -0.01643284686199   3.33655034359 -0.01157289069682   
958.9711575083 3.615274058071 -0.01639313912652   3.336545320009 -0.01154450038556   
961.2959360719 3.615272959414 -0.01635364153131   3.33654015007 -0.01151636940769   
963.6207146356 3.615271858225 -0.01631433483195   3.336535026802 -0.01148848775087   
965.9454931993 3.615270878052 -0.01627519599559   3.336530061655 -0.01146082351657   
968.2702717629 3.615269950872 -0.01623623532013   3.336524979092 -0.01143318672334   
970.5950503266 3.615268941371 -0.01619744158386   3.336519897102 -0.01140555572582   
972.9198288902 3.615267821126 -0.01615878066386   3.336514897351 -0.01137826469417   
975.2446074539 3.615266691165 -0.0161203480618   3.336510059783 -0.01135115162646   
977.5693860175 3.615265617888 -0.01608210815896   3.336505264491 -0.01132424679898   
979.8941645812 3.615264621841 -0.01604402590331   3.336500613494 -0.0112975821771   
982.2189431448 3.615263701165 -0.01600617362648   3.336496155479 -0.01127096049231   
984.5437217085 3.615262829186 -0.01596849616443   3.336491691663 -0.01124451537814   
986.8685002722 3.615262040272 -0.0159309450574   3.336487516571 -0.01121820476784   
989.1932788358 3.615261307228 -0.01589355472512   3.336483477462 -0.01119186717289   
991.5180573995 3.61526059779 -0.01585631800693   3.336479534042 -0.01116565903435   
993.8428359631 3.61525990589 -0.01581924978827   3.336475492245 -0.01113951142198   
996.1676145268 3.61525923522 -0.01578230831064   3.336471420803 -0.01111349725522   
998.4923930904 3.615258468495 -0.01574552812107   3.336467377295 -0.0110874728426   
1000.817171654 3.615257595299 -0.01570888730944   3.336463419442 -0.01106157017464   
1003.141950218 3.615256682592 -0.01567237099791   3.336459127986 -0.01103588067797   
1005.466728781 3.615255890497 -0.01563598988302   3.336455233221 -0.01101045158932   
1007.791507345 3.61525516806 -0.01559982169371   3.336451349647 -0.01098499933085   
1010.116285909 3.61525444686 -0.01556380726868   3.336447403993 -0.01095968959333   
1012.441064472 3.615253692737 -0.01552793530104   3.336443671396 -0.01093453146612   
1014.765843036 3.615252966139 -0.01549222110358   3.336439938716 -0.0109094487963   
1017.0906216 3.615252261768 -0.01545662742186   3.33643601714 -0.01088447688351   
1019.415400163 3.615251527254 -0.01542116965323   3.336432155826 -0.01085953695482   
1021.740178727 3.615250763458 -0.01538585437233   3.336428516998 -0.0108348578037   
1024.064957291 3.615250033574 -0.01535075801988   3.336424977811 -0.01081030657247   
1026.389735854 3.615249349174 -0.01531582850065   3.336421475034 -0.01078597353211   
1028.714514418 3.615248735838 -0.01528105179687   3.336418198277 -0.01076174017795   
1031.039292982 3.615248145263 -0.01524642476182   3.336414853781 -0.01073763681445   
1033.364071545 3.615247623206 -0.01521193715563   3.336411947092 -0.01071361121061   
1035.688850109 3.615247148271 -0.01517755484195   3.336409088051 -0.01068967272424   
1038.013628673 3.615246680496 -0.01514333798618   3.336406494196 -0.01066568378989   
1040.338407236 3.615246128731 -0.01510931243411   3.336404016375 -0.01064176405212   
1042.6631858 3.615245502742 -0.01507548312994   3.336401342822 -0.0106179896652   
1044.987964364 3.615244858167 -0.01504183637832   3.336398734575 -0.01059436176327   
1047.312742927 3.615244184057 -0.01500837043947   3.336396280494 -0.01057085819177   
1049.637521491 3.615243548355 -0.014975086548   3.336393935036 -0.01054744848842   
1051.962300055 3.615243013124 -0.01494194861859   3.336391480599 -0.01052420375297   
1054.287078618 3.615242538971 -0.01490898472094   3.336389028952 -0.01050093350506   
1056.611857182 3.61524204673 -0.01487616602316   3.336386673748 -0.010477723596   
1058.936635746 3.615241513342 -0.0148434942497   3.336384305972 -0.01045464101855   
1061.261414309 3.615240950067 -0.01481100739511   3.336381808635 -0.01043157493227   
1063.586192873 3.615240375156 -0.0147786509101   3.336379171757 -0.01040872318035   
1065.910971436 3.615239882626 -0.01474645174618   3.336376776333 -0.0103860826306   
1068.23575 3.615239483916 -0.01471447288418   3.33637440517 -0.01036345596452   
1070.560528564 3.615239110778 -0.01468264848138   3.336371985627 -0.01034092170775   
1072.885307127 3.615238673885 -0.01465096675211   3.33636946814 -0.01031838245067   
1075.210085691 3.615238176281 -0.01461940973917   3.336366927053 -0.01029597704916   
1077.534864255 3.615237645696 -0.01458798901788   3.336364313894 -0.01027368879057   
1079.859642818 3.615237152263 -0.01455668693192   3.336361822223 -0.01025152974255   
1082.184421382 3.615236631234 -0.01452553903506   3.336359193062 -0.01022941528148   
1084.509199946 3.615236063398 -0.01449455274924   3.336356747139 -0.01020745831923   
1086.833978509 3.615235462731 -0.01446372103734   3.336354160957 -0.0101856362   
1089.158757073 3.615234925603 -0.01443298751845   3.336351627128 -0.01016400420838   
1091.483535637 3.6152344508 -0.01440237775208   3.336349360918 -0.01014239361841   
1093.8083142 3.615234002099 -0.01437190761463   3.336346995642 -0.01012076078711   
1096.133092764 3.615233566702 -0.01434153634407   3.33634457177 -0.01009929306129   
1098.457871328 3.615233152469 -0.01431131054562   3.33634233302 -0.01007785061688   
1100.782649891 3.615232738421 -0.01428121890992   3.336340094912 -0.01005651060564   
1103.107428455 3.615232327449 -0.01425125807292   3.336337782267 -0.01003521498799   
1105.432207019 3.615231946702 -0.01422138510076   3.336335458801 -0.01001408337146   
1107.756985582 3.615231648186 -0.01419162431304   3.336333224451 -0.009992962182926   
1110.081764146 3.615231323351 -0.01416196521213   3.336330721486 -0.009971813663008   
1112.40654271 3.61523090208 -0.01413239027884   3.336328377045 -0.009950671909354   
1114.731321273 3.615230373196 -0.01410291042953   3.336325917846 -0.009929676560115   
1117.056099837 3.61522982777 -0.01407357879049   3.336323435091 -0.009908800068138   
1119.380878401 3.615229303298 -0.01404437860575   3.336320927276 -0.009888066827184   
1121.705656964 3.61522878069 -0.014015309479   3.336318316987 -0.009867431516865   
1124.030435528 3.61522824815 -0.01398638200586   3.336315853259 -0.009846881771925   
1126.355214092 3.615227712386 -0.0139575677966   3.336313387157 -0.009826464761669   
1128.679992655 3.615227228648 -0.01392884968103   3.336310885665 -0.009806092476295   
1131.004771219 3.61522676979 -0.01390022390237   3.336308411566 -0.009785779569287   
1133.329549783 3.615226278485 -0.01387173940124   3.33630599689 -0.009765490978666   
1135.654328346 3.615225764072 -0.01384338890997   3.336303547957 -0.00974533127618   
1137.97910691 3.615225229596 -0.01381517048584   3.336301039166 -0.009725289963791   
1140.303885473 3.615224647427 -0.0137871074651   3.336298552173 -0.009705261332977   
1142.628664037 3.615224022071 -0.01375916138547   3.336295925239 -0.009685400868939   
1144.953442601 3.615223428182 -0.01373133663708   3.336293271649 -0.009665694585365   
1147.278221164 3.615222867937 -0.01370364920803   3.33629061 -0.009646027657626   
1149.602999728 3.615222338696 -0.01367605830436   3.336288154635 -0.009626536262274   
1151.927778292 3.615221838837 -0.01364861138257   3.336285738851 -0.009607077461322   
1154.252556855 3.615221364596 -0.01362128524832   3.336283208556 -0.009587701374791   
1156.577335419 3.615220869194 -0.01359404752127   3.336280584536 -0.009568405653971   
1158.902113983 3.615220381807 -0.01356689350557   3.336278202938 -0.009549212431238   
1161.226892546 3.615219891079 -0.01353986041897   3.336275798538 -0.009530052635826   
