1.400000000000000000e+01 2.579599632925541532e-03 2.551440519032296614e-03
1.397197197197197127e+01 2.593837462990212887e-03 2.579494739632136671e-03
1.394394394394394432e+01 2.608182061572739217e-03 2.607863640112190445e-03
1.391591591591591559e+01 2.636873151786924691e-03 2.636550953184226952e-03
1.388788788788788864e+01 2.665886476428255044e-03 2.665560455902844100e-03
1.385985985985985991e+01 2.695225857769454735e-03 2.694895970103224851e-03
1.383183183183183118e+01 2.724895163301117168e-03 2.724561362838789306e-03
1.380380380380380423e+01 2.754898306168887968e-03 2.754560546818188901e-03
1.377577577577577550e+01 2.785239245610123503e-03 2.784897480842539550e-03
1.374774774774774855e+01 2.815921987389796537e-03 2.815576170241697231e-03
1.371971971971971982e+01 2.846950584235465563e-03 2.846600667309401225e-03
1.369169169169169109e+01 2.878329136270888454e-03 2.877975071737154476e-03
1.366366366366366414e+01 2.910061791448045367e-03 2.909703531046534900e-03
1.363563563563563541e+01 2.942152745977300726e-03 2.941790241019653571e-03
1.360760760760760846e+01 2.974606244755391600e-03 2.974239446127482228e-03
1.357957957957957973e+01 3.007426581790934549e-03 3.007055439955678457e-03
1.355155155155155100e+01 3.040618100627104879e-03 3.040242565627608844e-03
1.352352352352352405e+01 3.074185194761147426e-03 3.073805216224249643e-03
1.349549549549549532e+01 3.108132308060350228e-03 3.107747835200505657e-03
1.346746746746746837e+01 3.142463935174091231e-03 3.142074916797694527e-03
1.343943943943943964e+01 3.177184621941465340e-03 3.176791006451692469e-03
1.341141141141141091e+01 3.212298965794221223e-03 3.211900701196314725e-03
1.338338338338338396e+01 3.247811616154607558e-03 3.247408650061116286e-03
1.335535535535535523e+01 3.283727274827597051e-03 3.283319554464287238e-03
1.332732732732732828e+01 3.320050696387050193e-03 3.319638168599627504e-03
1.329929929929929955e+01 3.356786688555415867e-03 3.356369299816639069e-03
1.327127127127127082e+01 3.393940112576320032e-03 3.393517808993580867e-03
1.324324324324324387e+01 3.431515883579479113e-03 3.431088610902946392e-03
1.321521521521521514e+01 3.469518970937470609e-03 3.469086674568806327e-03
1.318718718718718641e+01 3.507954398613766754e-03 3.507517023615423779e-03
1.315915915915915946e+01 3.546827245501444487e-03 3.546384736606595246e-03
1.313113113113113073e+01 3.586142645751948070e-03 3.585694947375062894e-03
1.310310310310310378e+01 3.625905789093269473e-03 3.625452845341335488e-03
1.307507507507507505e+01 3.666121921136847404e-03 3.665663675821325546e-03
1.304704704704704632e+01 3.706796343672528853e-03 3.706332740322026888e-03
1.301901901901901937e+01 3.747934414950718825e-03 3.747465396824482733e-03
1.299099099099099064e+01 3.789541549951072532e-03 3.789067060053475343e-03
1.296296296296296369e+01 3.831623220637102485e-03 3.831143201732284485e-03
1.293493493493493496e+01 3.874184956195766364e-03 3.873699350823093211e-03
1.290690690690690623e+01 3.917232343261183025e-03 3.916741093752177522e-03
1.287887887887887928e+01 3.960771026121745475e-03 3.960274074617800392e-03
1.285085085085085055e+01 4.004806706909602547e-03 4.004303995380557347e-03
1.282282282282282360e+01 4.049345145771451535e-03 4.048836616035097168e-03
1.279479479479479487e+01 4.094392161019773553e-03 4.093877754762382040e-03
1.276676676676676614e+01 4.139953629263516330e-03 4.139433288061421592e-03
1.273873873873873919e+01 4.186035485517172750e-03 4.185509150859409618e-03
1.271071071071071046e+01 4.232643723287181359e-03 4.232111336599271231e-03
1.268268268268268173e+01 4.279784394634516057e-03 4.279245897303379266e-03
1.265465465465465478e+01 4.327463610212328726e-03 4.326918943612422484e-03
1.262662662662662605e+01 4.375687539277401880e-03 4.375136644798102888e-03
1.259859859859859910e+01 4.424462409674107671e-03 4.423905228748466895e-03
1.257057057057057037e+01 4.473794507789554883e-03 4.473230981924636133e-03
1.254254254254254164e+01 4.523690178478894340e-03 4.523120249286909957e-03
1.251451451451451469e+01 4.574155824959257911e-03 4.573579434189657678e-03
1.248648648648648596e+01 4.625197908670873950e-03 4.624614998244803640e-03
1.245845845845845901e+01 4.676822949104038167e-03 4.676233461150281281e-03
1.243043043043043028e+01 4.729037523590372619e-03 4.728441400482717195e-03
1.240240240240240155e+01 4.781848267056560027e-03 4.781245451452732775e-03
1.237437437437437460e+01 4.835261871739085851e-03 4.834652306621326466e-03
1.234634634634634587e+01 4.889285086858332317e-03 4.888668715575740682e-03
1.231831831831831892e+01 4.943924718250300963e-03 4.943301484562911269e-03
1.229029029029029019e+01 4.999187627954221162e-03 4.998557476078950394e-03
1.226226226226226146e+01 5.055080733754168526e-03 5.054443608412576873e-03
1.223423423423423451e+01 5.111611008672847442e-03 5.110966855140929195e-03
1.220620620620620578e+01 5.168785480415574035e-03 5.168134244575474899e-03
1.217817817817817883e+01 5.226611230762383958e-03 5.225952859156306717e-03
1.215015015015015010e+01 5.285095394906037629e-03 5.284429834792585094e-03
1.212212212212212137e+01 5.344245160734319156e-03 5.343572360146623020e-03
1.209409409409409442e+01 5.404067768054212489e-03 5.403387675859198415e-03
1.206606606606606569e+01 5.464570507755730014e-03 5.463883073716879930e-03
1.203803803803803874e+01 5.525760720913122821e-03 5.525065895755775121e-03
1.201001001001001001e+01 5.587645797821287792e-03 5.586943533300172716e-03
1.198198198198198128e+01 5.650233176964466683e-03 5.649523425933588791e-03
1.195395395395395433e+01 5.713530343914930039e-03 5.712813060400023270e-03
1.192592592592592560e+01 5.777544830159134052e-03 5.776819969432773517e-03
1.189789789789789864e+01 5.842284211848763897e-03 5.841551730508088430e-03
1.186986986986986992e+01 5.907756108473953029e-03 5.907015964521197121e-03
1.184184184184184119e+01 5.973968181455953201e-03 5.973220334381738016e-03
1.181381381381381424e+01 6.040928132656455361e-03 6.040172543525968059e-03
1.178578578578578551e+01 6.108643702800663558e-03 6.107880334342776114e-03
1.175775775775775855e+01 6.177122669811153759e-03 6.176351486510596629e-03
1.172972972972972983e+01 6.246372847049219863e-03 6.245593815242239839e-03
1.170170170170170110e+01 6.316402081461237536e-03 6.315615169434191621e-03
1.167367367367367414e+01 6.387218251626846158e-03 6.386423429716297714e-03
1.164564564564564542e+01 6.458829265705646853e-03 6.458026506402862743e-03
1.161761761761761846e+01 6.531243059279256795e-03 6.530432337338636269e-03
1.158958958958958974e+01 6.604467593085699625e-03 6.603648885636244185e-03
1.156156156156156101e+01 6.678510850642258370e-03 6.677684137302241328e-03
1.153353353353353405e+01 6.753380835753483580e-03 6.752546098748513602e-03
1.150550550550550533e+01 6.829085569901057265e-03 6.828242794185656467e-03
1.147747747747747837e+01 6.905633089512070062e-03 6.904782262894761449e-03
1.144944944944944965e+01 6.983031443102205756e-03 6.982172556374112611e-03
1.142142142142142092e+01 7.061288688290286511e-03 7.060421735357304447e-03
1.139339339339339396e+01 7.140412888680620906e-03 7.139537866699189467e-03
1.136536536536536524e+01 7.220412110609558676e-03 7.219529020126061979e-03
1.133733733733733828e+01 7.301294419752623992e-03 7.300403264846437763e-03
1.130930930930930955e+01 7.383067877588194057e-03 7.382168666018799723e-03
1.128128128128128083e+01 7.465740537714647337e-03 7.464833281072636231e-03
1.125325325325325387e+01 7.549320442017576176e-03 7.548405155877033722e-03
1.122522522522522515e+01 7.633815616683159791e-03 7.632892320758329248e-03
1.119719719719719819e+01 7.719234068054099847e-03 7.718302786361087159e-03
1.116916916916916946e+01 7.805583778325055067e-03 7.804644539346711728e-03
1.114114114114114074e+01 7.892872701073430641e-03 7.891925537927337378e-03
1.111311311311311378e+01 7.981108756621928951e-03 7.980153707231806351e-03
1.108508508508508505e+01 8.070299827229725220e-03 8.069336934500209724e-03
1.105705705705705810e+01 8.160453752108987741e-03 8.159483064103583913e-03
1.102902902902902937e+01 8.251578322263504808e-03 8.250599892385690470e-03
1.100100100100100065e+01 8.343681275146268977e-03 8.342695162323653449e-03
1.097297297297297192e+01 8.436770289133081746e-03 8.435776558004388220e-03
1.094494494494494496e+01 8.530852977809273013e-03 8.529851698914030569e-03
1.091691691691691801e+01 8.625936884066787505e-03 8.624928134037647756e-03
1.088888888888888928e+01 8.722029474008751587e-03 8.721013335766638133e-03
1.086086086086086056e+01 8.819138130659409311e-03 8.818114693611229377e-03
1.083283283283283183e+01 8.917270147478017356e-03 8.916239507714208631e-03
1.080480480480480487e+01 9.016432721674256384e-03 9.015394982167331331e-03
1.077677677677677615e+01 9.116632947323635716e-03 9.115588218130679307e-03
1.074874874874874919e+01 9.217877808281860902e-03 9.216826206747829806e-03
1.072072072072072046e+01 9.320174170896878760e-03 9.319115821858129506e-03
1.069269269269269174e+01 9.423528776517213837e-03 9.422463812505343234e-03
1.066466466466466478e+01 9.527948233796759356e-03 9.526876795242410212e-03
1.063663663663663606e+01 9.633439010796069485e-03 9.632361246232352958e-03
1.060860860860860910e+01 9.740007426880583144e-03 9.738923493145569543e-03
1.058058058058058037e+01 9.847659644416764668e-03 9.846569706854671478e-03
1.055255255255255165e+01 9.956401660267471046e-03 9.955305892927908060e-03
1.052452452452452469e+01 1.006623929708844178e-02 1.006513788292332130e-02
1.049649649649649596e+01 1.017717819442837644e-02 1.017607132548588485e-02
1.046846846846846901e+01 1.028922379963517070e-02 1.028811167725042150e-02
1.044044044044044028e+01 1.040238135857182375e-02 1.040126419355434824e-02
1.041241241241241156e+01 1.051665590614749880e-02 1.051553391896188107e-02
1.038438438438438460e+01 1.063205225666804567e-02 1.063092567760659350e-02
1.035635635635635587e+01 1.074857499401151058e-02 1.074744406336425318e-02
1.032832832832832892e+01 1.086622846163541600e-02 1.086509342985315235e-02
1.030030030030030019e+01 1.098501675242305117e-02 1.098387788027167106e-02
1.027227227227227146e+01 1.110494369837550580e-02 1.110380125708141166e-02
1.024424424424424451e+01 1.122601286015888558e-02 1.122486713154476068e-02
1.021621621621621578e+01 1.134822751651646047e-02 1.134707879312653149e-02
1.018818818818818883e+01 1.147159065355631870e-02 1.147043923877005996e-02
1.016016016016016010e+01 1.159610495392607993e-02 1.159495116205953337e-02
1.013213213213213137e+01 1.172177278588707600e-02 1.172061694228070279e-02
1.010410410410410442e+01 1.184859619230149534e-02 1.184743863339357203e-02
1.007607607607607569e+01 1.197657687954691887e-02 1.197541795293151357e-02
1.004804804804804874e+01 1.210571620637346767e-02 1.210455627084216189e-02
1.002002002002002001e+01 1.223601517271948741e-02 1.223485459828664752e-02
9.991991991991991284e+00 1.236747440850505600e-02 1.236631357641344853e-02
9.963963963963964332e+00 1.250009416242144067e-02 1.249893346512366728e-02
9.935935935935935603e+00 1.263387429073597676e-02 1.263271413185935999e-02
9.907907907907908651e+00 1.276881424613341212e-02 1.276765504042408697e-02
9.879879879879879923e+00 1.290491306661625467e-02 1.290375523985932277e-02
9.851851851851851194e+00 1.304216936448531275e-02 1.304101335340061840e-02
9.823823823823824242e+00 1.318058131542494335e-02 1.317942756753788698e-02
9.795795795795795513e+00 1.332014664771831447e-02 1.331899562120465036e-02
9.767767767767768561e+00 1.346086263161864680e-02 1.345971479512224692e-02
9.739739739739739832e+00 1.360272606890342538e-02 1.360158190132617143e-02
9.711711711711711104e+00 1.374573328263946001e-02 1.374459327290227309e-02
9.683683683683684151e+00 1.388988010718749180e-02 1.388874475396178858e-02
9.655655655655655423e+00 1.403516187847597338e-02 1.403403168988483392e-02
9.627627627627628470e+00 1.418157342457413220e-02 1.418044891786239547e-02
9.599599599599599742e+00 1.432910905659433645e-02 1.432799075776857410e-02
9.571571571571571013e+00 1.447776255995709103e-02 1.447665100339307238e-02
9.543543543543542285e+00 1.462752718605082360e-02 1.462642291406279597e-02
9.515515515515515332e+00 1.477839564431815758e-02 1.477729920669861897e-02
9.487487487487488380e+00 1.493036009480183147e-02 1.492927204833105828e-02
9.459459459459459651e+00 1.508341214118416075e-02 1.508233304910523015e-02
9.431431431431430923e+00 1.523754282435122419e-02 1.523647325581145920e-02
9.403403403403402194e+00 1.539274261651495980e-02 1.539168314597443368e-02
9.375375375375375242e+00 1.554900141592649790e-02 1.554795262253394136e-02
9.347347347347348290e+00 1.570630854221315847e-02 1.570527100914973981e-02
9.319319319319319561e+00 1.586465273237114629e-02 1.586362704616291891e-02
9.291291291291290833e+00 1.602402213744526238e-02 1.602300888724476555e-02
9.263263263263262104e+00 1.618440431992622039e-02 1.618340409676435887e-02
9.235235235235235152e+00 1.634578625189504406e-02 1.634479964790452183e-02
9.207207207207208199e+00 1.650815431394313595e-02 1.650718192155452638e-02
9.179179179179179471e+00 1.667149429489398621e-02 1.667053670600704418e-02
9.151151151151150742e+00 1.683579139235371128e-02 1.683484919748523198e-02
9.123123123123122014e+00 1.700103021411530219e-02 1.700010400151861015e-02
9.095095095095095061e+00 1.716719478043805119e-02 1.716628513520314717e-02
9.067067067067068109e+00 1.733426852722262657e-02 1.733337603036247399e-02
9.039039039039039380e+00 1.750223431010128339e-02 1.750135953762078575e-02
9.011011011011010652e+00 1.767107440945793126e-02 1.767021793140811925e-02
8.982982982982981923e+00 1.784077053639113175e-02 1.783993291591189079e-02
8.954954954954954971e+00 1.801130383963221379e-02 1.801048563198638652e-02
8.926926926926928019e+00 1.818265491342709733e-02 1.818185666502847297e-02
8.898898898898899290e+00 1.835480380638783438e-02 1.835402605382620289e-02
8.870870870870870561e+00 1.852773003131683721e-02 1.852697330038253348e-02
8.842842842842841833e+00 1.870141257600406795e-02 1.870067738071556906e-02
8.814814814814814881e+00 1.887582991499420215e-02 1.887511675663140417e-02
8.786786786786787928e+00 1.905096002231808014e-02 1.905026938846462320e-02
8.758758758758759200e+00 1.922678038517838112e-02 1.922611274877688778e-02
8.730730730730730471e+00 1.940326801857821318e-02 1.940262383700192342e-02
8.702702702702701743e+00 1.958039948087898080e-02 1.957977919501705313e-02
8.674674674674674790e+00 1.975815089026814950e-02 1.975755492363057489e-02
8.646646646646647838e+00 1.993649794211563644e-02 1.993592669996845784e-02
8.618618618618619109e+00 2.011541592719533894e-02 2.011486979572274861e-02
8.590590590590590381e+00 2.029487975074416653e-02 2.029435909623934775e-02
8.562562562562561652e+00 2.047486395232676892e-02 2.047436912041558990e-02
8.534534534534534700e+00 2.065534272647452652e-02 2.065487404137469549e-02
8.506506506506507748e+00 2.083628994406333881e-02 2.083584770788146634e-02
8.478478478478479019e+00 2.101767917439244931e-02 2.101726366646152963e-02
8.450450450450450290e+00 2.119948370792417575e-02 2.119909518418340577e-02
8.422422422422421562e+00 2.138167657964220453e-02 2.138131527206114588e-02
8.394394394394394610e+00 2.156423059298422790e-02 2.156389670903333458e-02
8.366366366366367657e+00 2.174711834430290494e-02 2.174681206647159984e-02
8.338338338338338929e+00 2.193031224780713634e-02 2.193003373317163954e-02
8.310310310310310200e+00 2.211378456093442829e-02 2.211353394077680487e-02
8.282282282282281471e+00 2.229750741010632850e-02 2.229728478958232021e-02
8.254254254254254519e+00 2.248145281681494453e-02 2.248125827466979781e-02
8.226226226226227567e+00 2.266559272398885327e-02 2.266542631233108701e-02
8.198198198198198838e+00 2.284989902258673794e-02 2.284976076671470929e-02
8.170170170170170110e+00 2.303434357836675606e-02 2.303423347664634857e-02
8.142142142142141381e+00 2.321889825877746991e-02 2.321881628257176436e-02
8.114114114114114429e+00 2.340353495991931432e-02 2.340348105356987798e-02
8.086086086086085700e+00 2.358822563352521579e-02 2.358819971438465279e-02
8.058058058058058748e+00 2.377294231390944881e-02 2.377294427242393829e-02
8.030030030030030019e+00 2.395765714483480760e-02 2.395768684467584203e-02
8.002002002002001291e+00 2.414234240624901773e-02 2.414239968449292256e-02
7.973973973973974338e+00 2.432697054084274196e-02 2.432705520819668926e-02
7.945945945945945610e+00 2.451151418038288038e-02 2.451162602145570343e-02
7.917917917917917769e+00 2.469594617177630139e-02 2.469608494539255253e-02
7.889889889889889929e+00 2.488023960282070152e-02 2.488040504237653758e-02
7.861861861861862089e+00 2.506436782760271265e-02 2.506455964146000331e-02
7.833833833833834248e+00 2.524830449150346559e-02 2.524852236341871420e-02
7.805805805805805520e+00 2.543202355577451473e-02 2.543226714536574173e-02
7.777777777777777679e+00 2.561549932164914820e-02 2.561576826489633460e-02
7.749749749749749839e+00 2.579870645395680381e-02 2.579900036373176248e-02
7.721721721721721998e+00 2.598162000420898773e-02 2.598193847083318103e-02
7.693693693693694158e+00 2.616421543312910658e-02 2.616455802495699576e-02
7.665665665665665429e+00 2.634646863260076827e-02 2.634683489662667175e-02
7.637637637637637589e+00 2.652835594701125760e-02 2.652874540949691842e-02
7.609609609609609748e+00 2.670985419396929017e-02 2.671026636109007091e-02
7.581581581581581908e+00 2.689094068437850038e-02 2.689137504288563810e-02
7.553553553553553179e+00 2.707159324185054450e-02 2.707204925974717596e-02
7.525525525525525339e+00 2.725179022144395141e-02 2.725226734867270198e-02
7.497497497497497498e+00 2.743151052771733434e-02 2.743200819685711819e-02
7.469469469469469658e+00 2.761073363208810250e-02 2.761125125905712283e-02
7.441441441441441818e+00 2.778943958948927942e-02 2.778997657425255965e-02
7.413413413413413089e+00 2.796760905431920977e-02 2.796816478160099595e-02
7.385385385385385248e+00 2.814522329568131670e-02 2.814579713567860048e-02
7.357357357357357408e+00 2.832226421191297305e-02 2.832285552100677339e-02
7.329329329329329568e+00 2.849871434440399282e-02 2.849932246586764709e-02
7.301301301301301727e+00 2.867455689070789321e-02 2.867518115541083795e-02
7.273273273273272999e+00 2.884977571695077764e-02 2.885041544405610170e-02
7.245245245245245158e+00 2.902435536954388676e-02 2.902500986719810938e-02
7.217217217217217318e+00 2.919828108620770024e-02 2.919894965222118166e-02
7.189189189189189477e+00 2.937153880631671043e-02 2.937222072883320656e-02
7.161161161161161637e+00 2.954411518057553643e-02 2.954480973872991578e-02
7.133133133133132908e+00 2.971599758003848346e-02 2.971670404460113879e-02
7.105105105105105068e+00 2.988717410448556849e-02 2.988789173849223935e-02
7.077077077077077227e+00 3.005763359016952463e-02 3.005836164953591683e-02
7.049049049049049387e+00 3.022736561695107266e-02 3.022810335106863519e-02
7.021021021021020658e+00 3.039636051483756221e-02 3.039710716714969646e-02
6.992992992992992818e+00 3.056460936993998095e-02 3.056536417850889281e-02
6.964964964964964977e+00 3.073210402986837828e-02 3.073286622792465589e-02
6.936936936936937137e+00 3.089883710858409849e-02 3.089960592504805564e-02
6.908908908908909297e+00 3.106480199072707976e-02 3.106557665071059404e-02
6.880880880880880568e+00 3.122999283543951773e-02 3.123077256072831140e-02
6.852852852852852727e+00 3.139440457970919807e-02 3.139518858922377836e-02
6.824824824824824887e+00 3.155803294125237440e-02 3.155882045148683535e-02
6.796796796796797047e+00 3.172087442095812559e-02 3.172166464639648853e-02
6.768768768768769206e+00 3.188292630491684765e-02 3.188371845842645491e-02
6.740740740740740478e+00 3.204418666605557409e-02 3.204497995925709858e-02
6.712712712712712637e+00 3.220465436540374815e-02 3.220544800901734700e-02
6.684684684684684797e+00 3.236432905301282748e-02 3.236512225718048141e-02
6.656656656656656956e+00 3.252321116855417388e-02 3.252400314313735191e-02
6.628628628628629116e+00 3.268130194162262997e-02 3.268209189647185847e-02
6.600600600600600387e+00 3.283860339177050586e-02 3.283939053696380977e-02
6.572572572572572547e+00 3.299511832828969787e-02 3.299590187435963440e-02
6.544544544544544706e+00 3.315085034977106881e-02 3.315162950791985391e-02
6.516516516516516866e+00 3.330580384346708278e-02 3.330657782573330505e-02
6.488488488488488137e+00 3.345998398448032929e-02 3.346075200387873400e-02
6.460460460460460297e+00 3.361339673480436691e-02 3.361415800544387267e-02
6.432432432432432456e+00 3.376604884225047065e-02 3.376680257942587388e-02
6.404404404404404616e+00 3.391794783928333418e-02 3.391869325954005587e-02
6.376376376376376776e+00 3.406910204179233043e-02 3.406983836296380991e-02
6.348348348348348047e+00 3.421952054782569086e-02 3.422024698904304468e-02
6.320320320320320207e+00 3.436921323631515063e-02 3.436992901798888167e-02
6.292292292292292366e+00 3.451819076581940510e-02 3.451889510959263441e-02
6.264264264264264526e+00 3.466646457331437614e-02 3.466715670198737553e-02
6.236236236236236685e+00 3.481404687305939688e-02 3.481472601048507531e-02
6.208208208208207957e+00 3.496095065557210113e-02 3.496161602651789990e-02
6.180180180180180116e+00 3.510718968674676754e-02 3.510784051671399925e-02
6.152152152152152276e+00 3.525277850712957295e-02 3.525341402215615566e-02
6.124124124124124435e+00 3.539773243138737147e-02 3.539835185786069371e-02
6.096096096096096595e+00 3.554206754800288970e-02 3.554267011239911622e-02
6.068068068068067866e+00 3.568580071922441282e-02 3.568638564780689248e-02
6.040040040040040026e+00 3.582894958129707874e-02 3.582951609979156959e-02
6.012012012012012185e+00 3.597153254502521991e-02 3.597207987826380599e-02
5.983983983983984345e+00 3.611356879669345987e-02 3.611409616822403024e-02
5.955955955955955616e+00 3.625507829937903853e-02 3.625558493103976654e-02
5.927927927927928664e+00 3.639608179469015770e-02 3.639656690614811313e-02
5.899899899899899935e+00 3.653660080496658885e-02 3.653706361321947677e-02
5.871871871871871207e+00 3.667665763597922901e-02 3.667709735481942263e-02
5.843843843843844255e+00 3.681627538016642165e-02 3.681669121960619295e-02
5.815815815815815526e+00 3.695547792044596297e-02 3.695586908610293958e-02
5.787787787787788574e+00 3.709428993464598812e-02 3.709465562708404163e-02
5.759759759759759845e+00 3.723273690060981134e-02 3.723307631461719031e-02
5.731731731731731116e+00 3.737084510198993709e-02 3.737115742581956918e-02
5.703703703703704164e+00 3.750864163477848900e-02 3.750892604942532293e-02
5.675675675675675436e+00 3.764615441462555029e-02 3.764641009300358221e-02
5.647647647647648483e+00 3.778341218498873499e-02 3.778363829102678040e-02
5.619619619619619755e+00 3.792044452614806715e-02 3.792064021385251060e-02
5.591591591591591026e+00 3.805728186516327272e-02 3.805744627763549270e-02
5.563563563563564074e+00 3.819395548682143204e-02 3.819408775522199762e-02
5.535535535535535345e+00 3.833049754562233707e-02 3.833059678807956838e-02
5.507507507507508393e+00 3.846694107885689773e-02 3.846700639931759785e-02
5.479479479479479664e+00 3.860332002083673164e-02 3.860335050785701494e-02
5.451451451451450936e+00 3.873966921833482679e-02 3.873966394380830985e-02
5.423423423423423984e+00 3.887602444730018508e-02 3.887598246512114636e-02
5.395395395395395255e+00 3.901242243091145728e-02 3.901234277557005803e-02
5.367367367367368303e+00 3.914890085904022821e-02 3.914878254414438929e-02
5.339339339339339574e+00 3.928549840921907038e-02 3.928534042591338982e-02
5.311311311311310845e+00 3.942225476915636045e-02 3.942205608445216447e-02
5.283283283283283893e+00 3.955921066086494353e-02 3.955897021601535724e-02
5.255255255255255165e+00 3.969640786650203979e-02 3.969612457525650145e-02
5.227227227227226436e+00 3.983388925600322983e-02 3.983356200268730468e-02
5.199199199199199484e+00 3.997169881657511997e-02 3.997132645409889190e-02
5.171171171171170755e+00 4.010988168417244093e-02 4.010946303195807999e-02
5.143143143143143803e+00 4.024848417706748671e-02 4.024801801887481489e-02
5.115115115115115074e+00 4.038755383159849111e-02 4.038703891324309236e-02
5.087087087087086346e+00 4.052713944020414766e-02 4.052657446716256134e-02
5.059059059059059393e+00 4.066729109185750202e-02 4.066667472675393469e-02
5.031031031031030665e+00 4.080806021501827419e-02 4.080739107498631418e-02
5.003003003003003712e+00 4.094949962322824710e-02 4.094877627714162832e-02
4.974974974974974984e+00 4.109166356348185889e-02 4.109088452904689076e-02
4.946946946946946255e+00 4.123460776751103340e-02 4.123377150821246756e-02
4.918918918918919303e+00 4.137838950616305744e-02 4.137749442802197974e-02
4.890890890890890574e+00 4.152306764700106068e-02 4.152211209513220064e-02
4.862862862862863622e+00 4.166870271524568403e-02 4.166768497040175545e-02
4.834834834834834894e+00 4.181535695826026078e-02 4.181427523323690693e-02
4.806806806806806165e+00 4.196309441376018523e-02 4.196194684943558434e-02
4.778778778778779213e+00 4.211198098190367667e-02 4.211076564309482878e-02
4.750750750750750484e+00 4.226208450148762757e-02 4.226079937263184372e-02
4.722722722722723532e+00 4.241347483050335321e-02 4.241211781111919182e-02
4.694694694694694803e+00 4.256622393124302045e-02 4.256479283115672391e-02
4.666666666666666075e+00 4.272040596019056891e-02 4.271889849451417781e-02
4.638638638638639122e+00 4.287609736294549501e-02 4.287451114679314418e-02
4.610610610610610394e+00 4.303337697444216403e-02 4.303170951736961375e-02
4.582582582582583441e+00 4.319232612474235844e-02 4.319057482489380151e-02
4.554554554554554713e+00 4.335302875069411283e-02 4.335119088864008985e-02
4.526526526526525984e+00 4.351557151376723998e-02 4.351364424601514291e-02
4.498498498498499032e+00 4.368004392442782075e-02 4.367802427655188141e-02
4.470470470470470303e+00 4.384653847340340416e-02 4.384442333273527032e-02
4.442442442442443351e+00 4.401515077010940274e-02 4.401293687819664985e-02
4.414414414414414622e+00 4.418597968867220976e-02 4.418366363351796527e-02
4.386386386386385894e+00 4.435912752196705805e-02 4.435670572954501789e-02
4.358358358358358942e+00 4.453470014406967631e-02 4.453216886936572222e-02
4.330330330330330213e+00 4.471280718157581713e-02 4.471016249920895663e-02
4.302302302302303261e+00 4.489356219437086459e-02 4.489079998870871419e-02
4.274274274274274532e+00 4.507708286631612049e-02 4.507419882104651138e-02
4.246246246246245803e+00 4.526349120638913093e-02 4.526048079351582126e-02
4.218218218218218851e+00 4.545291376085569546e-02 4.544977222908309217e-02
4.190190190190190123e+00 4.564548183708577733e-02 4.564220419955624525e-02
4.162162162162161394e+00 4.584133173966268432e-02 4.583791276100623868e-02
4.134134134134134442e+00 4.604060501947403183e-02 4.603703920212765671e-02
4.106106106106105713e+00 4.624344873651575760e-02 4.623973030626547104e-02
4.078078078078078761e+00 4.645001573721256605e-02 4.644613862787946162e-02
4.050050050050050032e+00 4.666046494712953324e-02 4.665642278426642559e-02
4.022022022022021304e+00 4.687496167980620410e-02 4.687074776354462763e-02
3.993993993993994351e+00 4.709367796270160639e-02 4.708928524993382519e-02
3.965965965965965623e+00 4.731679288127800531e-02 4.731221396633234627e-02
3.937937937937938671e+00 4.754449294227770101e-02 4.753972003622617543e-02
3.909909909909909942e+00 4.777697245731378495e-02 4.777199736591510038e-02
3.881881881881881213e+00 4.801443394819809168e-02 4.800924804813718610e-02
3.853853853853854261e+00 4.825708857536270546e-02 4.825168278836681340e-02
3.825825825825825532e+00 4.850515659092450443e-02 4.849952135515122470e-02
3.797797797797798580e+00 4.875886781818331711e-02 4.875299305594735927e-02
3.769769769769769852e+00 4.901846215963902992e-02 4.901233724002885400e-02
3.741741741741741123e+00 4.928419013601996468e-02 4.927780383015065158e-02
3.713713713713714171e+00 4.955631345938267540e-02 4.954965388478907440e-02
3.685685685685685442e+00 4.983510564414530414e-02 4.982816019292043985e-02
3.657657657657658490e+00 5.012085266106397485e-02 5.011360790346072736e-02
3.629629629629629761e+00 5.041385364081386877e-02 5.040629519166970468e-02
3.601601601601601033e+00 5.071442163589960639e-02 5.070653396508502386e-02
3.573573573573574080e+00 5.102288445294149433e-02 5.101465061194857681e-02
3.545545545545545352e+00 5.133958557180084981e-02 5.133098679410921100e-02
3.517517517517518399e+00 5.166488517398939301e-02 5.165590028844024156e-02
3.489489489489489671e+00 5.199916131095202315e-02 5.198976588047056480e-02
3.461461461461460942e+00 5.234281125398834028e-02 5.233297631396621741e-02
3.433433433433433990e+00 5.269625308192753266e-02 5.268594330080993843e-02
3.405405405405405261e+00 5.305992758152534849e-02 5.304909859598456318e-02
3.377377377377378309e+00 5.343430055976476634e-02 5.342289514298209641e-02
3.349349349349349581e+00 5.381986569765415812e-02 5.380780829554292904e-02
3.321321321321320852e+00 5.421714811265582190e-02 5.420433712228209244e-02
3.293293293293293900e+00 5.462670884225271500e-02 5.461300580149271860e-02
3.265265265265265171e+00 5.504915051474291998e-02 5.503436511423434596e-02
3.237237237237238219e+00 5.548512453496431268e-02 5.546899404472561274e-02
3.209209209209209490e+00 5.593534018130038449e-02 5.591750149807161313e-02
3.181181181181180762e+00 5.640057608410278117e-02 5.638052814645964222e-02
3.153153153153153809e+00 5.688169463122696307e-02 5.685874841596527673e-02
3.125125125125125081e+00 5.737965991861584264e-02 5.735287262779970030e-02
3.097097097097096352e+00 5.789555992625877723e-02 5.786364930953737107e-02
3.069069069069069400e+00 5.843063364383501573e-02 5.839186769286096312e-02
3.041041041041040671e+00 5.898630388550114845e-02 5.893836041638685769e-02
3.013013013013013719e+00 5.956421650788880362e-02 5.950400645410020700e-02
2.984984984984984990e+00 6.016628666705605560e-02 6.008973429216254297e-02
2.956956956956956262e+00 6.079475260626612115e-02 6.069652537947620857e-02
2.928928928928929309e+00 6.145223724601363291e-02 6.132541788058576415e-02
2.900900900900900581e+00 6.214181754250649309e-02 6.197751076356659145e-02
2.872872872872873629e+00 6.286710118731989039e-02 6.265396826095481764e-02
2.844844844844844900e+00 6.363230974215917934e-02 6.335602474919507787e-02
2.816816816816816171e+00 6.444236674980238777e-02 6.408499010249187056e-02
2.788788788788789219e+00 6.530298875579645945e-02 6.484225559171948039e-02
2.760760760760760490e+00 6.622077654764163546e-02 6.562930041993816910e-02
2.732732732732733538e+00 6.720330330977727917e-02 6.644769901370528586e-02
2.704704704704704810e+00 6.825919585213099938e-02 6.729912923403001679e-02
2.676676676676676081e+00 6.939820465642990155e-02 6.818538172720058077e-02
2.648648648648649129e+00 7.063125825511655520e-02 6.910837070122209658e-02
2.620620620620620400e+00 7.137046978622267612e-02 7.007014651336265776e-02
2.592592592592593448e+00 7.221039832717690565e-02 7.107291056803145823e-02
2.564564564564564719e+00 7.286533155511085158e-02 7.211903315734005671e-02
2.536536536536535991e+00 7.334643826139754241e-02 7.321107501876308876e-02
2.508508508508509038e+00 7.394983880212169236e-02 7.435181351517100579e-02
2.480480480480480310e+00 7.528952068721131430e-02 7.554427442673120052e-02
2.452452452452453358e+00 7.679862277146264071e-02 7.679177032572194472e-02
2.424424424424424629e+00 7.879190240783352783e-02 7.809794630344928101e-02
2.396396396396395900e+00 8.128826975008755784e-02 7.946683332803761157e-02
2.368368368368368948e+00 8.233839587213728772e-02 8.090290861247829979e-02
2.340340340340340219e+00 8.357749896656824218e-02 8.241116095219631899e-02
2.312312312312313267e+00 8.501538010817880076e-02 8.399715698708330736e-02
2.284284284284284539e+00 8.665997593650451303e-02 8.566710182453696198e-02
2.256256256256255810e+00 8.851688981211185137e-02 8.742788468340878527e-02
2.228228228228228858e+00 9.227283881348649630e-02 8.928709765326051095e-02
2.200200200200200129e+00 9.601399085176372250e-02 9.125301431529399265e-02
2.172172172172171400e+00 1.000230694033805989e-01 9.333451611652641977e-02
2.144144144144144448e+00 1.042969670024365553e-01 9.554096002775400165e-02
2.116116116116115720e+00 1.088285948532529968e-01 9.788199390020120572e-02
2.088088088088088767e+00 1.136068641712353333e-01 1.003673494635307778e-01
2.060060060060060039e+00 1.169944833015217067e-01 1.030066799429236041e-01
2.032032032032031310e+00 1.204934209131399425e-01 1.058095590202513397e-01
2.004004004004004358e+00 1.240706977280367357e-01 1.087858112765217877e-01
1.975975975975975629e+00 1.276930651175336440e-01 1.119463820623599337e-01
1.947947947947948677e+00 1.313306817274183802e-01 1.153049555638214069e-01
1.919919919919919948e+00 1.368790584180376302e-01 1.188804897998361892e-01
1.891891891891891220e+00 1.425280901924570187e-01 1.227007737970004647e-01
1.863863863863864268e+00 1.482991305811633409e-01 1.268069730227430192e-01
1.835835835835835539e+00 1.534656709409922271e-01 1.312585321664666571e-01
1.807807807807808587e+00 1.587758349788409018e-01 1.361358109332013178e-01
1.779779779779779858e+00 1.638666460686134252e-01 1.415336216052779372e-01
1.751751751751751129e+00 1.691591691979983381e-01 1.475344984356943834e-01
1.723723723723724177e+00 1.735052707958776863e-01 1.541553031271434282e-01
1.695695695695695449e+00 1.787399090967238258e-01 1.612898527510119029e-01
1.667667667667668496e+00 1.841708448345289739e-01 1.687201904162022315e-01
1.639639639639639768e+00 1.902349552644895248e-01 1.762649680462705926e-01
1.611611611611611039e+00 1.921174949435585366e-01 1.839566864726710771e-01
1.583583583583584087e+00 1.947341563140033149e-01 1.919131353799315431e-01
1.555555555555555358e+00 1.952835753207233516e-01 1.998188841534781768e-01
1.527527527527528406e+00 1.950321851321327737e-01 2.068724797332590626e-01
1.499499499499499677e+00 1.921158519443666723e-01 2.133779819694768820e-01
1.471471471471470949e+00 1.903389186315118387e-01 2.223365172681209256e-01
1.443443443443443996e+00 1.842666090892454422e-01 2.372372307268775515e-01
1.415415415415415268e+00 1.753877450886577039e-01 2.591554544891165879e-01
1.387387387387388316e+00 1.645480134741425238e-01 2.888937588451547245e-01
1.359359359359359587e+00 1.536093141096294967e-01 3.240866180501414395e-01
1.331331331331330858e+00 1.431182647557773802e-01 3.467943284166954410e-01
1.303303303303303906e+00 1.346222402251409933e-01 3.655402086390474592e-01
1.275275275275275177e+00 1.282673705864782188e-01 3.884700811106159279e-01
1.247247247247248225e+00 1.218251465579342219e-01 2.858769356382531712e-01
1.219219219219219497e+00 1.151655914235334005e-01 1.265856449014756691e-01
1.191191191191190768e+00 1.102975085713153308e-01 5.533607823102981021e-02
1.163163163163163816e+00 1.040294457199542055e-01 2.615493236476033184e-02
1.135135135135135087e+00 9.689401214242016058e-02 1.247284922396806571e-02
1.107107107107106359e+00 8.927861644157597532e-02 5.315989637869962710e-03
1.079079079079079406e+00 8.143972134709780153e-02 1.299163054724124418e-03
1.051051051051050678e+00 7.154148299437870784e-02 -1.046486564375311576e-03
1.023023023023023725e+00 6.298408269026030404e-02 -2.434402090973405465e-03
9.949949949949949968e-01 5.539207078485912372e-02 -3.242596375241624598e-03
9.669669669669662682e-01 4.853079277270391789e-02 -3.685354238396137960e-03
9.389389389389393159e-01 4.228653539620992607e-02 -3.890803641612135787e-03
9.109109109109105873e-01 3.660229954440995248e-02 -3.938908688093039658e-03
8.828828828828836350e-01 3.144712703201169024e-02 -3.881345674085609401e-03
8.548548548548549064e-01 2.680062412460760754e-02 -3.752483506112833100e-03
8.268268268268261778e-01 2.264499776448028814e-02 -3.575732970134539411e-03
7.987987987987992256e-01 1.896108017929908768e-02 -3.367362827617674526e-03
7.707707707707704969e-01 1.572658658927469227e-02 -3.138870575006623247e-03
7.427427427427435447e-01 1.291566191143140793e-02 -2.898497976501180576e-03
7.147147147147148161e-01 1.049917105000955711e-02 -2.652224260906342005e-03
6.866866866866860875e-01 8.445397460005055201e-03 -2.404431311903475980e-03
6.586586586586591352e-01 6.720933970104819508e-03 -2.158357769233249651e-03
6.306306306306304066e-01 5.291623203981780758e-03 -1.916414292907080283e-03
6.026026026026034543e-01 4.123453679921216565e-03 -1.680405719535116435e-03
5.745745745745747257e-01 3.183352217036367147e-03 -1.451689681883395382e-03
5.465465465465459971e-01 2.439838815632715176e-03 -1.231291196264065139e-03
5.185185185185190448e-01 1.863529359726051517e-03 -1.019986296610905395e-03
4.904904904904903162e-01 1.427485745798854570e-03 -8.183636321346366392e-04
4.624624624624633640e-01 1.107423249109744726e-03 -6.268701979226395070e-04
4.344344344344346354e-01 8.817917311882762007e-04 -4.458455228949944997e-04
4.064064064064059068e-01 7.317512242137495576e-04 -2.755473832525060212e-04
3.783783783783789545e-01 6.410640260617524741e-04 -1.161712424617713732e-04
3.503503503503502259e-01 5.959252161748191182e-04 3.213498718527745348e-05
3.223223223223232736e-01 5.847519469592849656e-04 1.692596948827490794e-04
2.942942942942945450e-01 5.979494284550371458e-04 2.951189731893279276e-04
2.662662662662658164e-01 6.276686000995047648e-04 4.096500322733878565e-04
2.382382382382388641e-01 6.675674003073704633e-04 5.128061484693740386e-04
2.102102102102101355e-01 7.125845553572410359e-04 6.045527875926726743e-04
1.821821821821831833e-01 7.587320931289119434e-04 6.848646346139303969e-04
1.541541541541544547e-01 8.029104713700756712e-04 7.537233237771749726e-04
1.261261261261257260e-01 8.427483410274272608e-04 8.111156954279782807e-04
9.809809809809877379e-02 8.764675601374463231e-04 8.570324807597396117e-04
7.007007007007004518e-02 9.027731125885042184e-04 8.914673211716026132e-04
4.204204204204131656e-02 9.207670262627176564e-04 9.144160538364251535e-04
1.401401401401436431e-02 9.298851564058643665e-04 9.258762148295552512e-04
-1.401401401401436431e-02 9.298557481145811824e-04 9.258467259295030585e-04
-4.204204204204131656e-02 9.206789423671296125e-04 9.143277436837538366e-04
-7.007007007007004518e-02 9.026267743795144110e-04 8.913206603904667282e-04
-9.809809809809877379e-02 8.762636640246606245e-04 8.568282570200752698e-04
-1.261261261261257260e-01 8.424878489946220541e-04 8.108550184752918001e-04
-1.541541541541544547e-01 8.025945957011089990e-04 7.534076326487967315e-04
-1.821821821821814069e-01 7.583622733823186827e-04 6.844957072257583418e-04
-2.102102102102101355e-01 7.121624248407273927e-04 6.041327529473488472e-04
-2.382382382382388641e-01 6.670947384822222253e-04 5.123375018144145365e-04
-2.662662662662658164e-01 6.271472664248907121e-04 4.091356536288440074e-04
-2.942942942942945450e-01 5.973812721762558359e-04 2.945621497878266764e-04
-3.223223223223214973e-01 5.841386862843294921e-04 1.686641482008673868e-04
-3.503503503503502259e-01 5.952682792256383049e-04 3.150490541876021849e-05
-3.783783783783789545e-01 6.403643450128887384e-04 -1.168311654044805242e-04
-4.064064064064059068e-01 7.310089732639645432e-04 -2.762319008852357600e-04
-4.344344344344346354e-01 8.810059986083818842e-04 -4.465487797064653618e-04
-4.624624624624615876e-01 1.106591633772371474e-03 -6.275856611739540764e-04
-4.904904904904903162e-01 1.426603869568162947e-03 -8.190840091263931972e-04
-5.185185185185190448e-01 1.862590289153561243e-03 -1.020703433849185935e-03
-5.465465465465459971e-01 2.438832389895041319e-03 -1.231995955893425447e-03
-5.745745745745747257e-01 3.182264284322231743e-03 -1.452371789321285460e-03
-6.026026026026016780e-01 4.122265251920375143e-03 -1.681053574281166953e-03
-6.306306306306304066e-01 5.290309548175537065e-03 -1.917014731779722410e-03
-6.586586586586591352e-01 6.719463672700301884e-03 -2.158895767459536544e-03
-6.866866866866860875e-01 8.443731509185509188e-03 -2.404889602028500301e-03
-7.147147147147148161e-01 1.049726201051797390e-02 -2.652582841516920500e-03
-7.427427427427417683e-01 1.291345328865634544e-02 -2.898733471025506485e-03
-7.707707707707704969e-01 1.572401251615613074e-02 -3.138955383174059453e-03
-7.987987987987992256e-01 1.895806560643577970e-02 -3.367263984963796836e-03
-8.268268268268261778e-01 2.264145940005684102e-02 -3.575410588201809094e-03
-8.548548548548549064e-01 2.679647246983535291e-02 -3.751888597189466813e-03
-8.828828828828836350e-01 3.144227001597756088e-02 -3.880417050558691936e-03
-9.109109109109105873e-01 3.659664853142507307e-02 -3.937568432781372169e-03
-9.389389389389393159e-01 4.228001482474506856e-02 -3.888950304661860802e-03
-9.669669669669662682e-01 4.852335561276992226e-02 -3.682852294448420855e-03
-9.949949949949949968e-01 5.538372387359584426e-02 -3.239259291913200185e-03
-1.023023023023023725e+00 6.297493001894807763e-02 -2.429964002443350379e-03
-1.051051051051050678e+00 7.153180420802236761e-02 -1.040552586760403429e-03
-1.079079079079079406e+00 8.142822683467190736e-02 1.307208911766547270e-03
-1.107107107107106359e+00 8.926109498955769883e-02 5.327166540351102771e-03
-1.135135135135135087e+00 9.687032474493588452e-02 1.248896723531118733e-02
-1.163163163163163816e+00 1.039994678374993181e-01 2.617948254528241689e-02
-1.191191191191190768e+00 1.102610871905265605e-01 5.537628837381464858e-02
-1.219219219219219497e+00 1.151243327879292871e-01 1.266538270353421147e-01
-1.247247247247246449e+00 1.217837401264657560e-01 2.859250168708675766e-01
-1.275275275275275177e+00 1.282267862692145211e-01 3.882930818195164391e-01
-1.303303303303303906e+00 1.345839375996059073e-01 3.654850171939130199e-01
-1.331331331331330858e+00 1.430847104293651584e-01 3.468369872427974898e-01
-1.359359359359359587e+00 1.535829832221990432e-01 3.240984397607136192e-01
-1.387387387387386539e+00 1.645317265094969617e-01 2.888636152564526549e-01
-1.415415415415415268e+00 1.753843205031842545e-01 2.591204983528423988e-01
-1.443443443443443996e+00 1.842760837511227268e-01 2.372139657307042460e-01
-1.471471471471470949e+00 1.903595567976411884e-01 2.223242551941579936e-01
-1.499499499499499677e+00 1.921445302331592497e-01 2.133701462936568871e-01
-1.527527527527526630e+00 1.950641059964759727e-01 2.068668437164150886e-01
-1.555555555555555358e+00 1.953141921030897288e-01 1.998150481189094330e-01
-1.583583583583584087e+00 1.947609724237097661e-01 1.919093679219733839e-01
-1.611611611611611039e+00 1.921385848012555075e-01 1.839510050541822983e-01
-1.639639639639639768e+00 1.902497592610140897e-01 1.762566389404952860e-01
-1.667667667667666720e+00 1.841799546079098127e-01 1.687099321752864867e-01
-1.695695695695695449e+00 1.787435436244517728e-01 1.612792462149696959e-01
-1.723723723723724177e+00 1.735039967678821404e-01 1.541460980778922019e-01
-1.751751751751751129e+00 1.691541706224097275e-01 1.475281178192187348e-01
-1.779779779779779858e+00 1.638588219477593311e-01 1.415308796874710784e-01
-1.807807807807806810e+00 1.587662850857251007e-01 1.361368442093000564e-01
-1.835835835835835539e+00 1.534554031540734109e-01 1.312629318173008097e-01
-1.863863863863864268e+00 1.482890965538409267e-01 1.268140282575747069e-01
-1.891891891891891220e+00 1.425187949833440493e-01 1.227097053895350731e-01
-1.919919919919919948e+00 1.368711928357205232e-01 1.188906017309843827e-01
-1.947947947947948677e+00 1.313247766368886293e-01 1.153156975590457212e-01
-1.975975975975975629e+00 1.276907971471827885e-01 1.119573512721633579e-01
-2.004004004004002581e+00 1.240722254368475247e-01 1.087967256568207336e-01
-2.032032032032031310e+00 1.204987324115018160e-01 1.058202247007839630e-01
-2.060060060060060039e+00 1.170034167431083238e-01 1.030169633370322524e-01
-2.088088088088088767e+00 1.136191352542378075e-01 1.003771571920620276e-01
-2.116116116116117496e+00 1.088428643559415238e-01 9.789125986539216895e-02
-2.144144144144142672e+00 1.043128101728822144e-01 9.554963774800596943e-02
-2.172172172172171400e+00 1.000400333173743633e-01 9.334257442550018824e-02
-2.200200200200200129e+00 9.603161956325927118e-02 9.126043495375192605e-02
-2.228228228228228858e+00 9.229069450846912048e-02 8.929387376409306243e-02
-2.256256256256257586e+00 8.853421400547537012e-02 8.743401962078153900e-02
-2.284284284284282762e+00 8.667777368241016966e-02 8.567260797795554772e-02
-2.312312312312311491e+00 8.503331706888338226e-02 8.400205451113226807e-02
-2.340340340340340219e+00 8.359530044147518713e-02 8.241547640363197647e-02
-2.368368368368368948e+00 8.235584835783124613e-02 8.090667354958554214e-02
-2.396396396396397677e+00 8.130521963060058366e-02 7.947008294194680966e-02
-2.424424424424422853e+00 7.880690327177979071e-02 7.810071814355731834e-02
-2.452452452452451581e+00 7.681198794793601958e-02 7.679410316366923339e-02
-2.480480480480480310e+00 7.530154428785595933e-02 7.554620728372564431e-02
-2.508508508508509038e+00 7.396056591822927628e-02 7.435338486038739481e-02
-2.536536536536537767e+00 7.335646051355826369e-02 7.321232213389819443e-02
-2.564564564564562943e+00 7.287472318559461149e-02 7.211999165425903024e-02
-2.592592592592591672e+00 7.221893695004386049e-02 7.107361404203711708e-02
-2.620620620620620400e+00 7.137800749843596637e-02 7.007062631294447286e-02
-2.648648648648649129e+00 7.063793787349209596e-02 6.910865579524178015e-02
-2.676676676676677857e+00 6.940365133417800148e-02 6.818549865162146228e-02
-2.704704704704703033e+00 6.826356928876364805e-02 6.729910210198865317e-02
-2.732732732732731762e+00 6.720675342490642357e-02 6.644754957462924161e-02
-2.760760760760760490e+00 6.622344143380741455e-02 6.562904815535511305e-02
-2.788788788788789219e+00 6.530499344185954069e-02 6.484191783725942737e-02
-2.816816816816817948e+00 6.444382265895944040e-02 6.408458218731716283e-02
-2.844844844844843124e+00 6.363331471982107412e-02 6.335556014567655936e-02
-2.872872872872871852e+00 6.286773997378930501e-02 6.265345873881299210e-02
-2.900900900900900581e+00 6.214216257188168863e-02 6.197696654393267113e-02
-2.928928928928929309e+00 6.145234966419018535e-02 6.132484778651206558e-02
-2.956956956956958038e+00 6.079468341552511645e-02 6.069593698034012746e-02
-2.984984984984983214e+00 6.016607792090401807e-02 6.008913404017338089e-02
-3.013013013013011943e+00 5.956390249620273358e-02 5.950339981174514181e-02
-3.041041041041040671e+00 5.898591226558533990e-02 5.893775197416142864e-02
-3.069069069069069400e+00 5.843018648697841794e-02 5.839126127702611718e-02
-3.097097097097098128e+00 5.789507466135089542e-02 5.786304807995196892e-02
-3.125125125125123304e+00 5.737915016413600716e-02 5.735227916610438625e-02
-3.153153153153152033e+00 5.688117091447649626e-02 5.685816480455586214e-02
-3.181181181181180762e+00 5.640004645205094758e-02 5.637995603879700224e-02
-3.209209209209209490e+00 5.593481071111335717e-02 5.591694218094090535e-02
-3.237237237237238219e+00 5.548459975447810055e-02 5.546844849309102987e-02
-3.265265265265263395e+00 5.504863374413963839e-02 5.503383403934365009e-02
-3.293293293293292123e+00 5.462620246830392212e-02 5.461248969287454957e-02
-3.321321321321320852e+00 5.421665380637410298e-02 5.420383628425481243e-02
-3.349349349349349581e+00 5.381938458527300850e-02 5.380732287881998671e-02
-3.377377377377378309e+00 5.343383335582689575e-02 5.342242517192095225e-02
-3.405405405405403485e+00 5.305947469164050412e-02 5.304864399198305769e-02
-3.433433433433432214e+00 5.269581468155952464e-02 5.268550390231163671e-02
-3.461461461461460942e+00 5.234238734851143215e-02 5.233255189349309000e-02
-3.489489489489489671e+00 5.199875178121702440e-02 5.198935615905955765e-02
-3.517517517517518399e+00 5.166448981077542690e-02 5.165550494782128466e-02
-3.545545545545547128e+00 5.133920410180201760e-02 5.133060548692540415e-02
-3.573573573573572304e+00 5.102251655834126598e-02 5.101428297028489517e-02
-3.601601601601601033e+00 5.071406696910583239e-02 5.070617960754005005e-02
-3.629629629629629761e+00 5.041351183554861753e-02 5.040595372917841543e-02
-3.657657657657658490e+00 5.012052334070734444e-02 5.011327894404812855e-02
-3.685685685685687218e+00 4.983478842800724562e-02 4.982784334554517941e-02
-3.713713713713712394e+00 4.955600796740577269e-02 4.954934876241367386e-02
-3.741741741741741123e+00 4.928389599228823886e-02 4.927751005215787877e-02
-3.769769769769769852e+00 4.901817899497282194e-02 4.901205443408825774e-02
-3.797797797797798580e+00 4.875859527203027510e-02 4.875272085941993044e-02
-3.825825825825827309e+00 4.850489431270495894e-02 4.849925941610979535e-02
-3.853853853853852485e+00 4.825683622538982226e-02 4.825143076629721112e-02
-3.881881881881881213e+00 4.801419119826539489e-02 4.800900561437660558e-02
-3.909909909909909942e+00 4.777673899102155564e-02 4.777176420387584804e-02
-3.937937937937938671e+00 4.754426845515489358e-02 4.753949584144502583e-02
-3.965965965965967399e+00 4.731657708074411828e-02 4.731199844638041968e-02
-3.993993993993992575e+00 4.709347056790427755e-02 4.708907812421610217e-02
-4.022022022022021304e+00 4.687476242136338206e-02 4.687054876301327555e-02
-4.050050050050050032e+00 4.666027356679953997e-02 4.665623165106901060e-02
-4.078078078078078761e+00 4.644983198751108378e-02 4.644595511495892143e-02
-4.106106106106107489e+00 4.624327238029510984e-02 4.623955417692608011e-02
-4.134134134134132665e+00 4.604043582947746349e-02 4.603687022957879404e-02
-4.162162162162161394e+00 4.584116949806372326e-02 4.583775072789326305e-02
-4.190190190190190123e+00 4.564532633502110109e-02 4.564204889748676996e-02
-4.218218218218218851e+00 4.545276479795801877e-02 4.544962345815462684e-02
-4.246246246246247580e+00 4.526334859032542235e-02 4.526033836184997078e-02
-4.274274274274272756e+00 4.507694641233535998e-02 4.507406254433370119e-02
-4.302302302302301484e+00 4.489343172486454092e-02 4.489066968976612032e-02
-4.330330330330330213e+00 4.471268252565341328e-02 4.471003800755457558e-02
-4.358358358358358942e+00 4.453458113715111355e-02 4.453205002080954517e-02
-4.386386386386387670e+00 4.435901400539320888e-02 4.435659236579882203e-02
-4.414414414414412846e+00 4.418587150933431934e-02 4.418355560182440911e-02
-4.442442442442441575e+00 4.401504778009764779e-02 4.401283403097772107e-02
-4.470470470470470303e+00 4.384644052967508893e-02 4.384432552726059279e-02
-4.498498498498499032e+00 4.367995088849469659e-02 4.367793137462646497e-02
-4.526526526526527761e+00 4.351548325140190687e-02 4.351355611368615955e-02
-4.554554554554552936e+00 4.335294513165489222e-02 4.335110739592248214e-02
-4.582582582582581665e+00 4.319224702251627662e-02 4.319049584551378634e-02
-4.610610610610610394e+00 4.303330226600513009e-02 4.303163492852556810e-02
-4.638638638638639122e+00 4.287602692853918068e-02 4.287444082893340086e-02
-4.666666666666667851e+00 4.272033968311522711e-02 4.271883233113039913e-02
-4.694694694694693027e+00 4.256616169766534730e-02 4.256473070859274205e-02
-4.722722722722721755e+00 4.241341652927878292e-02 4.241205961839399768e-02
-4.750750750750750484e+00 4.226203002399616521e-02 4.226074500127615513e-02
-4.778778778778779213e+00 4.211193022189847757e-02 4.211071498700062754e-02
-4.806806806806807941e+00 4.196304726722820816e-02 4.196189980471731751e-02
-4.834834834834833117e+00 4.181531332329420370e-02 4.181423169810425527e-02
-4.862862862862861846e+00 4.166866249192644617e-02 4.166764484504269228e-02
-4.890890890890890574e+00 4.152303073729003702e-02 4.152207528160612587e-02
-4.918918918918919303e+00 4.137835581380371053e-02 4.137746083016181908e-02
-4.946946946946948032e+00 4.123457719793897219e-02 4.123374103153528564e-02
-4.974974974974973208e+00 4.109163602374280716e-02 4.109085708067264364e-02
-5.003003003003001936e+00 4.094947502190340871e-02 4.094875176571899367e-02
-5.031031031031030665e+00 4.080803846215647762e-02 4.080736941062527989e-02
-5.059059059059059393e+00 4.066727209891368711e-02 4.066665582096481990e-02
-5.087087087087088122e+00 4.052712311998347972e-02 4.052655823280065794e-02
-5.115115115115113298e+00 4.038754009820603313e-02 4.038702526445868413e-02
-5.143143143143142026e+00 4.024847294586256924e-02 4.024800687106796365e-02
-5.171171171171170755e+00 4.010987287172766008e-02 4.010945430173804699e-02
-5.199199199199199484e+00 3.997169234063939480e-02 3.997132005924749348e-02
-5.227227227227228212e+00 3.983388503546862747e-02 3.983355786212608440e-02
-5.255255255255253388e+00 3.969640582137406309e-02 3.969612260901735773e-02
-5.283283283283282117e+00 3.955921071223591351e-02 3.955897034521415473e-02
-5.311311311311310845e+00 3.942225683918167828e-02 3.942205823126523900e-02
-5.339339339339339574e+00 3.928550242109606072e-02 3.928534451355671780e-02
-5.367367367367368303e+00 3.914890673698934176e-02 3.914878849685490825e-02
-5.395395395395393479e+00 3.901243010015958967e-02 3.901235051858928382e-02
-5.423423423423422207e+00 3.887603383406591784e-02 3.887599192468055992e-02
-5.451451451451450936e+00 3.873968024981545855e-02 3.873967504711647164e-02
-5.479479479479479664e+00 3.860333262519681508e-02 3.860336318308838638e-02
-5.507507507507508393e+00 3.846695518521826146e-02 3.846702057560261873e-02
-5.535535535535537122e+00 3.833051308405532875e-02 3.833061239549605259e-02
-5.563563563563562298e+00 3.819397238833744518e-02 3.819410472478776408e-02
-5.591591591591591026e+00 3.805730006170823104e-02 3.805746454130183587e-02
-5.619619619619619755e+00 3.792046395059693598e-02 3.792065970449896156e-02
-5.647647647647648483e+00 3.778343277114087906e-02 3.778365894245652723e-02
-5.675675675675677212e+00 3.764617609720098679e-02 3.764643183993957726e-02
-5.703703703703702388e+00 3.750866434941480670e-02 3.750894882750750725e-02
-5.731731731731731116e+00 3.737086878523994404e-02 3.737118117160237452e-02
-5.759759759759759845e+00 3.723276148993986956e-02 3.723310096556804727e-02
-5.787787787787788574e+00 3.709431536843497274e-02 3.709468112158222086e-02
-5.815815815815817302e+00 3.695550413798478345e-02 3.695589536343921178e-02
-5.843843843843842478e+00 3.681630232165820221e-02 3.681671821998300925e-02
-5.871871871871871207e+00 3.667668524253996087e-02 3.667712501935145586e-02
-5.899899899899899935e+00 3.653662901862643475e-02 3.653709188393508556e-02
-5.927927927927928664e+00 3.639611055839526987e-02 3.639659572599102805e-02
-5.955955955955957393e+00 3.625510755699397347e-02 3.625561424387158810e-02
-5.983983983983982569e+00 3.611359849300421060e-02 3.611412591882715711e-02
-6.012012012012011297e+00 3.597156262574274094e-02 3.597211001234503630e-02
-6.040040040040040026e+00 3.582897999306152576e-02 3.582954656398625731e-02
-6.068068068068068754e+00 3.568583140960990968e-02 3.568641638968368668e-02
-6.096096096096097483e+00 3.554209846552298935e-02 3.554270108046551219e-02
-6.124124124124122659e+00 3.539776352550121075e-02 3.539838300156902123e-02
-6.152152152152151388e+00 3.525280972824869352e-02 3.525344529191044851e-02
-6.180180180180180116e+00 3.510722098624253357e-02 3.510787186387743369e-02
-6.208208208208208845e+00 3.496098198578402594e-02 3.496164740342102423e-02
-6.236236236236237573e+00 3.481407818730403864e-02 3.481475737043472629e-02
-6.264264264264262749e+00 3.466649582589510781e-02 3.466718799927647615e-02
-6.292292292292291478e+00 3.451822191203688522e-02 3.451892629951053282e-02
-6.320320320320320207e+00 3.436924423247859212e-02 3.436996005683277955e-02
-6.348348348348348935e+00 3.421955135126489994e-02 3.422027783412991131e-02
-6.376376376376377664e+00 3.406913261087059219e-02 3.406986897264324687e-02
-6.404404404404402840e+00 3.391797813341096424e-02 3.391872359320801528e-02
-6.432432432432431568e+00 3.376607882189931048e-02 3.376683259753898020e-02
-6.460460460460460297e+00 3.361342636152288288e-02 3.361418766953467446e-02
-6.488488488488489025e+00 3.346001322090954438e-02 3.346078127657161477e-02
-6.516516516516517754e+00 3.330583265335721604e-02 3.330660667076112275e-02
-6.544544544544542930e+00 3.315087869799884096e-02 3.315165789014132280e-02
-6.572572572572571659e+00 3.299514618087627527e-02 3.299592975977732462e-02
-6.600600600600600387e+00 3.283863071590009675e-02 3.283941789274281292e-02
-6.628628628628629116e+00 3.268132870566152481e-02 3.268211869095881406e-02
-6.656656656656657844e+00 3.252323734207035466e-02 3.252402934588018851e-02
-6.684684684684683020e+00 3.236435460679591009e-02 3.236514783894850478e-02
-6.712712712712711749e+00 3.220467927148530640e-02 3.220547294182147385e-02
-6.740740740740740478e+00 3.204421089772965109e-02 3.204500421637059004e-02
-6.768768768768769206e+00 3.188294983676063371e-02 3.188374201440576788e-02
-6.796796796796797935e+00 3.172089722885268470e-02 3.172168747710192582e-02
-6.824824824824823111e+00 3.155805500240323191e-02 3.155884253410341095e-02
-6.852852852852851839e+00 3.139442587266681045e-02 3.139520990228173575e-02
-6.880880880880880568e+00 3.123001334011930169e-02 3.123079308412333652e-02
-6.908908908908909297e+00 3.106482168842912214e-02 3.106559636572361546e-02
-6.936936936936938025e+00 3.089885598201212377e-02 3.089962481436440978e-02
-6.964964964964963201e+00 3.073212206314804296e-02 3.073288427565250280e-02
-6.992992992992991930e+00 3.056462654863624853e-02 3.056538137019677165e-02
-7.021021021021020658e+00 3.039637682597096102e-02 3.039712348980292550e-02
-7.049049049049049387e+00 3.022738104901283654e-02 3.022811879316463293e-02
-7.077077077077078116e+00 3.005764813313520009e-02 3.005837620103797223e-02
-7.105105105105103291e+00 2.988718774982722023e-02 2.988790539086188386e-02
-7.133133133133132020e+00 2.971601032073503679e-02 2.971671679080859635e-02
-7.161161161161160749e+00 2.954412701112135026e-02 2.954482157326300540e-02
-7.189189189189189477e+00 2.937154972272802353e-02 2.937223164770373651e-02
-7.217217217217218206e+00 2.919829108602689516e-02 2.919895965296952917e-02
-7.245245245245243382e+00 2.902436445184135641e-02 2.902501894889523981e-02
-7.273273273273272110e+00 2.884978388232432508e-02 2.885042360730295796e-02
-7.301301301301300839e+00 2.867456414127940792e-02 2.867518840233531513e-02
-7.329329329329329568e+00 2.849872068381330628e-02 2.849932880011857989e-02
-7.357357357357358296e+00 2.832226964530884517e-02 2.832286094774493640e-02
-7.385385385385383472e+00 2.814522782970931697e-02 2.814580166156474550e-02
-7.413413413413412201e+00 2.796761269710644829e-02 2.796816841478064891e-02
-7.441441441441440929e+00 2.778944235062587656e-02 2.778997932433768456e-02
-7.469469469469469658e+00 2.761073552260535566e-02 2.761125313710421914e-02
-7.497497497497498387e+00 2.743151156006248814e-02 2.743200921534206735e-02
-7.525525525525523562e+00 2.725179040945149150e-02 2.725226752146215833e-02
-7.553553553553552291e+00 2.707159260071007739e-02 2.707204860206631827e-02
-7.581581581581581020e+00 2.689093923059913613e-02 2.689137357128268402e-02
-7.609609609609609748e+00 2.670985194534057292e-02 2.671026409339714164e-02
-7.637637637637638477e+00 2.652835292256065097e-02 2.652874236478739225e-02
-7.665665665665667206e+00 2.634646485254779624e-02 2.634683109516931451e-02
-7.693693693693692381e+00 2.616421091883614630e-02 2.616455348816672244e-02
-7.721721721721721110e+00 2.598161477812888087e-02 2.598193322121839996e-02
-7.749749749749749839e+00 2.579870053957735582e-02 2.579899442483889541e-02
-7.777777777777778567e+00 2.561549274343466465e-02 2.561576166125106510e-02
-7.805805805805807296e+00 2.543201633910455173e-02 2.543225990241168924e-02
-7.833833833833832472e+00 2.524829666260889824e-02 2.524851450745328393e-02
-7.861861861861861200e+00 2.506435941349944435e-02 2.506455119956780414e-02
-7.889889889889889929e+00 2.488023063124106954e-02 2.488039604236064878e-02
-7.917917917917918658e+00 2.469593667109852911e-02 2.469607541570376791e-02
-7.945945945945947386e+00 2.451150417955881219e-02 2.451161599111983599e-02
-7.973973973973972562e+00 2.432696006932400998e-02 2.432704470674060954e-02
-8.002002002002001291e+00 2.414233149391205660e-02 2.414238874186921957e-02
-8.030030030030030019e+00 2.395764582190489447e-02 2.395767549118663076e-02
-8.058058058058058748e+00 2.377293061088414650e-02 2.377293253864396980e-02
-8.086086086086087477e+00 2.358821358109743777e-02 2.358818763108403230e-02
-8.114114114114112652e+00 2.340352258890035161e-02 2.340346865163688006e-02
-8.142142142142141381e+00 2.321888560002028506e-02 2.321880359293567245e-02
-8.170170170170170110e+00 2.303433066268984614e-02 2.303422053020121388e-02
-8.198198198198198838e+00 2.284988588069888568e-02 2.284974759424361970e-02
-8.226226226226227567e+00 2.266557938641502318e-02 2.266541294443185500e-02
-8.254254254254252743e+00 2.248143931382368468e-02 2.248124474168207779e-02
-8.282282282282281471e+00 2.229749377163889323e-02 2.229727112151636340e-02
-8.310310310310310200e+00 2.211377081653595478e-02 2.211352016724450406e-02
-8.338338338338338929e+00 2.193029842656009365e-02 2.193001988331965899e-02
-8.366366366366367657e+00 2.174710447476311398e-02 2.174679816891717660e-02
-8.394394394394392833e+00 2.156421670311962219e-02 2.156388279180277215e-02
-8.422422422422421562e+00 2.138166269677461637e-02 2.138130136253144770e-02
-8.450450450450450290e+00 2.119946985867428996e-02 2.119908130902704163e-02
-8.478478478478479019e+00 2.101766538462811890e-02 2.101724985159466111e-02
-8.506506506506507748e+00 2.083627623885146024e-02 2.083583397841553067e-02
-8.534534534534532924e+00 2.065532913003650939e-02 2.065486042157192378e-02
-8.562562562562561652e+00 2.047485048799783242e-02 2.047435563364812666e-02
-8.590590590590590381e+00 2.029486644093647305e-02 2.029434576495231166e-02
-8.618618618618619109e+00 2.011540279336503784e-02 2.011485664140127971e-02
-8.646646646646647838e+00 1.993648500473388721e-02 1.993591374310870953e-02
-8.674674674674673014e+00 1.975813816879617296e-02 1.975754218371475121e-02
-8.702702702702701743e+00 1.958038699374702735e-02 1.957976669049238047e-02
-8.730730730730730471e+00 1.940325578316856245e-02 1.940261158526373000e-02
-8.758758758758759200e+00 1.922676841781221710e-02 1.922610076615556551e-02
-8.786786786786787928e+00 1.905094833824626244e-02 1.905025769021638504e-02
-8.814814814814813104e+00 1.887581852839178426e-02 1.887510535693303140e-02
-8.842842842842841833e+00 1.870140149996849660e-02 1.870066629266261063e-02
-8.870870870870870561e+00 1.852771927786975997e-02 1.852696253599132870e-02
-8.898898898898899290e+00 1.835479338648024136e-02 1.835401562403913764e-02
-8.926926926926928019e+00 1.818264483694784911e-02 1.818184657972268803e-02
-8.954954954954953195e+00 1.801129411541960851e-02 1.801047589998544529e-02
-8.982982982982981923e+00 1.784076117224749417e-02 1.783992354500063895e-02
-9.011011011011010652e+00 1.767106541216693916e-02 1.767020892835013610e-02
-9.039039039039039380e+00 1.750222568544792384e-02 1.750135090817856592e-02
-9.067067067067068109e+00 1.733426028001553570e-02 1.733336777931991299e-02
-9.095095095095093285e+00 1.716718691453407095e-02 1.716627726639037219e-02
-9.123123123123122014e+00 1.700102273244609094e-02 1.700009651783868092e-02
-9.151151151151150742e+00 1.683578429695412396e-02 1.683484210094282618e-02
-9.179179179179179471e+00 1.667148758693209540e-02 1.667052999773865896e-02
-9.207207207207208199e+00 1.650814799375169284e-02 1.650717560186006766e-02
-9.235235235235233375e+00 1.634578031900414327e-02 1.634479371628025021e-02
-9.263263263263262104e+00 1.618439877309703692e-02 1.618339855193666466e-02
-9.291291291291290833e+00 1.602401697470460726e-02 1.602300372720508528e-02
-9.319319319319319561e+00 1.586464795104672310e-02 1.586362226820310639e-02
-9.347347347347348290e+00 1.570630413896932989e-02 1.570526660989792975e-02
-9.375375375375373466e+00 1.554899738680035406e-02 1.554794859799082767e-02
-9.403403403403402194e+00 1.539273895695258097e-02 1.539167949154970384e-02
-9.431431431431430923e+00 1.523753952924397637e-02 1.523646996636020094e-02
-9.459459459459459651e+00 1.508340920490487333e-02 1.508233011896424440e-02
-9.487487487487488380e+00 1.493035751124071643e-02 1.492926947135490325e-02
-9.515515515515513556e+00 1.477839340691836090e-02 1.477729697629531769e-02
-9.543543543543542285e+00 1.462752528784351178e-02 1.462642102322891935e-02
-9.571571571571571013e+00 1.447776099359590618e-02 1.447664944474842327e-02
-9.599599599599599742e+00 1.432910781438919388e-02 1.432798952358999185e-02
-9.627627627627628470e+00 1.418157249852428081e-02 1.418044800011687701e-02
-9.655655655655657199e+00 1.403516126030212620e-02 1.403403108026176661e-02
-9.683683683683682375e+00 1.388987978836311865e-02 1.388874444390435399e-02
-9.711711711711711104e+00 1.374573325442106884e-02 1.374459325363763980e-02
-9.739739739739739832e+00 1.360272632235983749e-02 1.360158216389494718e-02
-9.767767767767768561e+00 1.346086315765919125e-02 1.345971533040664185e-02
-9.795795795795797289e+00 1.332014743711994707e-02 1.331899641995560636e-02
-9.823823823823822465e+00 1.318058235885820849e-02 1.317942862040112628e-02
-9.851851851851851194e+00 1.304217065253917771e-02 1.304101465094141370e-02
-9.879879879879879923e+00 1.290491458982179207e-02 1.290375677258625252e-02
-9.907907907907908651e+00 1.276881599498630102e-02 1.276765679881148793e-02
-9.935935935935937380e+00 1.263387625571784321e-02 1.263271610636867992e-02
-9.963963963963962556e+00 1.250009633402002218e-02 1.249893564622367448e-02
-9.991991991991991284e+00 1.236747677723321580e-02 1.236631595459912469e-02
-1.002002002002002001e+01 1.223601772913310640e-02 1.223485716409714041e-02
-1.004804804804804874e+01 1.210571894108816715e-02 1.210455901487746296e-02
-1.007607607607607747e+01 1.197657978325370950e-02 1.197542086586812424e-02
-1.010410410410410265e+01 1.184859925578133841e-02 1.184744170599897825e-02
-1.013213213213213137e+01 1.172177600002437779e-02 1.172062016542684340e-02
-1.016016016016016010e+01 1.159610830972115404e-02 1.159495452673528840e-02
-1.018818818818818883e+01 1.147159414213685946e-02 1.147044273609265294e-02
-1.021621621621621756e+01 1.134823112914805712e-02 1.134708241435199681e-02
-1.024424424424424274e+01 1.122601658825457538e-02 1.122487086807751923e-02
-1.027227227227227146e+01 1.110494753350445285e-02 1.110380510048282129e-02
-1.030030030030030019e+01 1.098502068631835443e-02 1.098388182226788835e-02
-1.032832832832832892e+01 1.086623248620109672e-02 1.086509746234203683e-02
-1.035635635635635765e+01 1.074857910132869313e-02 1.074744817842151340e-02
-1.038438438438438283e+01 1.063205643900040111e-02 1.063092986749123239e-02
-1.041241241241241156e+01 1.051666015594595986e-02 1.051553817612079812e-02
-1.044044044044044028e+01 1.040238566847862846e-02 1.040126851062642480e-02
-1.046846846846846901e+01 1.028922816248724510e-02 1.028811604706983233e-02
-1.049649649649649774e+01 1.017718260326012578e-02 1.017607574108485291e-02
-1.052452452452452292e+01 1.006624374513395183e-02 1.006514233753432082e-02
-1.055255255255255165e+01 9.956406140962173468e-03 9.955310379985199756e-03
-1.058058058058058037e+01 9.847664151398592344e-03 9.846574219995551588e-03
-1.060860860860860910e+01 9.740011953990651908e-03 9.738928026210945735e-03
-1.063663663663663783e+01 9.633443552078915784e-03 9.632365793266949028e-03
-1.066466466466466301e+01 9.527952783500159839e-03 9.526881350494611697e-03
-1.069269269269269174e+01 9.423533329091614633e-03 9.422468370426519135e-03
-1.072072072072072046e+01 9.320178720994489949e-03 9.319120377101770131e-03
-1.074874874874874919e+01 9.217882350755397108e-03 9.216830754168221437e-03
-1.077677677677677792e+01 9.116637477224760061e-03 9.115592752781329078e-03
-1.080480480480480310e+01 9.016437234251746882e-03 9.015399499299145761e-03
-1.083283283283283183e+01 8.917274638175685247e-03 8.916244002773325225e-03
-1.086086086086086056e+01 8.819142595113776267e-03 8.818119162236709441e-03
-1.088888888888888928e+01 8.722033908046508341e-03 8.721017773787909794e-03
-1.091691691691691801e+01 8.625941283702084211e-03 8.624932537471796321e-03
-1.094494494494494319e+01 8.530857339240822262e-03 8.529856063962806129e-03
-1.097297297297297192e+01 8.436774608741103715e-03 8.435780881051206312e-03
-1.100100100100100065e+01 8.343685549489299538e-03 8.342699439930385819e-03
-1.102902902902902937e+01 8.251582548075115167e-03 8.250604121289315321e-03
-1.105705705705705810e+01 8.160457926294356623e-03 8.159487241212780642e-03
-1.108508508508508328e+01 8.070303946862143404e-03 8.069341056891880803e-03
-1.111311311311311201e+01 7.981112818939229206e-03 7.980157772147422265e-03
-1.114114114114114074e+01 7.892876703474344807e-03 7.891929542769317990e-03
-1.116916916916916946e+01 7.805587718365513891e-03 7.804648481674746063e-03
-1.119719719719719819e+01 7.719237943443510268e-03 7.718306663888354312e-03
-1.122522522522522337e+01 7.633819425280627576e-03 7.632896131347732295e-03
-1.125325325325325210e+01 7.549324181828122489e-03 7.548408897537397209e-03
-1.128128128128128083e+01 7.465744206885402759e-03 7.464836951954905396e-03
-1.130930930930930955e+01 7.383071474404596934e-03 7.382172264412226702e-03
-1.133733733733733828e+01 7.301297942634609253e-03 7.300406789174749590e-03
-1.136536536536536346e+01 7.220415558107757918e-03 7.219532468943703173e-03
-1.139339339339339219e+01 7.140416259472591107e-03 7.139541238687459671e-03
-1.142142142142142092e+01 7.061291981176739604e-03 7.060425029320654793e-03
-1.144944944944944965e+01 6.983034657003275511e-03 6.982175771236390042e-03
-1.147747747747747837e+01 6.905636223463608447e-03 6.904785397695494681e-03
-1.150550550550550355e+01 6.829088623050963772e-03 6.828245848076378369e-03
-1.153353353353353228e+01 6.753383807358076182e-03 6.752549070989120883e-03
-1.156156156156156101e+01 6.678513740062684383e-03 6.677687027257434016e-03
-1.158958958958958974e+01 6.604470399784392529e-03 6.603651692771959035e-03
-1.161761761761761846e+01 6.531245782816450310e-03 6.530435061218533080e-03
-1.164564564564564719e+01 6.458831905735920240e-03 6.458029146684917364e-03
-1.167367367367367237e+01 6.387220807895742369e-03 6.386425986149406320e-03
-1.170170170170170110e+01 6.316404553801930818e-03 6.315617641854785400e-03
-1.172972972972972983e+01 6.246375235379235391e-03 6.245596203571067949e-03
-1.175775775775775855e+01 6.177124974129144519e-03 6.176353790749481397e-03
-1.178578578578578728e+01 6.108645923183256624e-03 6.107882554571435890e-03
-1.181381381381381246e+01 6.040930269255151072e-03 6.040174679898948490e-03
-1.184184184184184119e+01 5.973970234494085062e-03 5.973222387125345055e-03
-1.186986986986986992e+01 5.907758078243714392e-03 5.907017933930540192e-03
-1.189789789789789864e+01 5.842286098708292762e-03 5.841553616944156549e-03
-1.192592592592592737e+01 5.777546634529661176e-03 5.776821773319579072e-03
-1.195395395395395255e+01 5.713532066277992975e-03 5.712814782221844676e-03
-1.198198198198198128e+01 5.650234817859185396e-03 5.649525066232187996e-03
-1.201001001001001001e+01 5.587647357841699254e-03 5.586945092672196585e-03
-1.203803803803803874e+01 5.525762200705584132e-03 5.525067374850116918e-03
-1.206606606606606746e+01 5.464571908016383969e-03 5.463884473232145760e-03
-1.209409409409409264e+01 5.404069089526509530e-03 5.403388996541274268e-03
-1.212212212212212137e+01 5.344246404206604364e-03 5.343573602786186316e-03
-1.215015015015015010e+01 5.285096561209205387e-03 5.284431000222820918e-03
-1.217817817817817883e+01 5.226612320767579437e-03 5.225953948250591091e-03
-1.220620620620620755e+01 5.168786495031973613e-03 5.168135258245152609e-03
-1.223423423423423273e+01 5.111611948845478162e-03 5.110967794333148850e-03
-1.226226226226226146e+01 5.055081600461804742e-03 5.054444474108155463e-03
-1.229029029029029019e+01 4.999188422207328023e-03 4.998558269290341062e-03
-1.231831831831831892e+01 4.943925441089039481e-03 4.943302206332226591e-03
-1.234634634634634764e+01 4.889285739350619948e-03 4.888669366972769013e-03
-1.237437437437437282e+01 4.835262454978719524e-03 4.834652888741702674e-03
-1.240240240240240155e+01 4.781848782161380804e-03 4.781245965416062137e-03
-1.243043043043043028e+01 4.729037971700494544e-03 4.728441847430840672e-03
-1.245845845845845901e+01 4.676823331380132627e-03 4.676233842245526920e-03
-1.248648648648648773e+01 4.625198226292493928e-03 4.624615314668342053e-03
-1.251451451451451291e+01 4.574156079123229031e-03 4.573579687139891353e-03
-1.254254254254254164e+01 4.523690370397747545e-03 4.523120439977871242e-03
-1.257057057057057037e+01 4.473794638690008554e-03 4.473231111584512719e-03
-1.259859859859859910e+01 4.424462480795604384e-03 4.423905298618122095e-03
-1.262662662662662783e+01 4.375687551870685067e-03 4.375136656129647098e-03
-1.265465465465465300e+01 4.327463565538073112e-03 4.326918897667867032e-03
-1.268268268268268173e+01 4.279784293962004063e-03 4.279245795353272923e-03
-1.271071071071071046e+01 4.232643567893012472e-03 4.232111179921456412e-03
-1.273873873873873919e+01 4.186035276684041406e-03 4.185508940737773381e-03
-1.276676676676676792e+01 4.139953368279007152e-03 4.139433025784693479e-03
-1.279479479479479309e+01 4.094391849175215564e-03 4.093877441623010836e-03
-1.282282282282282182e+01 4.049344784360804465e-03 4.048836253328101653e-03
-1.285085085085085055e+01 4.004806297228392584e-03 4.004303584402495002e-03
-1.287887887887887928e+01 3.960770569466033099e-03 3.960273616665722224e-03
-1.290690690690690801e+01 3.917231840926573352e-03 3.916740590122634938e-03
-1.293493493493493318e+01 3.874184409476459819e-03 3.873698802811210810e-03
-1.296296296296296191e+01 3.831622630824971058e-03 3.831142610630806824e-03
-1.299099099099099064e+01 3.789540918334786783e-03 3.789066427151921695e-03
-1.301901901901901937e+01 3.747933742814904372e-03 3.747464723408280157e-03
-1.304704704704704810e+01 3.706795632296953219e-03 3.706332027671713127e-03
-1.307507507507507327e+01 3.666121171795643733e-03 3.665662925211800923e-03
-1.310310310310310200e+01 3.625905003054201436e-03 3.625452058041048892e-03
-1.313113113113113073e+01 3.586141824275692561e-03 3.585694124645374264e-03
-1.315915915915915946e+01 3.546826389840910306e-03 3.546383879701069108e-03
-1.318718718718718819e+01 3.507953510013453631e-03 3.507516133779170920e-03
-1.321521521521521336e+01 3.469518050632841664e-03 3.469085753037888780e-03
-1.324324324324324209e+01 3.431514932796377558e-03 3.431087658903762480e-03
-1.327127127127127082e+01 3.393939132530402782e-03 3.393516827742318331e-03
-1.329929929929929955e+01 3.356785680451622282e-03 3.356368290518746845e-03
-1.332732732732732828e+01 3.320049661419090335e-03 3.319637132449298773e-03
-1.335535535535535345e+01 3.283726214177476368e-03 3.283318492643984114e-03
-1.338338338338338218e+01 3.247810530992167183e-03 3.247407563741104043e-03
-1.341141141141141091e+01 3.212297857276706029e-03 3.211899591534248498e-03
-1.343943943943943964e+01 3.177183491213116714e-03 3.176789874592199185e-03
-1.346746746746746837e+01 3.142462783365768900e-03 3.142073763871991703e-03
-1.349549549549549354e+01 3.108131136289162769e-03 3.107746662326042741e-03
-1.352352352352352227e+01 3.074184004130117026e-03 3.073804024504361507e-03
-1.355155155155155100e+01 3.040616892224851618e-03 3.040241356151216108e-03
-1.357957957957957973e+01 3.007425356691377158e-03 3.007054213796971770e-03
-1.360760760760760846e+01 2.974605004017472944e-03 2.974238204345664230e-03
-1.363563563563563363e+01 2.942151490644728459e-03 2.941788984658671308e-03
-1.366366366366366236e+01 2.910060522549056446e-03 2.909702261134839135e-03
-1.369169169169169109e+01 2.878327854818029698e-03 2.877973789287494553e-03
-1.371971971971971982e+01 2.846949291225390252e-03 2.846599373318614307e-03
-1.374774774774774855e+01 2.815920683803084437e-03 2.815574865690528752e-03
-1.377577577577577728e+01 2.785237932411110864e-03 2.784896166695475378e-03
-1.380380380380380245e+01 2.754896984305518336e-03 2.754559224023310493e-03
-1.383183183183183118e+01 2.724893833704803911e-03 2.724560032327626256e-03
-1.385985985985985991e+01 2.695224521354965680e-03 2.694894632790650370e-03
-1.388788788788788864e+01 2.665885134093604492e-03 2.665559112686957059e-03
-1.391591591591591737e+01 2.636871804413284080e-03 2.636549604946283789e-03
-1.394394394394394254e+01 2.608180710024361228e-03 2.607862287716505422e-03
-1.397197197197197127e+01 2.593836109358712162e-03 2.579493383926023328e-03
-1.400000000000000000e+01 2.579598277496188141e-03 2.551439160846035673e-03
