-14.99999999999985 2.170268013187033 -0.03381293731068512 -0.22973198681296747 -0.03381293731068512
-13.94307442116846 1.893894126676833 -0.18155774991574103 -0.5061058733231674 -0.18155774991574103
-13.024675157555 1.6682594827349488 -0.41016875085553156 -0.7317405172650515 -0.41016875085553156
-12.21920514335649 1.465370657371058 -0.7378106495003554 -0.9346293426289423 -0.7378106495003554
-11.50700787033964 1.3221223379465137 -1.136041751031907 -1.0778776620534867 -1.136041751031907
-10.87273853939113 1.2593607735903154 -1.5851971143765615 -1.140639226409685 -1.5851971143765615
-10.30424328906179 1.270396271924005 -2.023712783827091 -1.1296037280759954 -2.023712783827091
-9.791770743284603 1.3402075114065317 -2.4869106816659925 -1.0597924885934686 -2.4869106816659925
-9.327406333425754 1.4914801497011716 -2.8772906175565827 -0.9085198502988288 -2.8772906175565827
-8.904659262506948 1.63717586646385 -3.2801640732744364 -0.7628241335361503 -3.2801640732744364
-8.518156126042184 1.8610335857232867 -3.6137113907469263 -0.5389664142767137 -3.6137113907469263
-8.163410383531915 2.0137246037890755 -3.9911180071577563 -0.3862753962109249 -3.9911180071577563
-7.836646640587201 2.2889619472674507 -4.382636752360608 -0.11103805273254963 -4.382636752360608
-7.53466511741108 2.5837261182590447 -4.799380104567102 0.1837261182590444 -4.799380104567102
-7.254735975022024 3.0802955949785558 -5.202716110390516 0.6802955949785554 -5.202716110390516
-6.994516097029167 3.715540447291005 -5.404616871089493 1.3155404472910046 -5.404616871089493
-6.751982950306773 4.217993136951403 -5.481928375681533 1.8179931369514026 -5.481928375681533
-6.525381570524497 4.774452750097107 -5.527014273968195 2.374452750097107 -5.527014273968195
-6.313181731196434 5.339532300540402 -5.481466590371853 2.9395323005404013 -5.481466590371853
-6.114043084875222 5.930145461329112 -5.2844592793995595 3.530145461329112 -5.2844592793995595
-5.926786597410246 6.395211809960878 -4.955229542190708 3.9952118099608773 -4.955229542190708
-5.750370988549688 6.7367723265099215 -4.576258978960165 4.336772326509921 -4.576258978960165
-5.583873184308414 6.97120415895812 -4.221004079816077 4.571204158958119 -4.221004079816077
-5.42647200610483 7.17385394090355 -3.8417863798437533 4.77385394090355 -3.8417863798437533
-5.277434488177201 7.272284167385339 -3.455917112737261 4.872284167385339 -3.455917112737261
-5.136104342104078 7.297400058286929 -3.145174518398561 4.897400058286928 -3.145174518398561
-5.001892185363844 7.315687872498707 -2.8153825740043974 4.915687872498706 -2.8153825740043974
-4.87426722703304 7.250956835405682 -2.561569818833307 4.850956835405682 -2.561569818833307
-4.752750163264181 7.202955478027802 -2.3437734934690075 4.802955478027801 -2.3437734934690075
-4.636907082037206 7.140237295288823 -2.128133044006977 4.740237295288822 -2.128133044006977
-4.526344213778932 7.049512415362586 -1.9608059185615778 4.649512415362586 -1.9608059185615778
-4.420703393996887 6.9688571223278695 -1.8140658750799452 4.568857122327869 -1.8140658750799452
-4.319658127746223 6.882405533603981 -1.6831389402870096 4.4824055336039805 -1.6831389402870096
-4.2229101648128 6.795910576056686 -1.58269158018535 4.395910576056686 -1.58269158018535
-4.130186509927485 6.725623367797247 -1.489608910328619 4.325623367797246 -1.489608910328619
-4.04123680487929 6.645969655036955 -1.3816643621720575 4.245969655036955 -1.3816643621720575
-3.955831029653008 6.548251541458376 -1.3216311665174705 4.148251541458376 -1.3216311665174705
-3.873757478137248 6.4791032450322525 -1.2705703963982136 4.079103245032253 -1.2705703963982136
-3.794820970889963 6.411193625507361 -1.204976441611184 4.011193625507362 -1.204976441611184
-3.718841273193658 6.332317445639728 -1.1655670555852287 3.932317445639728 -1.1655670555852287
-3.645651691406517 6.26801555842816 -1.1310142370874854 3.8680155584281595 -1.1310142370874854
-3.575097824597339 6.20912565626793 -1.1011980840370907 3.8091256562679305 -1.1011980840370907
-3.507036451785128 6.153967699605896 -1.0683180496135614 3.7539676996058953 -1.0683180496135614
-3.441334537903729 6.096753031917814 -1.0411881971964136 3.6967530319178135 -1.0411881971964136
-3.377868343971221 6.037843754223194 -1.0131508673041723 3.6378437542231943 -1.0131508673041723
-3.316522628938475 5.980677113893024 -1.009174330834169 3.5806771138930245 -1.009174330834169
-3.257189932382928 5.936892363362752 -0.9877190858153472 3.5368923633627514 -0.9877190858153472
-3.199769928652489 5.887434287414481 -0.9887017194805815 3.487434287414482 -0.9887017194805815
-3.144168844291917 5.852599836381899 -0.970145656200056 3.4525998363819 -0.970145656200056
-3.090298931633902 5.805850604070335 -0.9648233562136022 3.405850604070335 -0.9648233562136022
-3.038077992337555 5.769783478835963 -0.9613350835854868 3.369783478835963 -0.9613350835854868
-2.987428945431347 5.734598268493829 -0.9498149994468136 3.3345982684938296 -0.9498149994468136
-2.938279435084989 5.693425483045387 -0.9475361495143207 3.293425483045387 -0.9475361495143207
-2.890561473911586 5.659977463462957 -0.9500723144157665 3.259977463462958 -0.9500723144157665
-2.844211118100896 5.630575408283562 -0.9450288057598647 3.2305754082835616 -0.9450288057598647
-2.799168171118326 5.59863944340117 -0.9487524682585233 3.19863944340117 -0.9487524682585233
-2.755375913081502 5.571260319835018 -0.9386409093573196 3.1712603198350173 -0.9386409093573196
-2.712780853255288 5.529824497222753 -0.9443228375603855 3.129824497222753 -0.9443228375603855
-2.671332503393478 5.504783264272259 -0.9678171129901583 3.1047832642722595 -0.9678171129901583
-2.630983169907057 5.502105872688175 -0.9631438577984043 3.102105872688175 -0.9631438577984043
-2.591687763059467 5.4759497681049885 -0.9428936074101538 3.075949768104988 -0.9428936074101538
-2.553403621583412 5.428947330840409 -0.9510572267351576 3.028947330840409 -0.9510572267351576
-2.51609035128428 5.407780552542894 -0.990981052304758 3.0077805525428936 -0.990981052304758
-2.479709676346002 5.426156780779512 -0.9760051773942874 3.0261567807795116 -0.9760051773942874
-2.444225302188003 5.399403877161891 -0.9591751641783259 2.9994038771618907 -0.9591751641783259
-2.409602788839831 5.367395806053583 -0.9548997762584275 2.9673958060535837 -0.9548997762584275
-2.375809433904204 5.337710823128228 -0.9626446928815211 2.937710823128228 -0.9626446928815211
-2.342814164271993 5.316729034604559 -0.9669549974186121 2.9167290346045585 -0.9669549974186121
-2.310587435834981 5.293086894090813 -0.9787518099196435 2.893086894090813 -0.9787518099196435
-2.279101140515615 5.283412193568012 -0.9895139405713261 2.883412193568012 -0.9895139405713261
-2.248328519998396 5.278741904588617 -0.9729749319255347 2.8787419045886162 -0.9729749319255347
-2.218244085606003 5.235419751228738 -0.9429474123344581 2.8354197512287387 -0.9429474123344581
-2.188823543815517 5.162381024617781 -1.0117223956655328 2.7623810246177802 -1.0117223956655328
-2.160043726956896 5.205307273617029 -0.9877748260896803 2.8053072736170286 -0.9877748260896803
-2.131882528677896 5.116878577833455 -1.0272902503823964 2.7168785778334543 -1.0272902503823964
-2.104318843797273 5.131839137027858 -1.0708004609608348 2.7318391370278574 -1.0708004609608348
-2.077332512202037 5.136718289539235 -1.1174237651910852 2.736718289539236 -1.1174237651910852
-2.050904266475056 5.201983610163404 -1.0326038555225028 2.801983610163404 -1.0326038555225028
-2.025015682966774 5.040347323374131 -1.1337422368985353 2.6403473233741312 -1.1337422368985353
-1.999649136049677 5.243025719333514 -1.1307019586926224 2.8430257193335144 -1.1307019586926224
-1.974787755316548 5.17410020267449 -1.0168656944184769 2.7741002026744903 -1.0168656944184769
-1.950415385503824 5.057241758246621 -1.0601091641797058 2.6572417582466215 -1.0601091641797058
-1.926516548939786 5.087258230423099 -1.0806429234860997 2.687258230423099 -1.0806429234860997
-1.903076410333882 5.0095954334012385 -1.1425252984611893 2.6095954334012386 -1.1425252984611893
-1.880080743738695 5.131377693776415 -1.141067016964335 2.731377693776415 -1.141067016964335
-1.857515901529694 5.0488284150002825 -1.0996134159608513 2.6488284150002825 -1.0996134159608513
-1.835368785260465 5.00644209190163 -1.148224209605295 2.6064420919016307 -1.148224209605295
-1.813626818262427 5.033987305242655 -1.1884938524052335 2.6339873052426555 -1.1884938524052335
-1.792277919868425 5.05298388038294 -1.1795826928369113 2.65298388038294 -1.1795826928369113
-1.771310481148986 5.015206796234274 -1.2006173218810368 2.6152067962342747 -1.2006173218810368
-1.750713342058706 5.108552432394665 -1.1594068634698342 2.708552432394666 -1.1594068634698342
-1.730475769898035 4.938135487093559 -1.14739149231701 2.538135487093559 -1.14739149231701
-1.710587439002987 4.988000196603057 -1.2441322412700495 2.588000196603057 -1.2441322412700495
-1.691038411581846 4.99337864920279 -1.249688412944082 2.59337864920279 -1.249688412944082
-1.671819119624006 5.045239521197049 -1.225139104242067 2.645239521197049 -1.225139104242067
-1.652920347811602 4.9119637943582495 -1.2246471718891438 2.511963794358249 -1.2246471718891438
-1.634333217369665 4.997140584837755 -1.3351948844501136 2.5971405848377556 -1.3351948844501136
-1.61604917079522 5.0301182382087735 -1.2913851280795345 2.6301182382087736 -1.2913851280795345
-1.598059957409986 4.99348934562094 -1.27750858630963 2.5934893456209407 -1.27750858630963
-1.580357619685341 5.0035470956185755 -1.3013857590289566 2.603547095618576 -1.3013857590289566
-1.562934480291789 4.98552957217677 -1.3052129148019556 2.58552957217677 -1.3052129148019556
-1.545783129828541 4.993603298142672 -1.3371335109624536 2.593603298142672 -1.3371335109624536
-1.528896415191896 5.023979872101022 -1.3502654542567087 2.6239798721010223 -1.3502654542567087
-1.512267428543951 5.056992931006973 -1.326444933605854 2.656992931006973 -1.326444933605854
-1.495889496845788 5.020817128492322 -1.2876636124259035 2.620817128492322 -1.2876636124259035
-1.479756171921723 4.981301315200454 -1.303749903344446 2.581301315200454 -1.303749903344446
-1.463861221023439 4.983303537110872 -1.3361399114774866 2.583303537110872 -1.3361399114774866
-1.4481986178649 4.9398672732970565 -1.3566624771020925 2.539867273297056 -1.3566624771020925
-1.432762534100852 5.03657490960291 -1.4395318837469386 2.6365749096029107 -1.4395318837469386
-1.417547331223529 5.031540294233174 -1.3664950028432234 2.631540294233175 -1.3664950028432234
-1.402547552853774 5.05792632457302 -1.3797000383974543 2.65792632457302 -1.3797000383974543
-1.387757917404398 5.03711512944004 -1.3370150772074976 2.6371151294400406 -1.3370150772074976
-1.373173311094914 4.990856046387638 -1.351263938270366 2.5908560463876373 -1.351263938270366
-1.358788781298217 5.044895811687084 -1.406484367847363 2.6448958116870838 -1.406484367847363
-1.344599530200891 5.044982568056302 -1.3440093856916462 2.6449825680563013 -1.3440093856916462
-1.330600908760078 4.9965356725486565 -1.3368648388605842 2.5965356725486566 -1.3368648388605842
-1.316788410940793 4.999376073565664 -1.3797082350519532 2.5993760735656637 -1.3797082350519532
-1.303157668218649 4.991019822259555 -1.3681130437344138 2.5910198222595553 -1.3681130437344138
-1.289704444333805 4.949194581341337 -1.3905820804228426 2.549194581341337 -1.3905820804228426
-1.276424630282861 5.031626362787392 -1.48203244923273 2.631626362787392 -1.48203244923273
-1.263314239536188 5.023714201345839 -1.3790022072337145 2.623714201345839 -1.3790022072337145
-1.250369403468921 4.999394383461837 -1.4165746874595764 2.5993943834618367 -1.4165746874595764
-1.237586366994588 5.015037782247266 -1.4309022336282842 2.6150377822472652 -1.4309022336282842
-1.22496148439092 4.999379605382036 -1.4188830554908411 2.5993796053820364 -1.4188830554908411
-1.212491215308081 5.015424476191494 -1.4689452356645094 2.615424476191494 -1.4689452356645094
-1.200172120950044 5.061391240980261 -1.457023304800503 2.661391240980261 -1.457023304800503
-1.188000860420427 5.050074875747054 -1.4059484356279237 2.6500748757470536 -1.4059484356279237
-1.175974187224572 4.999723676379501 -1.4094249823971516 2.599723676379501 -1.4094249823971516
-1.164088945920123 5.017775416661926 -1.4902161947785209 2.617775416661926 -1.4902161947785209
-1.152342068908791 5.089925973853546 -1.4690675256386678 2.6899259738535464 -1.4690675256386678
-1.14073057336241 5.049905706774624 -1.3797130159529007 2.649905706774624 -1.3797130159529007
-1.129251558276759 4.997224596473817 -1.4323781860195848 2.5972245964738168 -1.4323781860195848
-1.117902201646994 5.020759400704247 -1.4863473239373186 2.620759400704247 -1.4863473239373186
-1.106679757758871 5.052026359936905 -1.4760165027471677 2.6520263599369054 -1.4760165027471677
-1.095581554590243 5.077413526739611 -1.4823521291051014 2.677413526739611 -1.4823521291051014
-1.084604991317632 5.117595324707507 -1.4544660468473258 2.7175953247075073 -1.4544660468473258
-1.073747535922946 5.091302266412829 -1.3712637527790639 2.6913022664128294 -1.3712637527790639
-1.063006722895663 5.003866003012114 -1.3634453569643625 2.6038660030121137 -1.3634453569643625
-1.052380151026074 4.987480152052684 -1.4892635515909685 2.5874801520526844 -1.4892635515909685
-1.041865481285389 5.074667557413997 -1.4778655797555642 2.6746675574139975 -1.4778655797555642
-1.031460434788744 5.057741936589645 -1.3925752151339668 2.6577419365896455 -1.3925752151339668
-1.021162790837329 5.004960695111132 -1.4322236215795214 2.6049606951111315 -1.4322236215795214
-1.010970385036089 5.006138691974135 -1.4570925272280804 2.606138691974135 -1.4570925272280804
-1.000881107483597 5.016373873498228 -1.4785961618252343 2.6163738734982287 -1.4785961618252343
-0.9908929010308823 5.0380834451281045 -1.4864299672814283 2.638083445128105 -1.4864299672814283
-0.9810037596061753 5.042777090701229 -1.4629556268165576 2.6427770907012293 -1.4629556268165576
-0.971211726602654 5.033212150232753 -1.4792939375252168 2.6332121502327537 -1.4792939375252168
-0.9615148933264523 5.027058354976596 -1.467147585382628 2.6270583549765956 -1.467147585382628
-0.9519113975022987 5.028758505910834 -1.5303930965883716 2.6287585059108336 -1.5303930965883716
-0.9423994218343085 5.086248374984906 -1.5078278363218003 2.686248374984906 -1.5078278363218003
-0.9329771926195576 5.087884231135412 -1.4662699561699184 2.687884231135412 -1.4662699561699184
-0.9236429784121845 5.062214579316886 -1.458878439563692 2.662214579316886 -1.458878439563692
-0.9143950887358859 5.055929434355235 -1.4840014017904974 2.6559294343552358 -1.4840014017904974
-0.9052318728427537 5.085274344151671 -1.484001845506673 2.685274344151671 -1.484001845506673
-0.8961517185165274 5.085406583375722 -1.4255024566918977 2.6854065833757215 -1.4255024566918977
-0.8871530509183995 5.032959903697141 -1.4322301573366316 2.632959903697141 -1.4322301573366316
-0.8782343314736151 5.013006813663465 -1.465398190183164 2.6130068136634654 -1.465398190183164
-0.869394056797195 5.032857556994017 -1.5084863168524714 2.6328575569940176 -1.5084863168524714
-0.8606307576571651 5.067607683038643 -1.468737946272862 2.6676076830386437 -1.468737946272862
-0.8519429979737825 5.044407412910832 -1.4738870330181995 2.644407412910832 -1.4738870330181995
-0.8433293738532892 5.042084425217483 -1.4594349071212562 2.642084425217483 -1.4594349071212562
-0.8347885126548114 5.01875956055215 -1.4891683771214732 2.61875956055215 -1.4891683771214732
-0.8263190720890765 5.044738974677594 -1.50937383095237 2.644738974677595 -1.50937383095237
-0.8179197393476814 5.070403623409264 -1.4808410678003048 2.670403623409265 -1.4808410678003048
-0.809589230261703 5.055577246937709 -1.4606656847419426 2.655577246937709 -1.4606656847419426
-0.8013262884885015 5.030304999148774 -1.4411048345957556 2.630304999148774 -1.4411048345957556
-0.7931296847256015 4.97923103755018 -1.4608852427607748 2.579231037550181 -1.4608852427607748
-0.7849982159506154 4.961960516064251 -1.5452935023963577 2.5619605160642513 -1.5452935023963577
-0.7769307046861815 5.036682770373439 -1.558539522159817 2.6366827703734383 -1.558539522159817
-0.7689259982889687 5.066459711956918 -1.5499991176532941 2.666459711956918 -1.5499991176532941
-0.7609829682618184 5.09210335601812 -1.5037417428046231 2.6921033560181202 -1.5037417428046231
-0.7531005095881461 5.067801295870852 -1.475957348355964 2.667801295870852 -1.475957348355964
-0.7452775400877568 5.0377153573350215 -1.451668971131927 2.637715357335022 -1.451668971131927
-0.7375129997932672 4.980223821725072 -1.4964797799540124 2.5802238217250717 -1.4964797799540124
-0.7298058503463654 5.007445396407238 -1.5280758253357325 2.607445396407238 -1.5280758253357325
-0.7221550744131645 5.023729550825645 -1.5300727896804556 2.623729550825645 -1.5300727896804556
-0.7145596751179415 5.025346235715416 -1.5106753123908772 2.6253462357154165 -1.5106753123908772
-0.7070186754945859 4.98712018231193 -1.5266907875468512 2.58712018231193 -1.5266907875468512
-0.699531117955104 4.986263849897322 -1.5903463438238596 2.586263849897323 -1.5903463438238596
-0.6920960637745566 5.060356943886881 -1.584032815655937 2.6603569438868817 -1.584032815655937
-0.6847125925918331 5.064797132566172 -1.5417446221454696 2.6647971325661715 -1.5417446221454696
-0.6773798019256889 5.0304129903883865 -1.5504853380424717 2.630412990388386 -1.5504853380424717
-0.6700968067054919 5.046086486069412 -1.5478930250509744 2.646086486069412 -1.5478930250509744
-0.6628627388161604 5.025255146838704 -1.5425408947463288 2.6252551468387044 -1.5425408947463288
-0.655676746656775 4.996757128873757 -1.5711504760707289 2.5967571288737563 -1.5711504760707289
-0.6485379947123882 5.003867458652351 -1.6337655249078127 2.603867458652351 -1.6337655249078127
-0.6414456631385582 5.0790166144489675 -1.6457464174825893 2.679016614448967 -1.6457464174825893
-0.6343989473581653 5.11591913414573 -1.6166016823804386 2.71591913414573 -1.6166016823804386
-0.6273970576700783 5.127613222896046 -1.5768889433537414 2.727613222896046 -1.5768889433537414
-0.6204392188692551 5.1085843392906245 -1.5568119630465502 2.708584339290624 -1.5568119630465502
-0.6135246698778876 5.09921341316214 -1.5496283444843268 2.69921341316214 -1.5496283444843268
-0.6066526633872034 5.089050032538342 -1.5420421587234983 2.689050032538342 -1.5420421587234983
-0.5998224655095604 5.068773459723027 -1.5464740252534392 2.6687734597230266 -1.5464740252534392
-0.593033355440483 5.059664613785221 -1.5630258707846385 2.6596646137852207 -1.5630258707846385
-0.5862846251302988 5.062823984214646 -1.589453470415213 2.6628239842146453 -1.589453470415213
-0.5795755789650526 5.099428146869668 -1.5867023156863307 2.6994281468696677 -1.5867023156863307
-0.5729055334563812 5.099284274690962 -1.5707312590287468 2.699284274690962 -1.5707312590287468
-0.5662738169400507 5.097139062697326 -1.5585456601612715 2.697139062697326 -1.5585456601612715
-0.5596797692828653 5.080154625705733 -1.5543907989731822 2.680154625705733 -1.5543907989731822
-0.5531227415976648 5.065060315937734 -1.5629049111543831 2.665060315937734 -1.5629049111543831
-0.5466020959661486 5.050521587326072 -1.596167749710711 2.650521587326072 -1.596167749710711
-0.5401172051692616 5.089727016776054 -1.6246154945952114 2.6897270167760547 -1.6246154945952114
-0.5336674524248944 5.138616915204962 -1.5885843242245528 2.738616915204963 -1.5885843242245528
-0.5272522311326585 5.095942552171314 -1.5649945709462871 2.6959425521713145 -1.5649945709462871
-0.5208709446255063 5.083201554250726 -1.5932269568270596 2.6832015542507257 -1.5932269568270596
-0.5145230059279665 5.120548646449026 -1.598151772058242 2.720548646449026 -1.598151772058242
-0.5082078375207906 5.1224079099522255 -1.5750529267789657 2.722407909952225 -1.5750529267789657
-0.5019248711117934 5.100375653551647 -1.576640473117383 2.7003756535516477 -1.576640473117383
-0.4956735474126915 5.115882405820406 -1.5815432099136257 2.7158824058204054 -1.5815432099136257
-0.489453315921751 5.109994308348167 -1.5719864329361004 2.709994308348167 -1.5719864329361004
-0.4832636347120513 5.0936115577270105 -1.5827492347766454 2.693611557727011 -1.5827492347766454
-0.477103970225192 5.1104363771138495 -1.5980745656998945 2.7104363771138495 -1.5980745656998945
-0.4709737970702657 5.125995978823403 -1.5947005118542437 2.725995978823404 -1.5947005118542437
-0.4648725978279328 5.138076014652084 -1.5769986686229471 2.7380760146520835 -1.5769986686229471
-0.4587998628594355 5.118708178991519 -1.565602957261642 2.7187081789915193 -1.565602957261642
-0.4527550901203955 5.120395237719477 -1.5625165172123656 2.7203952377194773 -1.5625165172123656
-0.4467377849792464 5.094140371663122 -1.5588514523265347 2.694140371663122 -1.5588514523265347
-0.440747460040154 5.071922071704265 -1.5891768270740247 2.671922071704265 -1.5891768270740247
-0.4347836349702859 5.103030803726859 -1.6202486801750875 2.7030308037268584 -1.6202486801750875
-0.4288458363312943 5.131780220713372 -1.6128035979862192 2.7317802207133726 -1.6128035979862192
-0.4229335974148811 5.133188285861593 -1.59835190977679 2.7331882858615923 -1.59835190977679
-0.417046458082319 5.135566309545131 -1.5936669903587013 2.735566309545131 -1.5936669903587013
-0.4111839646078066 5.137652792478811 -1.5870119224223374 2.737652792478811 -1.5870119224223374
-0.4053456695255388 5.132713773329102 -1.579291116891966 2.7327137733291025 -1.579291116891966
-0.3995311314803784 5.117634990259344 -1.5824567910755805 2.717634990259344 -1.5824567910755805
-0.3937399150820194 5.121683069911415 -1.5964588997256686 2.721683069911416 -1.5964588997256686
-0.3879715907625315 5.134481041374374 -1.5965473118079485 2.7344810413743743 -1.5965473118079485
-0.382225734637189 5.1276233208956175 -1.5917863211752508 2.7276233208956175 -1.5917863211752508
-0.3765019283684748 5.12978438487913 -1.5981362581353484 2.7297843848791303 -1.5981362581353484
-0.3707997590331714 5.130330346466631 -1.6025753454294744 2.7303303464666313 -1.6025753454294744
-0.3651188189924406 5.13703157442154 -1.6103497988432431 2.73703157442154 -1.6103497988432431
-0.3594587057647975 5.1525120773245465 -1.6120351789979046 2.752512077324547 -1.6120351789979046
-0.3538190219019012 5.161982123578383 -1.6041192440752226 2.7619821235783837 -1.6041192440752226
-0.3481993748670659 5.170391111963862 -1.59253321122351 2.770391111963862 -1.59253321122351
-0.3425993769164141 5.163250645388862 -1.5786810049845466 2.7632506453888617 -1.5786810049845466
-0.3370186449825952 5.1559849210314965 -1.5755014504106455 2.755984921031497 -1.5755014504106455
-0.3314568005609866 5.1485802975572135 -1.576612947641084 2.7485802975572136 -1.576612947641084
-0.3259134695983023 5.1487834846130145 -1.5805771992381594 2.748783484613015 -1.5805771992381594
-0.3203882823835412 5.146956937355825 -1.5807090299283821 2.7469569373558254 -1.5807090299283821
-0.3148808734411985 5.146345072377162 -1.5830716852829807 2.7463450723771623 -1.5830716852829807
-0.3093908814266739 5.149566149572776 -1.5826469451378944 2.7495661495727757 -1.5826469451378944
-0.3039179490238103 5.13864665645663 -1.5808560500830935 2.7386466564566305 -1.5808560500830935
-0.298461722844497 5.138597845073211 -1.5934347099260087 2.738597845073212 -1.5934347099260087
-0.2930218533302758 5.142515500367082 -1.6021268847590644 2.742515500367083 -1.6021268847590644
-0.2875979946558884 5.154791072217723 -1.6097856816751774 2.754791072217723 -1.6097856816751774
-0.2821898046347049 5.169771722200216 -1.6080895063630767 2.7697717222002156 -1.6080895063630767
-0.2767969446259778 5.181953033394944 -1.5974083266496433 2.7819530333949434 -1.5974083266496433
-0.271419079443864 5.180071740452146 -1.5829199980649242 2.780071740452146 -1.5829199980649242
-0.2660558772681595 5.178694244736148 -1.5773954726518167 2.778694244736148 -1.5773954726518167
-0.2607070095566988 5.179396636042559 -1.5686652533868202 2.7793966360425593 -1.5686652533868202
-0.2553721509593595 5.165199055768481 -1.5570851712504872 2.765199055768481 -1.5570851712504872
-0.2500509792336282 5.152421637903875 -1.562015471871697 2.7524216379038746 -1.562015471871697
-0.2447431751616791 5.150073987804054 -1.570175925035722 2.750073987804054 -1.570175925035722
-0.2394484224689142 5.145086501779126 -1.5736068320734387 2.7450865017791264 -1.5736068320734387
-0.2341664077439191 5.146677699616513 -1.583623165366739 2.7466776996165128 -1.583623165366739
-0.2288968203597948 5.157174592551954 -1.5873164756050517 2.7571745925519537 -1.5873164756050517
-0.2236393523968163 5.161949420442671 -1.577752302849739 2.761949420442671 -1.577752302849739
-0.2183936985663749 5.149204068643197 -1.5681684234461073 2.749204068643197 -1.5681684234461073
-0.2131595561361681 5.134712246977049 -1.5779629881019306 2.7347122469770486 -1.5779629881019306
-0.2079366248565913 5.141186931084318 -1.5962539122854238 2.741186931084319 -1.5962539122854238
-0.2027246068882932 5.146279094593142 -1.596515040224985 2.7462790945931426 -1.596515040224985
-0.1975232067308574 5.141626977436938 -1.6010879347849467 2.7416269774369386 -1.6010879347849467
-0.1923321311525708 5.153960558332242 -1.6187607535128146 2.7539605583322424 -1.6187607535128146
-0.1871510891212436 5.175674068949322 -1.617664805150974 2.775674068949322 -1.617664805150974
-0.1819797917360436 5.183748755039373 -1.6005630358333063 2.7837487550393725 -1.6005630358333063
-0.1768179521603098 5.178005864453985 -1.588886449262398 2.778005864453985 -1.588886449262398
-0.1716652855553125 5.169246352380527 -1.5893785640955163 2.7692463523805273 -1.5893785640955163
-0.166521509014923 5.173733471678123 -1.5981020029876736 2.7737334716781232 -1.5981020029876736
-0.1613863415011646 5.182682196292834 -1.5934325145530128 2.782682196292834 -1.5934325145530128
-0.1562595037806076 5.179050909609886 -1.5810533617057025 2.7790509096098868 -1.5810533617057025
-0.1511407183615816 5.170538605148673 -1.5799777410124165 2.770538605148673 -1.5799777410124165
-0.1460297094321692 5.165664713205377 -1.5846718774882405 2.7656647132053775 -1.5846718774882405
-0.1409262027989572 5.16607436719135 -1.590324952598793 2.766074367191351 -1.590324952598793
-0.1358299258265084 5.172769269227375 -1.5923887554293121 2.7727692692273758 -1.5923887554293121
-0.1307406073775296 5.1716817844091425 -1.582926696862828 2.771681784409143 -1.582926696862828
-0.125657977753708 5.156856627464084 -1.580630043537116 2.7568566274640833 -1.580630043537116
-0.1205817686371829 5.153930528661305 -1.599577487678577 2.7539305286613054 -1.599577487678577
-0.1155117130326291 5.164018060458872 -1.6083278427168226 2.764018060458872 -1.6083278427168226
-0.1104475452099255 5.174745919910101 -1.6060208615128202 2.774745919910101 -1.6060208615128202
-0.1053890006473799 5.174347439891987 -1.5951892589298895 2.7743474398919874 -1.5951892589298895
-0.1003358159754815 5.158866730582846 -1.5924021778858068 2.758866730582847 -1.5924021778858068
-0.09528772892116386 5.153481496685789 -1.6143784178844434 2.7534814966857883 -1.6143784178844434
-0.09024447825254263 5.167989759008581 -1.6310916434570273 2.7679897590085805 -1.6310916434570273
-0.08520580372410962 5.183670027003465 -1.6297221196762104 2.783670027003465 -1.6297221196762104
-0.08017144602235605 5.192315763229909 -1.6248637265150687 2.7923157632299094 -1.6248637265150687
-0.07514114671180082 5.195330363678547 -1.6209889975382086 2.7953303636785467 -1.6209889975382086
-0.07011464818139976 5.199567474746998 -1.623796275556493 2.7995674747469983 -1.623796275556493
-0.06509169359131213 5.216770331789407 -1.6268882293281066 2.8167703317894075 -1.6268882293281066
-0.06007202682000037 5.229669727938272 -1.6050400697800074 2.8296697279382714 -1.6050400697800074
-0.05505539241164043 5.2160815923216655 -1.580264996415163 2.816081592321665 -1.580264996415163
-0.05004153552381903 5.197490765791507 -1.5864569356651987 2.7974907657915065 -1.5864569356651987
-0.04503020187549407 5.197289686878917 -1.601420515852099 2.797289686878917 -1.601420515852099
-0.04002113769519974 5.210138138563288 -1.6046312159876022 2.8101381385632878 -1.6046312159876022
-0.0350140896694664 5.215322418194736 -1.590070331548236 2.8153224181947363 -1.590070331548236
-0.03000880489143913 5.204811891640753 -1.5801207555330208 2.8048118916407527 -1.5801207555330208
-0.02500503080967274 5.193643977129561 -1.5872694525251831 2.7936439771295607 -1.5872694525251831
-0.02000251517707497 5.196417332759344 -1.6003212163625697 2.7964173327593436 -1.6003212163625697
-0.0150010059999822 5.20580421844642 -1.6000933780725608 2.80580421844642 -1.6000933780725608
-0.01000025148734561 5.208092358631008 -1.5930569952038833 2.8080923586310087 -1.5930569952038833
-0.005000000000000051 5.203785738194449 -1.590907765589533 2.803785738194448 -1.590907765589533
0.004999999999999968 5.207748687749492 -1.6019895449202182 2.8077486877494913 -1.6019895449202182
0.01000025148734597 5.214029632101552 -1.5959671564669773 2.8140296321015517 -1.5959671564669773
0.01500100599998233 5.2082739219853105 -1.586734679807025 2.8082739219853106 -1.586734679807025
0.02000251517707488 5.201041515625494 -1.5955098093502766 2.801041515625494 -1.5955098093502766
0.0250050308096731 5.207801313795931 -1.604741999328974 2.8078013137959315 -1.604741999328974
0.03000880489143927 5.212584852983406 -1.597143864229938 2.8125848529834068 -1.597143864229938
0.03501408966946631 5.212729445774736 -1.602721759596747 2.812729445774736 -1.602721759596747
0.0400211376952001 5.221341907096545 -1.6034777649454426 2.821341907096545 -1.6034777649454426
0.04503020187549421 5.227160030413772 -1.5947030851181103 2.827160030413772 -1.5947030851181103
0.05004153552381894 5.227044468211398 -1.5885757551044435 2.827044468211398 -1.5885757551044435
0.05505539241164035 5.22464330194951 -1.5817092203714052 2.8246433019495103 -1.5817092203714052
0.06007202682000051 5.218532964527127 -1.5775463067083098 2.818532964527127 -1.5775463067083098
0.06509169359131227 5.212716906589185 -1.5785003067708907 2.812716906589185 -1.5785003067708907
0.07011464818139967 5.204075262931058 -1.575943895195978 2.804075262931058 -1.575943895195978
0.07514114671180096 5.193635764781451 -1.5901997202439093 2.793635764781451 -1.5901997202439093
0.0801714460223562 5.201797371673697 -1.611877076662592 2.8017973716736977 -1.611877076662592
0.08520580372410955 5.222050869275133 -1.6106221410492183 2.8220508692751327 -1.6106221410492183
0.09024447825254277 5.229330229150825 -1.5971496363163373 2.8293302291508247 -1.5971496363163373
0.095287728921164 5.226524754813408 -1.5933108417012993 2.8265247548134074 -1.5933108417012993
0.1003358159754814 5.2257060206333 -1.590878069640162 2.8257060206333 -1.590878069640162
0.10538900064738 5.226350969523752 -1.590862349717459 2.8263509695237525 -1.590862349717459
0.1104475452099259 5.226999047441223 -1.5840199662847527 2.8269990474412228 -1.5840199662847527
0.115511713032629 5.215796021954107 -1.5760974769240141 2.8157960219541076 -1.5760974769240141
0.1205817686371828 5.202515430222831 -1.5944313423955843 2.8025154302228312 -1.5944313423955843
0.1256579777537084 5.213010246156616 -1.614401950269978 2.813010246156616 -1.614401950269978
0.1307406073775297 5.234118857934971 -1.6131525698877236 2.8341188579349703 -1.6131525698877236
0.1358299258265083 5.2448028251206456 -1.6005539733071545 2.844802825120645 -1.6005539733071545
0.1409262027989575 5.245207853309028 -1.589940330941652 2.8452078533090273 -1.589940330941652
0.1460297094321693 5.241998781933948 -1.5818657233120401 2.841998781933948 -1.5818657233120401
0.1511407183615815 5.235814802885341 -1.576197503085608 2.8358148028853405 -1.576197503085608
0.156259503780608 5.22604609641856 -1.5744343544244588 2.8260460964185605 -1.5744343544244588
0.1613863415011647 5.220304910655069 -1.5882099317434615 2.820304910655069 -1.5882099317434615
0.1665215090149231 5.231170240548573 -1.591794125557054 2.831170240548573 -1.591794125557054
0.1716652855553128 5.236564959358219 -1.5777380283709654 2.8365649593582187 -1.5777380283709654
0.17681795216031 5.22244599130898 -1.5674965909515115 2.82244599130898 -1.5674965909515115
0.1819797917360437 5.202804536753327 -1.57795631750737 2.8028045367533263 -1.57795631750737
0.1871510891212435 5.1954835867152855 -1.5978561837927583 2.795483586715285 -1.5978561837927583
0.1923321311525709 5.201147380767038 -1.6225351697565777 2.801147380767038 -1.6225351697565777
0.1975232067308575 5.224887467921828 -1.6421930767936406 2.824887467921828 -1.6421930767936406
0.2027246068882931 5.256818358908614 -1.6309653865866571 2.8568183589086145 -1.6309653865866571
0.2079366248565914 5.266030535382779 -1.612254871971745 2.8660305353827793 -1.612254871971745
0.2131595561361682 5.2644428825999725 -1.602150693624734 2.864442882599972 -1.602150693624734
0.2183936985663747 5.2654960742975385 -1.5983103442067752 2.865496074297538 -1.5983103442067752
0.2236393523968162 5.269910631941549 -1.5871666772000699 2.8699106319415497 -1.5871666772000699
0.2288968203597951 5.264675533312014 -1.5743021501734644 2.8646755333120133 -1.5743021501734644
0.2341664077439189 5.251430154220938 -1.569069515474414 2.851430154220938 -1.569069515474414
0.2394484224689141 5.240116025227552 -1.5786137966187122 2.8401160252275517 -1.5786137966187122
0.2447431751616794 5.2430632235266454 -1.5860938941607863 2.8430632235266455 -1.5860938941607863
0.2500509792336281 5.247893285189145 -1.5856286385823384 2.847893285189145 -1.5856286385823384
0.2553721509593593 5.246455578531515 -1.581311353737131 2.8464555785315158 -1.581311353737131
0.2607070095566992 5.2406198547053435 -1.590183789089218 2.840619854705344 -1.590183789089218
0.2660558772681596 5.248359042479333 -1.5911651480768183 2.8483590424793332 -1.5911651480768183
0.2714190794438639 5.249809930253866 -1.5938401024598112 2.8498099302538664 -1.5938401024598112
0.2767969446259781 5.257320897200715 -1.5923582794202231 2.857320897200715 -1.5923582794202231
0.282189804634705 5.258906125692456 -1.5783806122585478 2.8589061256924557 -1.5783806122585478
0.2875979946558885 5.243823547299267 -1.5887193594689335 2.8438235472992677 -1.5887193594689335
0.2930218533302762 5.2544636311325705 -1.588911965717713 2.8544636311325706 -1.588911965717713
0.2984617228444971 5.250090237731696 -1.5833518758106715 2.850090237731696 -1.5833518758106715
0.3039179490238104 5.239222550271358 -1.599464731980138 2.839222550271358 -1.599464731980138
0.3093908814266743 5.255142489630536 -1.6129692427838334 2.855142489630537 -1.6129692427838334
0.3148808734411986 5.276023218027365 -1.6088606965096703 2.8760232180273655 -1.6088606965096703
0.3203882823835413 5.285858612765475 -1.5895177927402393 2.8858586127654746 -1.5895177927402393
0.3259134695983027 5.275034551615242 -1.578720844911492 2.8750345516152422 -1.578720844911492
0.3314568005609868 5.2657356092432455 -1.5803506929540614 2.8657356092432456 -1.5803506929540614
0.3370186449825955 5.263423712803922 -1.587604819567406 2.8634237128039217 -1.587604819567406
0.342599376916414 5.2698712649390975 -1.597511920996376 2.8698712649390976 -1.597511920996376
0.3481993748670658 5.288583275318087 -1.5863497336848953 2.8885832753180862 -1.5863497336848953
0.3538190219019016 5.281476194187262 -1.5716337270570815 2.8814761941872624 -1.5716337270570815
0.3594587057647974 5.267734406463306 -1.5820536736703952 2.867734406463306 -1.5820536736703952
0.3651188189924404 5.285100621686833 -1.5823649811386797 2.885100621686833 -1.5823649811386797
0.3707997590331719 5.288482160340166 -1.5647902407727465 2.8884821603401667 -1.5647902407727465
0.3765019283684747 5.271448348043276 -1.5612711954257512 2.8714483480432764 -1.5612711954257512
0.3822257346371889 5.267485704777023 -1.5588127221504438 2.8674857047770237 -1.5588127221504438
0.3879715907625318 5.250125727813077 -1.5633627383317956 2.850125727813077 -1.5633627383317956
0.3937399150820193 5.239121757275692 -1.591338005719615 2.839121757275692 -1.591338005719615
0.3995311314803786 5.2673930071287955 -1.6061241525354013 2.867393007128795 -1.6061241525354013
0.4053456695255391 5.2858910205977505 -1.5983166278474903 2.88589102059775 -1.5983166278474903
0.4111839646078068 5.292165127544061 -1.5821725216326263 2.892165127544061 -1.5821725216326263
0.4170464580823192 5.28176180928228 -1.5697640743889332 2.8817618092822803 -1.5697640743889332
0.4229335974148815 5.262060738637585 -1.583185475963547 2.862060738637585 -1.583185475963547
0.4288458363312944 5.277049881294925 -1.5998739253170402 2.8770498812949246 -1.5998739253170402
0.434783634970286 5.298070602807563 -1.5904673230552082 2.8980706028075636 -1.5904673230552082
0.4407474600401543 5.2904195714699185 -1.5797870768439766 2.890419571469919 -1.5797870768439766
0.4467377849792465 5.284668476276147 -1.5821745169725963 2.884668476276147 -1.5821745169725963
0.4527550901203956 5.284553077259489 -1.5906346685973607 2.8845530772594894 -1.5906346685973607
0.4587998628594356 5.294624925675405 -1.5964995667174404 2.894624925675406 -1.5964995667174404
0.4648725978279327 5.304594675771511 -1.599927053406382 2.904594675771511 -1.599927053406382
0.4709737970702658 5.325821445881648 -1.5904609026138659 2.9258214458816485 -1.5904609026138659
0.4771039702251922 5.326857226178694 -1.5725311217137365 2.9268572261786945 -1.5725311217137365
0.4832636347120512 5.319571570904501 -1.566637093256856 2.919571570904502 -1.566637093256856
0.4894533159217511 5.326627893512446 -1.5549676781474484 2.9266278935124452 -1.5549676781474484
0.4956735474126914 5.305107327705501 -1.5513071897744881 2.9051073277055015 -1.5513071897744881
0.5019248711117933 5.305985982020182 -1.5644828943070337 2.905985982020182 -1.5644828943070337
0.508207837520791 5.3251685146543775 -1.5620971250929332 2.925168514654378 -1.5620971250929332
0.5145230059279664 5.329638070763547 -1.5420141316733977 2.9296380707635477 -1.5420141316733977
0.5208709446255061 5.315855042455526 -1.522948194543934 2.9158550424555267 -1.522948194543934
0.5272522311326588 5.286068104548539 -1.5265465100562399 2.8860681045485386 -1.5265465100562399
0.5336674524248943 5.2861541040189906 -1.5409005069987538 2.886154104018991 -1.5409005069987538
0.5401172051692618 5.28725499206371 -1.5372092657083158 2.8872549920637107 -1.5372092657083158
0.5466020959661492 5.255127703604149 -1.5485298986701324 2.8551277036041496 -1.5485298986701324
0.553122741597665 5.256325598393667 -1.594691136527832 2.856325598393668 -1.594691136527832
0.5596797692828658 5.319877981939688 -1.611933955630363 2.919877981939688 -1.611933955630363
0.5662738169400511 5.343444282623312 -1.5752760532234373 2.9434442826233127 -1.5752760532234373
0.5729055334563811 5.331884512962937 -1.5471798679903142 2.9318845129629367 -1.5471798679903142
0.5795755789650529 5.311960424191403 -1.543074427402157 2.9119604241914026 -1.543074427402157
0.5862846251302993 5.305101667780965 -1.5555276595026648 2.905101667780966 -1.5555276595026648
0.5930333554404833 5.320944289952667 -1.5606192209236167 2.9209442899526676 -1.5606192209236167
0.5998224655095604 5.3214662352000035 -1.5506021696461325 2.9214662352000036 -1.5506021696461325
0.6066526633872037 5.309731185583264 -1.5567109467290272 2.9097311855832633 -1.5567109467290272
0.6135246698778877 5.3391374687029 -1.563978270359551 2.9391374687028993 -1.563978270359551
0.6204392188692555 5.34992959108696 -1.5339915691385448 2.9499295910869603 -1.5339915691385448
0.6273970576700789 5.312376345869945 -1.5230049853428482 2.912376345869945 -1.5230049853428482
0.6343989473581657 5.3297074743041675 -1.5352075097932312 2.9297074743041676 -1.5352075097932312
0.6414456631385582 5.310794967636805 -1.5231036519354189 2.910794967636805 -1.5231036519354189
0.6485379947123886 5.30557439791016 -1.536721452564294 2.9055743979101596 -1.536721452564294
0.6556767466567751 5.312771899330992 -1.5484249251067284 2.9127718993309917 -1.5484249251067284
0.6628627388161606 5.339192835751939 -1.5425370441657076 2.939192835751939 -1.5425370441657076
0.6700968067054921 5.327330285260182 -1.516610087093822 2.9273302852601817 -1.516610087093822
0.6773798019256894 5.312012308555693 -1.5117809917903526 2.9120123085556933 -1.5117809917903526
0.6847125925918336 5.288079432075161 -1.5187012785641336 2.8880794320751617 -1.5187012785641336
0.6920960637745566 5.2818053155965945 -1.5471814019657153 2.881805315596594 -1.5471814019657153
0.6995311179551041 5.317072872043399 -1.5629654215804227 2.9170728720433985 -1.5629654215804227
0.7070186754945865 5.305175071928763 -1.5461693172398876 2.9051750719287632 -1.5461693172398876
0.7145596751179416 5.319655089625299 -1.5605575068867636 2.9196550896252997 -1.5605575068867636
0.7221550744131648 5.313240880587652 -1.5568055274620973 2.913240880587652 -1.5568055274620973
0.7298058503463658 5.329492886950775 -1.5749262172654315 2.9294928869507753 -1.5749262172654315
0.7375129997932669 5.358014174307865 -1.5696076012344753 2.9580141743078654 -1.5696076012344753
0.7452775400877572 5.353730390945831 -1.5543859121896308 2.9537303909458306 -1.5543859121896308
0.753100509588147 5.399802851526874 -1.554229211208685 2.9998028515268738 -1.554229211208685
0.7609829682618187 5.403249908842995 -1.4880964731912878 3.003249908842996 -1.4880964731912878
0.7689259982889687 5.331979283472126 -1.4516423926367297 2.9319792834721268 -1.4516423926367297
0.7769307046861818 5.304588823464357 -1.4886221460267226 2.904588823464357 -1.4886221460267226
0.7849982159506155 5.29887290622551 -1.5073722747762766 2.8988729062255105 -1.5073722747762766
0.793129684725602 5.276233080134549 -1.5257002434063047 2.8762330801345497 -1.5257002434063047
0.8013262884885022 5.299968469202772 -1.5830704256524497 2.899968469202772 -1.5830704256524497
0.8095892302617037 5.388029434479301 -1.5848854453396592 2.988029434479301 -1.5848854453396592
0.8179197393476814 5.37299819518285 -1.4954531059815037 2.972998195182851 -1.4954531059815037
0.826319072089077 5.307618271487141 -1.486686237840255 2.9076182714871406 -1.486686237840255
0.8347885126548115 5.290870112391798 -1.5435017255587864 2.8908701123917977 -1.5435017255587864
0.8433293738532897 5.28983861667264 -1.5840082134822762 2.88983861667264 -1.5840082134822762
0.8519429979737835 5.371526663418262 -1.6518631892804085 2.9715266634182624 -1.6518631892804085
0.8606307576571656 5.478475650180524 -1.5924559379377472 3.0784756501805237 -1.5924559379377472
0.869394056797195 5.437720714159303 -1.4785795891244689 3.0377207141593026 -1.4785795891244689
0.8782343314736156 5.40679203544956 -1.4753133721222815 3.0067920354495596 -1.4753133721222815
0.8871530509183996 5.359271239659124 -1.4594367839467701 2.959271239659124 -1.4594367839467701
0.8961517185165282 5.331999688862532 -1.5024975047176525 2.931999688862532 -1.5024975047176525
0.9052318728427539 5.371466070408713 -1.5474899511971532 2.971466070408714 -1.5474899511971532
0.9143950887358864 5.394578211021523 -1.5144374510902598 2.9945782110215227 -1.5144374510902598
0.923642978412185 5.377070116306994 -1.5006955830420983 2.9770701163069946 -1.5006955830420983
0.9329771926195572 5.3817488348309315 -1.52969309859804 2.981748834830932 -1.52969309859804
0.9423994218343089 5.425658341100973 -1.5392153861703002 3.025658341100973 -1.5392153861703002
0.9519113975022995 5.473510591675356 -1.4948799084098716 3.073510591675356 -1.4948799084098716
0.9615148933264528 5.425264400211978 -1.4150521647651038 3.025264400211978 -1.4150521647651038
0.971211726602654 5.4054570062254665 -1.4460890196970149 3.005457006225467 -1.4460890196970149
0.9810037596061753 5.3940538016370505 -1.423614819820729 2.994053801637051 -1.423614819820729
0.9908929010308823 5.385103565174257 -1.426586204736457 2.9851035651742563 -1.426586204736457
1.000881107483597 5.339160370540848 -1.400505524052712 2.939160370540848 -1.400505524052712
1.01097038503609 5.322640842272848 -1.4713442536571402 2.922640842272848 -1.4713442536571402
1.02116279083733 5.334927369635951 -1.478217592951081 2.9349273696359504 -1.478217592951081
1.031460434788744 5.357254378421956 -1.5174439887022473 2.9572543784219567 -1.5174439887022473
1.04186548128539 5.394683574266727 -1.511832904075573 2.994683574266727 -1.511832904075573
1.052380151026074 5.431896924733731 -1.5034819548074434 3.031896924733731 -1.5034819548074434
1.063006722895663 5.465707263152019 -1.4568724110224884 3.065707263152019 -1.4568724110224884
1.073747535922947 5.418197178640781 -1.3754214428478124 3.0181971786407815 -1.3754214428478124
1.084604991317633 5.371829540775091 -1.4188424151290429 2.971829540775091 -1.4188424151290429
1.095581554590243 5.367787387838037 -1.4275614859267602 2.967787387838037 -1.4275614859267602
1.106679757758872 5.379037357359707 -1.4566284574035584 2.9790373573597067 -1.4566284574035584
1.117902201646994 5.393006418096688 -1.436216075609432 2.9930064180966873 -1.436216075609432
1.129251558276759 5.393125008601002 -1.441937246736703 2.9931250086010026 -1.441937246736703
1.140730573362412 5.398552112122124 -1.4306216335882402 2.9985521121221237 -1.4306216335882402
1.152342068908792 5.37921195718622 -1.4212552841657093 2.9792119571862203 -1.4212552841657093
1.164088945920123 5.420379553176447 -1.4958313674583072 3.020379553176447 -1.4958313674583072
1.175974187224572 5.44211110745816 -1.3659540971281827 3.04211110745816 -1.3659540971281827
1.188000860420428 5.371401009422135 -1.40116657189257 2.9714010094221353 -1.40116657189257
1.200172120950045 5.413062583123139 -1.4690987762804613 3.013062583123139 -1.4690987762804613
1.212491215308082 5.45031918197608 -1.3662810554740916 3.05031918197608 -1.3662810554740916
1.22496148439092 5.392541594359843 -1.360553127909627 2.992541594359843 -1.360553127909627
1.237586366994588 5.351408547032185 -1.375575480413264 2.9514085470321856 -1.375575480413264
1.250369403468921 5.363995237563289 -1.4899851230148289 2.9639952375632888 -1.4899851230148289
1.263314239536188 5.474277680511122 -1.4437159585492352 3.0742776805111216 -1.4437159585492352
1.276424630282862 5.478740682862161 -1.3661821346445413 3.078740682862161 -1.3661821346445413
1.289704444333805 5.458309008205576 -1.3582433766634758 3.058309008205576 -1.3582433766634758
1.303157668218649 5.438552319097489 -1.292106308134694 3.0385523190974895 -1.292106308134694
1.316788410940794 5.380434927732504 -1.3467261065535094 2.980434927732504 -1.3467261065535094
1.330600908760078 5.401490471907195 -1.3293995155535248 3.001490471907195 -1.3293995155535248
1.344599530200891 5.388485447917913 -1.381783836837357 2.988485447917913 -1.381783836837357
1.358788781298218 5.451906869261473 -1.3562418017849442 3.0519068692614733 -1.3562418017849442
1.373173311094916 5.449176102589636 -1.2890807511599203 3.049176102589636 -1.2890807511599203
1.387757917404398 5.404776742518189 -1.2967863477291186 3.004776742518189 -1.2967863477291186
1.402547552853775 5.404697565710015 -1.270820657853383 3.004697565710016 -1.270820657853383
1.417547331223529 5.354841179839427 -1.2686435070528745 2.954841179839427 -1.2686435070528745
1.432762534100853 5.3319544022649685 -1.3709473300277843 2.931954402264969 -1.3709473300277843
1.448198617864901 5.440051746122885 -1.309026736669112 3.040051746122885 -1.309026736669112
1.463861221023439 5.393334483745556 -1.2821571338878928 2.9933344837455564 -1.2821571338878928
1.479756171921723 5.373513376227148 -1.296314483358941 2.9735133762271486 -1.296314483358941
1.495889496845789 5.390114098340772 -1.3379762596664586 2.9901140983407712 -1.3379762596664586
1.512267428543952 5.462481081277636 -1.288941340576269 3.062481081277636 -1.288941340576269
1.528896415191898 5.446001969003715 -1.2086709617047682 3.046001969003715 -1.2086709617047682
1.545783129828541 5.3665379479448205 -1.1976185672304538 2.966537947944821 -1.1976185672304538
1.562934480291789 5.331521750701058 -1.243311132885639 2.9315217507010587 -1.243311132885639
1.580357619685342 5.364809792739734 -1.271819718648176 2.964809792739733 -1.271819718648176
1.598059957409986 5.395670366102349 -1.2355525602423938 2.99567036610235 -1.2355525602423938
1.616049170795221 5.356374336156696 -1.2687929732750498 2.9563743361566956 -1.2687929732750498
1.634333217369667 5.451374063971756 -1.2240251931031643 3.0513740639717564 -1.2240251931031643
1.652920347811602 5.41997744331861 -1.1408458298009643 3.0199774433186097 -1.1408458298009643
1.671819119624006 5.3338461309365455 -1.1220602396281023 2.933846130936545 -1.1220602396281023
1.691038411581847 5.283245056181934 -1.1859493786581643 2.8832450561819343 -1.1859493786581643
1.710587439002987 5.365831172672555 -1.1766272289438073 2.9658311726725555 -1.1766272289438073
1.730475769898036 5.306974011686956 -1.1460865954655384 2.9069740116869562 -1.1460865954655384
1.750713342058708 5.28604813202144 -1.187998389287762 2.8860481320214406 -1.187998389287762
1.771310481148987 5.357285770769866 -1.1735134513407317 2.957285770769866 -1.1735134513407317
1.792277919868425 5.336414615720372 -1.0969940452615372 2.9364146157203725 -1.0969940452615372
1.813626818262429 5.20997560139886 -1.1044835687006078 2.8099756013988597 -1.1044835687006078
1.835368785260465 5.2195509105657445 -1.2271944863216913 2.8195509105657446 -1.2271944863216913
1.857515901529695 5.384352904750018 -1.1890642302045868 2.9843529047500184 -1.1890642302045868
1.880080743738695 5.321365611719019 -1.0917816156090703 2.921365611719019 -1.0917816156090703
1.903076410333882 5.2963561520576645 -1.0482419965149337 2.8963561520576646 -1.0482419965149337
1.926516548939787 5.121979029667386 -1.08598433708651 2.7219790296673865 -1.08598433708651
1.950415385503826 5.294748180397881 -1.1760190153167798 2.8947481803978805 -1.1760190153167798
1.974787755316548 5.2454666339234395 -1.0984050051023944 2.845466633923439 -1.0984050051023944
1.99964913604968 5.278571604389835 -1.0673734481611643 2.8785716043898355 -1.0673734481611643
2.025015682966775 5.107705322138695 -1.05653977710252 2.707705322138696 -1.05653977710252
2.050904266475056 5.241229902846934 -1.168080708640773 2.8412299028469334 -1.168080708640773
2.077332512202038 5.233866559067236 -1.09891920368695 2.8338665590672356 -1.09891920368695
2.104318843797275 5.26055654222147 -1.0660535885106515 2.8605565422214694 -1.0660535885106515
2.131882528677898 5.2074274892041705 -0.9993148112612308 2.807427489204171 -0.9993148112612308
2.160043726956899 5.1076794817733795 -1.0102639417610983 2.707679481773379 -1.0102639417610983
2.188823543815518 5.124273138898371 -1.104875989962991 2.7242731388983703 -1.104875989962991
2.218244085606003 5.257214432866777 -1.0702461381769748 2.857214432866777 -1.0702461381769748
2.248328519998398 5.1496521935743536 -0.9316149616472683 2.749652193574354 -0.9316149616472683
2.279101140515615 5.066832921452364 -0.974916191121222 2.6668329214523636 -0.974916191121222
2.310587435834983 5.104291535212433 -1.0105996723912882 2.704291535212433 -1.0105996723912882
2.342814164271995 5.038372915465686 -0.9564371956277757 2.638372915465686 -0.9564371956277757
2.375809433904205 4.9903495008639025 -1.0148860885041706 2.590349500863902 -1.0148860885041706
2.409602788839831 5.079954427399305 -1.047548939222203 2.6799544273993057 -1.047548939222203
2.444225302188005 5.018829229867271 -0.9511173838492823 2.618829229867271 -0.9511173838492823
2.479709676346002 4.997047634726201 -0.9767218924116231 2.5970476347262013 -0.9767218924116231
2.516090351284284 4.946310244010906 -0.9588987147430327 2.5463102440109058 -0.9588987147430327
2.553403621583412 4.9264022979198945 -0.9964952322451169 2.526402297919894 -0.9964952322451169
2.591687763059467 4.944848356549241 -1.0029771995061607 2.5448483565492417 -1.0029771995061607
2.630983169907057 4.926045690870083 -0.9634224323875767 2.526045690870083 -0.9634224323875767
2.671332503393482 4.869421689073068 -0.9534313149599599 2.4694216890730685 -0.9534313149599599
2.712780853255288 4.8802161266888335 -0.9824947317865379 2.480216126688833 -0.9824947317865379
2.755375913081506 4.837188136969218 -0.9303307351368355 2.437188136969218 -0.9303307351368355
2.799168171118328 4.7935754221899485 -0.9423883885551656 2.393575422189948 -0.9423883885551656
2.844211118100896 4.756481253578668 -0.9448186208754028 2.3564812535786688 -0.9448186208754028
2.890561473911588 4.724257979575229 -0.9526278161262295 2.3242579795752283 -0.9526278161262295
2.938279435084994 4.687983712869356 -0.9548602370183474 2.287983712869356 -0.9548602370183474
2.987428945431348 4.656236083006783 -0.9633348062462945 2.2562360830067822 -0.9633348062462945
3.03807799233756 4.612942686177449 -0.9631650004456842 2.212942686177449 -0.9631650004456842
3.090298931633904 4.576312973938152 -0.9807543603808334 2.1763129739381517 -0.9807543603808334
3.144168844291917 4.542326911460912 -0.9869917179968837 2.1423269114609127 -0.9869917179968837
3.199769928652491 4.498431204402992 -0.989928551808994 2.098431204402992 -0.989928551808994
3.257189932382928 4.448176111145269 -1.0007242436536778 2.0481761111452697 -1.0007242436536778
3.316522628938477 4.397476738394294 -1.018047339972517 1.9974767383942948 -1.018047339972517
3.377868343971226 4.3472357708421425 -1.0378140958813586 1.9472357708421422 -1.0378140958813586
3.441334537903732 4.2938992827075335 -1.05821047697016 1.893899282707534 -1.05821047697016
3.507036451785128 4.237259606894729 -1.0824844188999083 1.8372596068947287 -1.0824844188999083
3.575097824597342 4.17012555747985 -1.111260763227164 1.77012555747985 -1.111260763227164
3.645651691406517 4.12195137546288 -1.1590093774400214 1.7219513754628792 -1.1590093774400214
3.718841273193661 4.047311989542426 -1.1762622185320009 1.647311989542426 -1.1762622185320009
3.794820970889963 3.973790195037097 -1.2408706625321626 1.5737901950370974 -1.2408706625321626
3.873757478137244 3.917790891743528 -1.299353307639036 1.5177908917435277 -1.299353307639036
3.955831029653008 3.842979519458434 -1.3439683343533533 1.4429795194584338 -1.3439683343533533
4.041236804879298 3.7602148012525607 -1.4148590935462793 1.3602148012525603 -1.4148590935462793
4.13018650992749 3.6703359300404568 -1.495793849251217 1.2703359300404564 -1.495793849251217
4.222910164812808 3.589849624897453 -1.6023749562971406 1.1898496248974526 -1.6023749562971406
4.319658127746227 3.497724769430339 -1.7099279976671897 1.0977247694303385 -1.7099279976671897
4.420703393996887 3.428547133752362 -1.8560319936588106 1.0285471337523617 -1.8560319936588106
4.526344213778938 3.3351002830359295 -1.9860635485749103 0.9351002830359292 -1.9860635485749103
4.636907082037216 3.2607798457262422 -2.1811689776121947 0.8607798457262419 -2.1811689776121947
4.752750163264186 3.1960830913076252 -2.3787064492822156 0.7960830913076249 -2.3787064492822156
4.874267227033051 3.14672108892558 -2.612096634223144 0.7467210889255798 -2.612096634223144
5.00189218536385 3.102788710410083 -2.875464955747985 0.7027887104100827 -2.875464955747985
5.136104342104078 3.122432286700021 -3.1928190830971555 0.7224322867000206 -3.1928190830971555
5.277434488177208 3.150561425051751 -3.5152362351743567 0.7505614250517505 -3.5152362351743567
5.426472006104844 3.278902328696419 -3.906762229415531 0.8789023286964186 -3.906762229415531
5.583873184308421 3.4803363944053665 -4.2760245520597575 1.080336394405366 -4.2760245520597575
5.750370988549688 3.7723103434869847 -4.632787416752968 1.3723103434869843 -4.632787416752968
5.926786597410238 4.124651782140478 -4.950431247103871 1.7246517821404774 -4.950431247103871
6.114043084875222 4.569150540730728 -5.233877884153805 2.169150540730728 -5.233877884153805
6.313181731196443 5.113757381957271 -5.416829098498528 2.7137573819572705 -5.416829098498528
6.525381570524497 5.6711096370684695 -5.462454072516403 3.271109637068469 -5.462454072516403
6.751982950306783 6.191446661708814 -5.429277809870677 3.7914466617088136 -5.429277809870677
6.994516097029167 6.743442270506696 -5.314330243235926 4.343442270506696 -5.314330243235926
7.254735975022012 7.247749546330255 -5.090778329143367 4.847749546330254 -5.090778329143367
7.53466511741108 7.69583585978765 -4.788206289592792 5.295835859787649 -4.788206289592792
7.836646640587229 8.059191958482018 -4.432654795917021 5.659191958482018 -4.432654795917021
8.163410383531929 8.339281380045225 -4.077229262854655 5.939281380045226 -4.077229262854655
8.518156126042216 8.64466735262289 -3.6923734958523045 6.244667352622889 -3.6923734958523045
8.904659262506966 8.795120593873696 -3.2618619660652257 6.3951205938736955 -3.2618619660652257
9.327406333425754 8.980982609750592 -2.883293847131664 6.580982609750592 -2.883293847131664
9.791770743284625 9.086984862247917 -2.4345396619085604 6.6869848622479156 -2.4345396619085604
10.30424328906184 9.167135315355655 -2.003141622760857 6.767135315355655 -2.003141622760857
10.87273853939115 9.14941040636269 -1.5147416712167445 6.749410406362691 -1.5147416712167445
11.5070078703397 9.060880922640298 -1.1045024665624668 6.660880922640297 -1.1045024665624668
12.21920514335652 8.921696788777016 -0.7157870834920124 6.521696788777015 -0.7157870834920124
13.024675157555 8.714117299595337 -0.3853594888332244 6.314117299595336 -0.3853594888332244
13.9430744211685 8.484236293104107 -0.17847608735342052 6.084236293104108 -0.17847608735342052
14.99999999999985 8.223271872756474 -0.030346958881230745 5.823271872756474 -0.030346958881230745
