-15.0 4.448621294992594 -0.26835317441773826 1.928496892000493 -0.05554744074687871
-14.97 4.4465186254072915 -0.2694243797915 1.9263705143582164 -0.05600626575700356
-14.94 4.444408417317254 -0.2704986902029471 1.9242329066836996 -0.05646866828934413
-14.91 4.442290645628613 -0.27157616519613187 1.922083985229642 -0.056934689407164285
-14.88 4.4401652847183115 -0.27265686495677355 1.9199236653871212 -0.057404370832724615
-14.85 4.438032308433809 -0.2737408503166813 1.9177518616744447 -0.05787775495854045
-14.82 4.435891690092857 -0.2748281827584923 1.9155684877257748 -0.05835488485876736
-14.79 4.43374340248317 -0.27591892442055516 1.9133734562794777 -0.05883580430089984
-14.76 4.431587417862269 -0.2770131381020685 1.9111666791666089 -0.05932055775769734
-14.73 4.429423707957311 -0.2781108872683857 1.9089480672985961 -0.05980919041928126
-14.7 4.42725224396482 -0.2792122360566179 1.9067175306556812 -0.06030174820553387
-14.67 4.425072996550572 -0.2803172492813333 1.9044749782743908 -0.06079827777871159
-14.64 4.422885935849488 -0.2814259924406184 1.9022203182351949 -0.06129882655638104
-14.61 4.4206910314654335 -0.2825385317222551 1.899953457650113 -0.06180344272446497
-14.58 4.418488252471087 -0.28365493401017583 1.8976743026496035 -0.06231217525076809
-14.55 4.416277567407944 -0.28477526689114396 1.8953827583703493 -0.06282507389863491
-14.52 4.4140589442861 -0.28589959866164244 1.8930787289413917 -0.06334218924089968
-14.49 4.411832350584236 -0.2870279983349616 1.8907621174712799 -0.06386357267408782
-14.46 4.409597753249521 -0.2881605356486751 1.8884328260346428 -0.06438927643310714
-14.43 4.407355118697513 -0.28929728107213165 1.8860907556585422 -0.06491935360599148
-14.4 4.405104412812152 -0.29043830581435287 1.883735806308239 -0.0654538581490942
-14.37 4.40284560094565 -0.2915836818321146 1.881367876873965 -0.06599284490256468
-14.34 4.400578647918507 -0.2927334818382621 1.8789868651559907 -0.06653636960619204
-14.31 4.398303518019375 -0.2938877793102651 1.8765926678504026 -0.06708448891541383
-14.28 4.396020175005113 -0.29504664849906803 1.8741851805347682 -0.06763726041796007
-14.25 4.393728582100638 -0.29621016443814796 1.8717642976530535 -0.06819474265052732
-14.22 4.391428701998979 -0.29737840295282425 1.869329912500672 -0.06875699511604641
-14.19 4.3891204968612145 -0.2985514406698727 1.8668819172091222 -0.06932407830122538
-14.16 4.386803928316402 -0.2997293550273549 1.86442020273077 -0.06989605369434092
-14.13 4.384478957461605 -0.3009122242846484 1.8619446588230772 -0.07047298380380425
-14.1 4.3821455448618 -0.3021001275329487 1.8594551740325649 -0.07105493217648493
-14.07 4.379803650549885 -0.30329314470578095 1.856951635679072 -0.07164196341714119
-14.04 4.377453234026646 -0.3044913565899379 1.8544339298389372 -0.07223414320773547
-14.01 4.3750942542607 -0.30569484483668885 1.8519019413287672 -0.07283153832747224
-13.98 4.3727266696885225 -0.3069036919731973 1.8493555536886288 -0.07343421667303716
-13.95 4.370350438214337 -0.30811798141423136 1.8467946491647784 -0.07404224727953018
-13.92 4.367965517210135 -0.3093377974742672 1.8442191086926396 -0.0746557003416273
-13.89 4.3655718635157 -0.31056322537963843 1.8416288118791444 -0.07527464723539501
-13.86 4.363169433438451 -0.3117943512812928 1.839023636984959 -0.07589916054040023
-13.83 4.3607581827535356 -0.31303126226756195 1.8364034609065665 -0.07652931406247145
-13.8 4.358338066703771 -0.31427404637736805 1.8337681591577013 -0.07716518285686834
-13.77 4.355909039999578 -0.3155227926137237 1.8311176058513103 -0.07780684325203435
-13.74 4.353471056819053 -0.31677759095748653 1.828451673680299 -0.07845437287375367
-13.71 4.351024070807903 -0.31803853238148344 1.8257702338985422 -0.07910785066987261
-13.68 4.348568035079462 -0.3193057088648924 1.8230731563018727 -0.07976735693589553
-13.65 4.346102902214602 -0.3205792134079527 1.8203603092080716 -0.08043297334059202
-13.620000000000001 4.343628624261896 -0.3218591400470451 1.8176315594372245 -0.0811047829526495
-13.59 4.341145152737529 -0.32314558387001785 1.8148867722914273 -0.08178287026764552
-13.56 4.338652438625326 -0.3244386410318885 1.8121258115343442 -0.08246732123576157
-13.53 4.336150432376837 -0.3257384087708769 1.809348539370644 -0.08315822329020466
-13.5 4.33363908391131 -0.3270449854248364 1.8065548164247667 -0.08385566537599404
-13.47 4.331118342615846 -0.32835847044782446 1.8037445017195917 -0.08455973797973264
-13.44 4.328588157345328 -0.32967896442730127 1.8009174526549443 -0.08527053315978815
-13.41 4.326048476422712 -0.33100656910144516 1.7980735249855595 -0.0859881445773728
-13.38 4.323499247638937 -0.3323413873770134 1.7952125727987052 -0.08671266752819055
-13.35 4.320940418253203 -0.33368352334735474 1.7923344484920358 -0.0874441989749236
-13.32 4.318371934993037 -0.3350330823110886 1.7894390027503086 -0.08818283758031054
-13.29 4.315793744054501 -0.33639017079077005 1.786526084522237 -0.08892868374122004
-13.26 4.3132057911023995 -0.33775489655237256 1.783595540997184 -0.08968183962344958
-13.23 4.310608021270489 -0.3391273686247494 1.7806472175811514 -0.0904424091969891
-13.2 4.308000379161754 -0.3405076973198143 1.7776809578726196 -0.09121049827272308
-13.17 4.305382808848766 -0.3418959942528639 1.7746966036379224 -0.09198621453950806
-13.14 4.3027552538738565 -0.3432923723635564 1.7716939947865913 -0.0927696676022438
-13.11 4.300117657249667 -0.34469694593703254 1.7686729693460004 -0.09356096902106821
-13.08 4.297469961459495 -0.34610983062569123 1.7656333634357813 -0.09436023235111234
-13.05 4.294812108457695 -0.3475311434712422 1.7625750112421077 -0.09516757318338637
-13.02 4.292144039670322 -0.34896100292727716 1.7594977449910716 -0.09598310918671756
-12.99 4.289465695995601 -0.35039952888219206 1.7564013949223898 -0.09680696015057032
-12.96 4.286777017804552 -0.35184684268269967 1.753285789262275 -0.09763924802883298
-12.93 4.284077944941735 -0.3533030671575971 1.7501507541960484 -0.09848009698488923
-12.9 4.281368416725932 -0.3547683266422048 1.7469961138403285 -0.09932963343738402
-12.870000000000001 4.278648371950973 -0.356242747003154 1.7438216902151016 -0.10018798610752454
-12.84 4.275917748886665 -0.35772645566363187 1.740627303215045 -0.10105528606745487
-12.81 4.273176485279684 -0.3592195816292275 1.73741277058084 -0.10193166678908391
-12.780000000000001 4.270424518354697 -0.36072225551415454 1.7341779078695954 -0.10281726419539153
-12.75 4.26766178481542 -0.362234609568098 1.7309225284255483 -0.10371221671184665
-12.72 4.2648882208459264 -0.3637567777034537 1.7276464433498093 -0.10461666531964851
-12.69 4.262103762111823 -0.36528889552318944 1.7243494614698252 -0.10553075361000754
-12.66 4.259308343761875 -0.36683110034916006 1.721031389308771 -0.10645462784019087
-12.629999999999999 4.256501900429325 -0.36838353125104967 1.71769203105415 -0.10738843699019215
-12.6 4.2536843662336725 -0.36994632907579333 1.7143311885260166 -0.10833233282168303
-12.57 4.2508556747824064 -0.3715196364776128 1.7109486611453288 -0.10928646993769357
-12.54 4.248015759172853 -0.3731035979485875 1.707544245900916 -0.11025100584416454
-12.51 4.2451645519941925 -0.37469835984983796 1.7041177373170102 -0.11122610101295516
-12.48 4.242301985329725 -0.3763040704432906 1.7006689274197342 -0.11221191894635753
-12.45 4.239427990758995 -0.37792087992407786 1.6971976057035434 -0.11320862624328468
-12.42 4.2365424993604 -0.37954894045350046 1.6937035590967549 -0.11421639266717544
-12.39 4.2336454417137945 -0.3811884061926422 1.690186571927482 -0.11523539121534526
-12.36 4.2307367479031655 -0.3828394333367476 1.68664642588812 -0.11626579819048855
-12.33 4.227816347519712 -0.384502180149963 1.6830829000004415 -0.1173077932735187
-12.3 4.224884169664932 -0.3861768070011225 1.6794957705793623 -0.11836155959888325
-12.27 4.221940142954052 -0.387863476399864 1.6758848111969282 -0.11942728383109294
-12.24 4.21898419551946 -0.38956235303369746 1.6722497926457205 -0.12050515624349971
-12.21 4.216016255014549 -0.3912736038056397 1.668590482901401 -0.1215953707994821
-12.18 4.213036248617666 -0.39299739787263255 1.6649066470856582 -0.12269812523503401
-12.15 4.210044103036362 -0.3947339066846269 1.6611980474279333 -0.12381362114372864
-12.120000000000001 4.207039744511843 -0.39648330402457815 1.6574644432272878 -0.12494206406429938
-12.09 4.204023098823634 -0.3982457660489279 1.6537055908135692 -0.1260836635697252
-12.06 4.200994091294678 -0.40002147132921806 1.6499212435082642 -0.12723863335926575
-12.030000000000001 4.197952646796444 -0.4018106008941924 1.6461111515848392 -0.12840719135252096
-12.0 4.194898689754666 -0.4036133382728878 1.6422750622290456 -0.1295895597859939
-11.97 4.191832144155012 -0.40542986953851834 1.6384127194982154 -0.13078596531252656
-11.94 4.188752933549371 -0.4072603833531698 1.634523864280565 -0.13199663910268927
-11.91 4.185660981062304 -0.40910507101337906 1.630608234254347 -0.13322181694932878
-11.879999999999999 4.182556209397911 -0.4109641264966123 1.6266655638460072 -0.1344617393749562
-11.85 4.1794385408470225 -0.412837746508621 1.6226955841883237 -0.13571665174137484
-11.82 4.176307897294777 -0.414726130531724 1.6186980230783785 -0.13698680436286498
-11.79 4.1731642002285465 -0.4166294808740251 1.614672604934566 -0.13827245262195542
-11.76 4.1700073707463785 -0.41854800271958276 1.610619050754167 -0.13957385708842623
-11.73 4.16683732956574 -0.4204819041795485 1.6065370780696284 -0.14089128364165315
-11.7 4.1636539970327275 -0.422431396344316 1.6024264009051548 -0.14222500359569015
-11.67 4.160457293131798 -0.424396693336693 1.5982867297328212 -0.14357529382848952
-11.64 4.157247137495931 -0.4263780123660598 1.5941177714284391 -0.14494243691378172
-11.61 4.154023449417261 -0.42837557378369046 1.5899192292270037 -0.1463267212572253
-11.58 4.1507861478582395 -0.43038960113899455 1.5856908026779575 -0.14772844123579412
-11.55 4.147535151463453 -0.4324203212370243 1.581432187600659 -0.14914789734094197
-11.52 4.144270378571711 -0.43446796419702616 1.577143076038742 -0.15058539632605356
-11.49 4.140991747229072 -0.4365327635121435 1.5728231562151853 -0.1520412513574402
-11.46 4.137699175202232 -0.4386149561102693 1.5684721124864525 -0.15351578216981066
-11.43 4.134392579992603 -0.44071478241619205 1.5640896252972691 -0.15500931522579747
-11.4 4.131071878851013 -0.4428324864148978 1.5596753711348152 -0.15652218387994035
-11.370000000000001 4.1277369887932345 -0.4449683157160496 1.5552290224828065 -0.1580547285472072
-11.34 4.124387826616001 -0.44712252161987 1.5507502477757518 -0.15960729687617262
-11.31 4.121024308913915 -0.44929535918431174 1.546238711353125 -0.16118024392688074
-11.280000000000001 4.117646352097096 -0.45148708729343584 1.5416940734134914 -0.16277393235389945
-11.25 4.114253872409484 -0.453697968727259 1.5371159899690623 -0.16438873259411407
-11.22 4.110846785948235 -0.4559282702329699 1.5325041127994572 -0.16602502306012606
-11.19 4.107425008683671 -0.4581782625975234 1.5278580894071263 -0.16768319033878026
-11.16 4.103988456480325 -0.4604482207216772 1.5231775629716036 -0.16936362939537172
-11.13 4.100537045118922 -0.46273842369554163 1.5184621723045377 -0.1710667437837256
-11.1 4.097070690319067 -0.46504915487562437 1.5137115518049846 -0.17279294586197314
-11.07 4.093589307763246 -0.46738070196337766 1.5089253314157602 -0.1745426570145034
-11.04 4.0900928131217675 -0.46973335708525865 1.5041031365790296 -0.17631630788028432
-11.01 4.086581122078527 -0.4721074168746324 1.499244588193049 -0.17811433858771092
-10.98 4.083054150358345 -0.47450318255497537 1.4943493025699626 -0.17993719899577001
-10.95 4.079511813755053 -0.4769209600249377 1.4894168913932568 -0.1817853489426705
-10.92 4.075954028161016 -0.4793610599451757 1.4844469616769533 -0.18365925850104256
-10.89 4.072380709597814 -0.4818237978267031 1.4794391157247815 -0.18555940824089484
-10.86 4.068791774248281 -0.4843094941211577 1.4743929510909117 -0.18748628949979446
-10.83 4.065187138489824 -0.48681847431287856 1.469308060541687 -0.1894404046609648
-10.8 4.061566718929232 -0.4893510690127647 1.4641840320177009 -0.191422267439611
-10.77 4.057930432438795 -0.4919076140540949 1.459020448598436 -0.19343240317709817
-10.74 4.0542781961941055 -0.4944884505901844 1.453816888467244 -0.19547134914406628
-10.71 4.05060992771328 -0.49709392519406587 1.4485729248779426 -0.19753965485223088
-10.68 4.046925544897951 -0.49972438996014906 1.4432881261238633 -0.199637882375128
-10.65 4.043224966075768 -0.5023802026079087 1.4379620555072639 -0.20176660667850554
-10.620000000000001 4.039508110044852 -0.505061726587638 1.4325942713122597 -0.203926415960138
-10.59 4.035774896119868 -0.5077693311884739 1.4271843267783089 -0.20611791199974294
-10.56 4.032025244180172 -0.510503391648336 1.4217317700772618 -0.20834171051914743
-10.530000000000001 4.028259074719736 -0.5132642892662935 1.4162361442919265 -0.21059844155311921
-10.5 4.024476308899345 -0.5160524115170416 1.4106969873977695 -0.21288874983101228
-10.469999999999999 4.020676868600595 -0.5188681521678262 1.4051138322470904 -0.2152132951698736
-10.440000000000001 4.016860676482446 -0.5217119113974945 1.3994862065565754 -0.21757275287904873
-10.41 4.0130276560396645 -0.5245840959182626 1.393813632897892 -0.21996781417699285
-10.379999999999999 4.009177731663959 -0.5274851190994803 1.388095628691831 -0.2223991866201689
-10.350000000000001 4.005310828707394 -0.5304154010943077 1.3823317062061995 -0.22486759454513217
-10.32 4.001426873548362 -0.5333753689686259 1.3765213725577552 -0.22737377952345433
-10.29 3.9975257936602837 -0.5363654568326861 1.3706641297186284 -0.22991850083048748
-10.26 3.9936075176828805 -0.5393861059753079 1.364759474526898 -0.23250253592811804
-10.23 3.989671975496522 -0.5424377650007772 1.3588068987027198 -0.2351266809618778
-10.2 3.9857190982993327 -0.5455208899684596 1.352805888869196 -0.23779175127324365
-10.17 3.9817488186874526 -0.5486359445352306 1.3467559265789184 -0.2404985819270585
-10.14 3.9777610707384703 -0.551783400100655 1.340656488347272 -0.24324802825523048
-10.11 3.9737557900981058 -0.5549637359551235 1.3345070456906747 -0.246040966416395
-10.08 3.969732914070496 -0.5581774394308366 1.328307065173294 -0.24887829397302044
-10.05 3.9656923817117624 -0.561425006055873 1.3220560084598327 -0.25176093048534626
-10.02 3.9616341339274737 -0.5647069397111714 1.315753332376684 -0.2546898181239252
-9.99 3.9575581135739437 -0.5680237527906594 1.3093984889808339 -0.2576659223004629
-9.96 3.9534642655633596 -0.5713759663645563 1.3029909256386203 -0.2606902323177262
-9.93 3.949352536973157 -0.5747641103457587 1.2965300851119768 -0.26376376203938107
-9.9 3.9452228771597406 -0.578188723659505 1.2900154056567281 -0.2668875505801989
-9.870000000000001 3.9410752378764204 -0.5816503544164608 1.2834463211297376 -0.2700626630171619
-9.84 3.9369095733962425 -0.5851495600888835 1.2768222611085758 -0.27329019112217595
-9.81 3.9327258406394554 -0.5886869076904341 1.2701426510217013 -0.27657125411756234
-9.780000000000001 3.9285239993058454 -0.5922629739593477 1.2634069122931821 -0.2799069994538668
-9.75 3.9243040120126 -0.5958783455449495 1.2566144624988222 -0.2832986036120299
-9.72 3.9200658444371532 -0.5995336191979899 1.2497647155383538 -0.28674727292965796
-9.690000000000001 3.9158094654657214 -0.6032294019644359 1.2428570818215627 -0.29025424445266906
-9.66 3.9115348473477827 -0.6069663113827705 1.2358909684711028 -0.2938207868128103
-9.629999999999999 3.90724196585626 -0.6107449756852648 1.228865779542236 -0.2974482011321307
-9.600000000000001 3.902930800454146 -0.6145660340027778 1.2217809162606432 -0.30113782195466504
-9.57 3.898601334467445 -0.6184301365734478 1.2146357772796015 -0.30489101820705494
-9.54 3.8942535552650552 -0.6223379449550975 1.207429758957515 -0.3087091941877408
-9.51 3.8898874544452444 -0.6262901322416177 1.2001622556562443 -0.31259379058676723
-9.48 3.8855030280296408 -0.6302873832833045 1.1928326600640813 -0.3165462855365536
-9.45 3.8811002766647205 -0.6343303949108549 1.1854403635410744 -0.32056819569432765
-9.42 3.8766792058308157 -0.6384198761637502 1.177984756491404 -0.3246610773572851
-9.39 3.8722398260594977 -0.6425565485223699 1.1704652287620014 -0.32882652761189635
-9.36 3.867782153159233 -0.6467411461441783 1.162881170070853 -0.3330661855176648
-9.33 3.863306208449715 -0.6509744161041103 1.1552319704657963 -0.3373817333265072
-9.3 3.8588120190052866 -0.6552571186389222 1.1475170208144636 -0.34177489773873615
-9.27 3.854299617907686 -0.6595900273957434 1.1397357133304578 -0.3462474511971833
-9.24 3.849769044508602 -0.6639739296846945 1.131887442134352 -0.3508012132191976
-9.21 3.845220344702356 -0.668409626735622 1.1239716038536338 -0.3554380517690045
-9.18 3.8406535712088727 -0.6728979339591481 1.1159875982630636 -0.3601598846705098
-9.15 3.8360687838678604 -0.6774396812115577 1.1079348289689226 -0.36496868106183095
-9.120000000000001 3.83146604994408 -0.6820357130641287 1.0998127041376504 -0.36986646289263875
-9.09 3.826845444444393 -0.6866868890764111 1.0916206372735595 -0.37485530646551
-9.06 3.822207050446973 -0.6913940840736331 1.083358048047316 -0.37993734402187446
-9.030000000000001 3.817550959443256 -0.6961581884282368 1.0750243631785876 -0.38511476537404976
-9.0 3.812877271692896 -0.7009801083453205 1.0666190173754897 -0.3903898195844757
-8.97 3.808186096592374 -0.7058607661523663 1.058141454334888 -0.3957648166923116
-8.940000000000001 3.803477553057877 -0.7108011005924743 1.0495911278063854 -0.4012421294897038
-8.91 3.7987517699224926 -0.7158020671219152 1.0409675027244876 -0.4068241953474419
-8.879999999999999 3.7940088863491317 -0.7208646382111179 1.0322700564109546 -0.41251351809181114
-8.850000000000001 3.789249052258753 -0.725989803649669 1.0234982798548273 -0.41831266993335803
-8.82 3.784472428775408 -0.7311785708547035 1.0146516790703979 -0.42422429344777335
-8.79 3.7796791886878482 -0.7364319651829052 1.0057297765416253 -0.4302511036112834
-8.76 3.774869516929332 -0.7417510302457657 0.9967321127542252 -0.43639588988921757
-8.73 3.770043611075253 -0.7471368282283102 0.9876582478237439 -0.44266151838025547
-8.7 3.765201681859978 -0.7525904402105443 0.9785077632226691 -0.4490509340160255
-8.67 3.760343953713566 -0.7581129664920082 0.969280263613324 -0.45556716281688575
-8.64 3.7554706653186116 -0.76370552691898 0.959975378792822 -0.46221331420398376
-8.61 3.7505820701884343 -0.7693692612140511 0.9505927657551534 -0.46899258336839705
-8.58 3.7456784372675513 -0.7751053293079607 0.9411321108780033 -0.47590825369695416
-8.55 3.740760051554436 -0.7809149116734319 0.9315931322417592 -0.48296369925546784
-8.52 3.7358272147486193 -0.7867992096604038 0.9219755820869899 -0.49016238732850775
-8.49 3.7308802459215595 -0.7927594458330385 0.9122792494182819 -0.49750788101499577
-8.46 3.7259194822137673 -0.7987968643072032 0.9025039627639897 -0.5050038418811045
-8.43 3.720945279557736 -0.8049127310888515 0.8926495930984908 -0.512654032666625
-8.4 3.71595801342853 -0.8111083344124665 0.8827160569381767 -0.5204623200467301
-8.370000000000001 3.7109580796227215 -0.8173849850792161 0.8727033196184708 -0.5284326774450214
-8.34 3.7059458950665976 -0.8237440167943993 0.8626113987643649 -0.5365691878983128
-8.31 3.7009218986549772 -0.830186786503445 0.8524403679624548 -0.5448760469699646
-8.280000000000001 3.695886552121511 -0.8367146747261907 0.8421903606477041 -0.5533575657092455
-8.25 3.6908403409417927 -0.843329085888444 0.8318615742154685 -0.5620181736542201
-8.22 3.6857837752703038 -0.8500314486505898 0.8214542743713755 -0.5708624218746411
-8.190000000000001 3.68071739091239 -0.8568232162320928 0.8109687997312927 -0.57989498605061
-8.16 3.675641750332764 -0.8637058667314435 0.8004055666856633 -0.5891206695825018
-8.129999999999999 3.6705574437015276 -0.8706809034404562 0.789765074541906 -0.5985444067273812
-8.100000000000001 3.665465089979021 -0.8777498551521925 0.7790479109589317 -0.6081712657550965
-8.07 3.6603653380414003 -0.8849142764614516 0.7682547576905572 -0.6180064521178306
-8.04 3.65525886784746 -0.8921757480567735 0.7573863966519445 -0.6280553116258509
-8.010000000000002 3.650146391648999 -0.8995358770029857 0.7464437163284963 -0.6383233336201825
-7.98 3.645028655245535 -0.9069962970127817 0.7354277185418203 -0.6488161541324762
-7.95 3.639906439285461 -0.9145586687062305 0.7243395255926224 -0.6595395590224641
-7.92 3.6347805606145975 -0.9222246798572195 0.7131803877998761 -0.6704994870802881
-7.890000000000001 3.6296518736743595 -0.9299960456242848 0.7019516914538926 -0.6817020330792851
-7.86 3.6245212719506537 -0.9378745087655601 0.6906549672069895 -0.6931534507673283
-7.83 3.619389689475413 -0.9458618398352088 0.6792918989186365 -0.7048601557772864
-7.800000000000001 3.614258102382599 -0.9539598373598717 0.6678643329808587 -0.7168287284402217
-7.7700000000000005 3.609127530519909 -0.9621703279933558 0.6563742881450993 -0.729065916481443
-7.74 3.6039990391186616 -0.9704951666470281 0.6448239658717512 -0.7415786375762388
-7.71 3.598873740523058 -0.9789362365944163 0.6332157612299198 -0.7543739817425421
-7.680000000000001 3.5937527959809903 -0.9874954495468881 0.6215522743692583 -0.7674592135421413
-7.65 3.5886374174979254 -0.9961747456987113 0.609836322589099 -0.7808417740639152
-7.62 3.583528869756488 -1.0049760937380943 0.5980709530309793 -0.794529282654286
-7.59 3.5784284721023742 -1.0139014908219912 0.586259456021538 -0.8085295383620112
-7.5600000000000005 3.573337600599902 -1.022952962511267 0.5744053790873966 -0.8228505210583937
-7.53 3.568257690157965 -1.0321325626633069 0.5625125416749466 -0.8375003921908558
-7.5 3.5631902367292785 -1.0414423732783362 0.550585050594476 -0.8524874951266409
-7.470000000000001 3.5581367995838904 -1.0508845042962205 0.5386273162200412 -0.8678203550333929
-7.44 3.553099003659879 -1.0604610933396101 0.5266440694667684 -0.883507678248129
-7.41 3.548078541992152 -1.0701743053996353 0.5146403795728265 -0.8995583510719268
-7.38 3.543077178222193 -1.0800263324595103 0.5026216727093393 -0.9159814379300969
-7.3500000000000005 3.5380967491897355 -1.0900193930517221 0.4905937514421117 -0.9327861788290758
-7.32 3.533139167609012 -1.10015573174386 0.4785628150642278 -0.9499819860354105
-7.29 3.5282064248304987 -1.1104376185480478 0.46653548082211227 -0.9675784398992463
-7.260000000000001 3.5233005936905424 -1.1208673482483573 0.45451880604948247 -0.985585283734168
-7.23 3.518423831450341 -1.131447239640612 0.4425203112243574 -1.004012417664433
-7.2 3.513578382825367 -1.14217963467833 0.43054800396073833 -1.0228698913376084
-7.17 3.5087665831073562 -1.153066897518858 0.4186104039398044 -1.0421678953986542
-7.140000000000001 3.503990861379647 -1.1641114134619568 0.40671656878339046 -1.0619167516109116
-7.11 3.4992537438270768 -1.1753155877748567 0.3948761208672922 -1.0821269015024702
-7.08 3.4945578571419187 -1.1866818443952771 0.38309927506109354 -1.102808893410144
-7.050000000000001 3.4899059320257946 -1.1982126245049085 0.37139686738057254 -1.1239733677812338
-7.0200000000000005 3.4853008067891045 -1.209910384964928 0.35978038452366334 -1.1456310405889656
-6.99 3.4807454310474437 -1.2217775966045885 0.3482619942566654 -1.1677926847048907
-6.960000000000001 3.4762428695157235 -1.2338167423537616 0.3368545766020885 -1.1904691090677644
-6.93 3.4717963058994368 -1.2460303152094718 0.3255717557712634 -1.213671135473366
-6.9 3.467409046882456 -1.2584208160264558 0.31442793276741554 -1.2374095728079844
-6.870000000000001 3.463084526210827 -1.27099075112082 0.3034383185715992 -1.2616951885341645
-6.84 3.45882630887041 -1.2837426296753585 0.2926189678079547 -1.2865386772329153
-6.8100000000000005 3.4546380953573457 -1.2966789609353857 0.28198681276058046 -1.3119506259980434
-6.780000000000001 3.450523726038536 -1.3098022511818401 0.2715596976003374 -1.3379414764708202
-6.75 3.4464871855990866 -1.3231150004696521 0.2613564126497483 -1.3645214832995671
-6.720000000000001 3.4425326075737215 -1.3366196991172936 0.2513967284947709 -1.3917006688004658
-6.6899999999999995 3.438664278957376 -1.3503188239338628 0.24170142971982855 -1.4194887735960482
-6.66 3.43488664489033 -1.3642148341689457 0.23229234801469634 -1.4478952030068952
-6.630000000000001 3.4312043134119303 -1.3783101671702322 0.2231923943688976 -1.4769289689671217
-6.6 3.4276220602764704 -1.3926072337329283 0.21442559003306094 -1.5065986272465148
-6.57 3.4241448338232994 -1.4071084131248608 0.20601709589048056 -1.5369122097592467
-6.540000000000001 3.420777759892625 -1.4218160477705777 0.19799323983955563 -1.5678771517560217
-6.51 3.4175261467773836 -1.436732437576383 0.1903815417479615 -1.5995002137073016
-6.48 3.414395490199862 -1.4518598338791224 0.183210735492211 -1.6317873977001998
-6.450000000000001 3.4113914783008594 -1.46720043299986 0.17651078754958682 -1.6647438582039435
-6.42 3.408519996627724 -1.4827563693835222 0.17031291156165285 -1.698373807077425
-6.390000000000001 3.405787133105486 -1.4985297083054905 0.16464957823868254 -1.7326804127372617
-6.359999999999999 3.403199182975093 -1.514522438124929 0.15955451992015135 -1.7676656934409287
-6.33 3.400762653678719 -1.5307364620652826 0.1550627290595452 -1.8033304046959975
-6.300000000000001 3.39848426967273 -1.5471735895010112 0.15121044985009302 -1.839673920860142
-6.27 3.3963709771450707 -1.5638355267310835 0.14803516215538526 -1.8766941110716182
-6.24 3.394429948612313 -1.5807238672171546 0.14557555686754498 -1.9143872097237293
-6.210000000000001 3.3926685873695384 -1.5978400812673665 0.14387150177101127 -1.9527476817877587
-6.18 3.3910945317633723 -1.615185505144256 0.14296399694900508 -1.9917680833917877
-6.15 3.3897156592561943 -1.6327613295771455 0.14289511874792726 -2.031438918167908
-6.120000000000001 3.3885400902470386 -1.650568587658739 0.143707951284048 -2.071748490012555
-6.09 3.387576191610914 -1.6686081421076253 0.14544650447482343 -2.1126827530312897
-6.0600000000000005 3.3868325799166685 -1.6868806718772609 0.14815561757386853 -2.154225159590238
-6.030000000000001 3.38631812427934 -1.7053866580948716 0.1518808472087727 -2.196356507553489
-6.0 3.386041948799919 -1.7241263693136857 0.15666833896172694 -2.2390547879475293
-5.970000000000001 3.38601343454226 -1.7430998460640907 0.16256468158294624 -2.2822950344751844
-5.9399999999999995 3.386242220993217 -1.7623068846909267 0.1696167430132185 -2.3260491764753235
-5.91 3.3867382069483183 -1.7817470204656105 0.1778714874981242 -2.3702858971177827
-5.880000000000001 3.3875115507619036 -1.8014195099661723 0.18737577320968146 -2.414970498801447
-5.85 3.3885726698962073 -1.821323312718027 0.1981761299630289 -2.4600647779103895
-5.82 3.389932239700806 -1.8414570720948749 0.21031851681086788 -2.5055269112594143
-5.790000000000001 3.3916011913494772 -1.8618190954802807 0.2238480595370156 -2.551311356725284
-5.76 3.393590708856956 -1.8824073336963096 0.2388087683408573 -2.597368770700891
-5.73 3.395912225095936 -1.9032193597089229 0.2552432363079653 -2.6436459451440024
-5.700000000000001 3.398577416728809 -1.9242523466263732 0.27319231961149004 -2.6900857670705114
-5.67 3.401598197966164 -1.9455030450116777 0.2926948007539263 -2.7366272034105386
-5.640000000000001 3.4049867130601776 -1.966967759537082 0.3137870365767217 -2.7832053141480335
-5.610000000000001 3.4087553274372606 -1.9886423250152607 0.33650259318681464 -2.829751296622572
-5.58 3.4129166173721805 -2.0105220818500857 0.36087187040742474 -2.876192563773073
-5.550000000000001 3.417483358101757 -2.0326018509575645 0.3869217188210765 -2.9224528589351952
-5.52 3.422468510275168 -2.0548759082175123 0.41467505294386786 -2.968452409557697
-5.49 3.4278852046356523 -2.077337958524999 0.4441504645236094 -3.0141081218928014
-5.460000000000001 3.4337467248265017 -2.0999811095234273 0.47536184040002194 -3.0593338183098013
-5.43 3.4400664882147343 -2.122797845109382 0.5083179897653709 -3.104040518410875
-5.4 3.446858024625948 -2.145779998814182 0.5430222860240992 -3.148136764550775
-5.370000000000001 3.454134952883625 -2.1689187271785006 0.5794723287404473 -3.1915289917447094
-5.34 3.4619109550512412 -2.192204483249211 0.617659631378956 -3.234121941217596
-5.3100000000000005 3.4701997482757814 -2.2156269903434076 0.6575693406546517 -3.27581911609593
-5.280000000000001 3.4790150541382383 -2.2391752162375567 0.6991799933288974 -3.316523276911552
-5.25 3.4883705654219965 -2.262837347955257 0.7424633161609506 -3.356136973744816
-5.220000000000001 3.4982799102176374 -2.2866007673433666 0.7873840744922163 -3.3945631109624452
-5.1899999999999995 3.5087566132925883 -2.3104520276409524 0.8338999745490168 -3.4317055396605083
-5.16 3.519814054664571 -2.334376831261921 0.8819616240257182 -3.467469672086499
-5.130000000000001 3.531465425332507 -2.3583600090280106 0.9315125548431453 -3.5017631115644683
-5.1 3.543723680132284 -2.382385501104768 0.9824893111771198 -3.5344962907527435
-5.07 3.556601487703797 -2.4064363399079216 1.034821604916106 -3.565583110498362
-5.040000000000001 3.5701111775743817 -2.4304946352622534 1.088432539686961 -3.59494157111478
-5.01 3.5842646843879455 -2.45454156210932 1.1432389034547161 -3.622494387614689
-4.98 3.599073489331551 -2.4785573510712897 1.1991515285205079 -3.648169580331625
-4.950000000000001 3.6145485588406867 -2.5025212821913287 1.2560757165355452 -3.671901032421041
-4.92 3.6307002806930857 -2.526411682177549 1.3139117249213288 -3.6936290060134884
-4.890000000000001 3.647538397633446 -2.550205925485298 1.372555309917308 -3.7133006092343273
-4.860000000000001 3.665071938705834 -2.5738804395773265 1.4318983203570919 -3.7308702069700264
-4.83 3.6833091485080747 -2.597410714700612 1.4918293352680774 -3.746299769074418
-4.800000000000001 3.702257414620037 -2.6207713185172326 1.5522343375111833 -3.7595591506985535
-4.77 3.721923193498893 -2.6439359159207023 1.6129974149579294 -3.770626300547556
-4.74 3.7423119351772116 -2.6668772943564756 1.6740014801721848 -3.7794873940853604
-4.710000000000001 3.7634280071400688 -2.6895673949527423 1.7351289992220273 -3.7861368900148142
-4.68 3.7852746178046197 -2.7119773497445157 1.7962627201255592 -3.79057750968364
-4.65 3.807853740065244 -2.73407752525019 1.8572863915154265 -3.7928201404039408
-4.620000000000001 3.8311660354132937 -2.755837572627259 1.9180854623989307 -3.7928836649624063
-4.59 3.85521077918076 -2.777226484596155 1.9785477543771823 -3.7907947208244366
-4.5600000000000005 3.879985787496155 -2.7982126592795566 2.0385640983511637 -3.7865873936473267
-4.530000000000001 3.905487346579612 -2.8187639710522543 2.0980289285610616 -3.7803028507069496
-4.5 3.93171014503546 -2.838847848444296 2.156840827752025 -3.7719889206675217
-4.470000000000001 3.9586472098300565 -2.858431359075172 2.2149030183067677 -3.7616996267932006
-4.440000000000001 3.9862898466652954 -2.877481301533201 2.2721237952815594 -3.74949468117244
-4.41 4.014627585474889 -2.895964304039947 2.328416898441529 -3.73543894783016
-4.380000000000001 4.043648131779926 -2.913846929662621 2.383701821510944 -3.719601882714088
-4.35 4.073337324640587 -2.9310957877578154 2.4379040579807927 -3.702056958489472
-4.32 4.103679101934434 -2.9476776512455873 2.490955283863536 -3.6828810818549136
-4.290000000000001 4.134655473671564 -2.9635595792265996 2.5427934787649233 -3.6621540107387935
-4.26 4.166246504031279 -2.9787090443691717 2.5933629875163886 -3.6399577782458454
-4.23 4.198430302764086 -2.9930940644064816 2.642614525388116 -3.6163761296496135
-4.200000000000001 4.231183026553617 -3.0066833370000574 2.6905051305374306 -3.59149397805448
-4.17 4.2644788908718105 -3.01944637714384 2.7369980678807804 -3.565396883648708
-4.140000000000001 4.298290192786219 -3.0313536562086796 2.7820626889616284 -3.5381705607102156
-4.110000000000001 4.332587345097683 -3.042376741655996 2.8256742526636724 -3.509900415774952
-4.08 4.367338922089874 -3.0524884363890576 2.86781371176972 -3.4806711196261695
-4.050000000000001 4.402511717070503 -3.0616629166574594 2.908467470416672 -3.4505662150350127
-4.02 4.4380708117713015 -3.0698758673922226 2.947627117442125 -3.4196677614942503
-3.99 4.473979657555081 -3.0771046138191847 2.985289140481459 -3.3880560175519165
-3.960000000000001 4.510200168253487 -3.0833282481851065 3.021454625472163 -3.3558091607668796
-3.9299999999999997 4.546692824330263 -3.0885277504326836 3.056128945948638 -3.323003044794323
-3.9000000000000004 4.5834167879351 -3.0926861016771072 3.0893214461999134 -3.2897109926600363
-3.870000000000001 4.620330028282445 -3.0957883893690497 3.1210451220195825 -3.2560036248974997
-3.84 4.657389456661465 -3.097821903078981 3.1513163024071247 -3.2219487209129594
-3.8100000000000005 4.694551070262064 -3.098776219904008 3.1801543352001858 -3.1876111116873407
-3.780000000000001 4.7317701038827815 -3.0986432785777227 3.2075812792404528 -3.1530526017471305
-3.75 4.7690011884832515 -3.097417441461784 3.2336216052942577 -3.11833191819103
-3.7200000000000006 4.80619851544429 -3.0950955437070156 3.25830190759581 -3.083504684494297
-3.6900000000000013 4.843316005319638 -3.0916769289945125 3.281650627524214 -3.048623416767888
-3.66 4.880307479793937 -3.0871634713993865 3.3036977906165674 -3.013737540160155
-3.630000000000001 4.917126835510515 -3.0815595830625013 3.324474757807147 -2.9788934231313613
-3.5999999999999996 4.953728218401176 -3.0748722075007167 3.344013991522061 -2.9441344273935646
-3.5700000000000003 4.990066197131698 -3.0671107985400514 3.3623488370082324 -2.909500971402803
-3.540000000000001 5.026095934283668 -3.0582872850057528 3.379513319063176 -2.8750306054022086
-3.51 5.061773353913204 -3.0484160214566307 3.395541954139365 -2.8407580961302896
-3.4800000000000004 5.097055304170034 -3.0375137253961935 3.4104695776397227 -2.80671551944397
-3.450000000000001 5.1318997137171465 -3.0255994015348606 3.4243311860792716 -2.772932359244708
-3.42 5.166265740768196 -3.0126942538086974 3.4371617936768293 -2.739435611227872
-3.3900000000000006 5.200113913648898 -2.9988215859812164 3.4489963028481174 -2.7062498901208647
-3.360000000000001 5.2334062618934984 -2.9840066917628323 3.459869388001793 -2.673397539209224
-3.33 5.266106437001738 -2.9682767354759076 3.4698153919817276 -2.6408987410799316
-3.3000000000000007 5.298179822107597 -2.9516606243721566 3.4788682344659096 -2.608771628640731
-3.2699999999999996 5.329593629941676 -2.9341888737693087 3.4870613316052808 -2.577032395592463
-3.24 5.360316988606193 -2.9158934662202345 3.4944275261728888 -2.545695405640547
-3.210000000000001 5.390321014819415 -2.8968077059520096 3.5009990274964378 -2.514773299842987
-3.1799999999999997 5.419578874425574 -2.87696606982512 3.506807360448139 -2.48427710158052
-3.1500000000000004 5.448065830101428 -2.8564040560542465 3.511883322787172 -2.4542163187276502
-3.120000000000001 5.475759276323302 -2.8351580319104377 3.5162569501632017 -2.424599042682785
-3.09 5.502638761783016 -2.8132650815866405 3.519957488119306 -2.395432043983997
-3.0600000000000005 5.528685999558323 -2.790762855357926 3.523013370458418 -2.3667208643056066
-3.030000000000001 5.55388486545081 -2.7676894211052585 3.5254522033686353 -2.3384699046845534
-3.0 5.578221385002787 -2.744083119198096 3.5273007547374857 -2.3106825098796477
-2.9700000000000006 5.60168370978719 -2.719982421649486 3.5285849481144815 -2.283361048805229
-2.9400000000000013 5.624262083640394 -2.6954257963701345 3.529329860820306 -2.2565069910243363
-2.91 5.645948799566495 -2.67045157725252 3.529559725732648 -2.230120979315354
-2.880000000000001 5.666738148090804 -2.64509784072184 3.5292979363135486 -2.204202898355825
-2.8499999999999996 5.686626357874599 -2.6194022892903868 3.5285670544736143 -2.178751939589837
-2.8200000000000003 5.705611529427284 -2.593402142555734 3.5273888209051387 -2.1537666623640392
-2.790000000000001 5.723693562763214 -2.567134035985559 3.525784167541496 -2.1292450514333146
-2.76 5.74087407985189 -2.540633927738317 3.523773231834848 -2.1051845709514985
-2.7300000000000004 5.757156342700734 -2.513937013680018 3.5213753725663373 -2.0815822150676833
-2.700000000000001 5.772545167890904 -2.487077650671826 3.5186091869344325 -2.0584345552603684
-2.67 5.787046838362212 -2.4600892881243346 3.5154925286890357 -2.0357377845448705
-2.6400000000000006 5.8006690132079886 -2.433004407741941 3.5120425271022047 -2.01348775869193
-2.610000000000001 5.813420636203503 -2.4058544713149588 3.508275606588434 -1.991680034596735
-2.58 5.82531184374632 -2.378669876358063 3.504207506807316 -1.9703099059412506
-2.5500000000000007 5.836353872841341 -2.351479919342111 3.499853303099526 -1.9493724362857026
-2.5199999999999996 5.846558969711188 -2.3243127662222784 3.495227427124736 -1.9288624897290376
-2.49 5.855940299562114 -2.297195429929212 3.4903436875843883 -1.908774759271925
-2.460000000000001 5.8645118579818805 -2.2701537544568913 3.4852152909277905 -1.889103793012539
-2.4299999999999997 5.872288384393647 -2.2432124051617737 3.479854861953034 -1.869844018304632
-2.4000000000000004 5.879285277936747 -2.216394864866034 3.4742744642237655 -1.8509897639978896
-2.370000000000001 5.885518516095178 -2.1897234353488924 3.4684856202383005 -1.832535280881623
-2.34 5.891004576343621 -2.1632192438034723 3.4624993312917076 -1.8144747604442473
-2.3100000000000005 5.8957603610345455 -2.136902253834121 3.456326096983859 -1.7968023520557626
-2.280000000000001 5.8998031257051124 -2.1107912805739373 3.4499759343345193 -1.7795121786807286
-2.25 5.903150410939339 -2.0849040095071536 3.443458396470165 -1.762598351215444
-2.2200000000000006 5.905819977883347 -2.0592570185931756 3.4367825908584253 -1.746054981548089
-2.1900000000000013 5.907829747474242 -2.033865803300304 3.4299571970662073 -1.7298761944258965
-2.16 5.909197743411402 -2.008744804173431 3.422990484029422 -1.714056138217971
-2.130000000000001 5.909942038868223 -1.9839074365768448 3.4158903268168506 -1.6985889946479162
-2.0999999999999996 5.910080706916897 -1.9593661222725067 3.408664222887033 -1.6834689875764983
-2.0700000000000003 5.909631774614403 -1.9351323225128192 3.401319307828575 -1.6686903909002913
-2.040000000000001 5.908613180678424 -1.9112165723484493 3.3938623705846327 -1.654247535634235
-2.01 5.90704273666347 -1.887628515872388 3.3862998681630145 -1.64013481624042
-1.9800000000000004 5.904938091533253 -1.8643769421420222 3.3786379398343196 -1.6263466962601698
-1.950000000000001 5.902316699512613 -1.8414698215428433 3.370882420824826 -1.6128777133052266
-1.92 5.899195791092668 -1.8189143423770842 3.3630388555087376 -1.5997224834565915
-1.8900000000000006 5.89559234705448 -1.7967169474819584 3.3551125101117902 -1.586875705121908
-1.8600000000000012 5.891523075371666 -1.774883370700166 3.347108384932077 -1.5743321623927673
-1.83 5.88700439084745 -1.7534186730456687 3.3390312260903863 -1.5620867279435808
-1.8000000000000007 5.882052397339432 -1.7323272784248085 3.330885536822527 -1.5501343655141095
-1.7700000000000014 5.876682872425196 -1.711613008789737 3.3226755883220935 -1.538470132005065
-1.7400000000000002 5.870911254360927 -1.691279118617839 3.3144054301496237 -1.527089179226698
-1.7100000000000009 5.864752631187671 -1.671328328625193 3.3060789002185764 -1.5159867553265167
-1.6799999999999997 5.858221731841878 -1.6517628586367379 3.297699634372062 -1.505158205927335
-1.6500000000000004 5.851332919129694 -1.632584459547968 3.2892710755633896 -1.4945989750020339
-1.620000000000001 5.844100184428937 -1.6137944443257222 3.280796482652739 -1.4843046055079152
-1.5899999999999999 5.836537143987112 -1.5953937180068074 3.2722789388347078 -1.4742707398062158
-1.5600000000000005 5.82865703668767 -1.577382806661493 3.2637213597082555 -1.4644931198861586
-1.5300000000000011 5.820472723163582 -1.5597618853006303 3.2551265010031427 -1.4549675874129602
-1.5 5.81199668614141 -1.5425308047109905 3.2464969659746483 -1.4456900836188202
-1.4700000000000006 5.803241031905094 -1.525689117211798 3.2378352124810466 -1.4366566490539974
-1.4400000000000013 5.794217492774985 -1.509236101332174 3.229143559753549 -1.4278634232108574
-1.4100000000000001 5.78493743050273 -1.493170785414523 3.220424194873203 -1.4193066440378093
-1.3800000000000008 5.775411840488689 -1.4774919701537268 3.2116791789655474 -1.4109826473554088
-1.3499999999999996 5.765651356734432 -1.4621982500870827 3.2029104531245713 -1.4028878661851347
-1.3200000000000003 5.755666257448377 -1.4472880340534462 3.194119844077652 -1.395018830004915
-1.290000000000001 5.745466471228264 -1.43275956464302 3.1853090696021367 -1.3873721639383583
-1.2599999999999998 5.735061583749145 -1.4186109366620387 3.1764797437039607 -1.379944587889163
-1.2300000000000004 5.724460844891635 -1.40484011463948 3.167633381569342 -1.3727329156290435
-1.200000000000001 5.713673176249033 -1.3914449494035563 3.1587714042988035 -1.3657340538458314
-1.17 5.702707178957747 -1.3784231937582891 3.1498951434333025 -1.358945001160403
-1.1400000000000006 5.691571141799472 -1.365772517291152 3.14100584528238 -1.3523628471185336
-1.1100000000000012 5.680273049527952 -1.3534905203430145 3.1321046750620916 -1.345984771162763
-1.08 5.668820591377807 -1.3415747471732102 3.1231927208530728 -1.3398080415919917
-1.0500000000000007 5.657221169716063 -1.3300226983518022 3.1142709973855847 -1.333830014511545
-1.0200000000000014 5.645481908801484 -1.3188318424116634 3.1053404496604364 -1.3280481327796767
-0.9900000000000002 5.633609663619815 -1.3079996267927887 3.096401956413276 -1.3224599249540796
-0.9600000000000009 5.621611028766387 -1.2975234881104138 3.087456333430075 -1.317063004243019
-0.9299999999999997 5.609492347350969 -1.2874008617793835 3.078504336720488 -1.3118550674636504
-0.9000000000000004 5.597259719902008 -1.277629191024697 3.069546665556296 -1.3068338940108652
-0.870000000000001 5.584919013250532 -1.2682059353089672 3.06058396538183 -1.3019973448403508
-0.8399999999999999 5.572475869376527 -1.2591285782064092 3.0516168306022644 -1.2973433614672152
-0.8100000000000005 5.559935714202474 -1.2503946347518824 3.042645807256596 -1.2928699649838766
-0.7800000000000011 5.547303766321172 -1.242001658292079 3.033671395580641 -1.2885752550979013
-0.75 5.534585045647008 -1.2339472468663994 3.0246940524659265 -1.284457409192749
-0.7200000000000006 5.521784381981621 -1.2262290491432137 3.0157141938206733 -1.2805146814131982
-0.6900000000000013 5.508906423486167 -1.2188447699351095 3.0067321968369196 -1.2767454017765345
-0.6600000000000001 5.495955645054866 -1.2117921753185512 2.9977484021697918 -1.2731479753101915
-0.6300000000000008 5.482936356584776 -1.2050690973787117 2.9887631160338897 -1.2697208812197962
-0.6000000000000014 5.469852711139086 -1.1986734386024271 2.979776612220599 -1.2664626720850194
-0.5700000000000003 5.456708713001698 -1.1926031759389841 2.9707891340421995 -1.2633719730874127
-0.5400000000000009 5.443508225622297 -1.1868563645484356 2.9618008962058844 -1.2604474812692898
-0.5099999999999998 5.430254979452042 -1.1814311412556804 2.9528120866230063 -1.257687964825414
-0.4800000000000004 5.416952579670753 -1.1763257277277046 2.9438228681569627 -1.255092262427553
-0.45000000000000107 5.4036045138075615 -1.1715384333901995 2.9348333803139797 -1.2526592825829246
-0.41999999999999993 5.390214159257457 -1.1670676580989376 2.925843740880645 -1.2503880030271202
-0.39000000000000057 5.376784790697052 -1.1629118945802535 2.9168540475118023 -1.2482774701514796
-0.3600000000000012 5.3633195874032245 -1.1590697306533442 2.9078643792725902 -1.2463267984665882
-0.33000000000000007 5.349821640479263 -1.1555398512479298 2.8988747981379417 -1.2445351701003973
-0.3000000000000007 5.336293959993067 -1.1523210402271942 2.889885350453137 -1.2429018343332356
-0.27000000000000135 5.322739482032897 -1.149412182027738 2.880896068358666 -1.2414261071686339
-0.2400000000000002 5.3091610756862035 -1.1468122631252424 2.871906971182629 -1.2401073709409742
-0.21000000000000085 5.295561549947668 -1.1445203733351086 2.862918066803947 -1.2389450739597787
-0.17999999999999972 5.281943660562561 -1.1425357069553252 2.853929352989348 -1.2379387301910663
-0.15000000000000036 5.26831011681221 -1.1408575637590244 2.8449408187073457 -1.2370879189757893
-0.120000000000001 5.254663588248163 -1.1394853498423783 2.835952445422091 -1.2363922847857531
-0.08999999999999986 5.241006711382136 -1.1384185783331247 2.8269642083700837 -1.2358515370165026
-0.0600000000000005 5.227342096338863 -1.137656869964726 2.817976077822685 -1.2354654498182844
-0.030000000000001137 5.213672333479068 -1.1371999535186557 2.808988020337285 -1.2352338619637846
0.0 5.2 -1.1370476661386704 2.8 -1.2351566767544844
0.02999999999999936 5.186327666520932 -1.1371999535186557 2.791011979662716 -1.2352338619637846
0.05999999999999872 5.172657903661137 -1.1376568699647338 2.782023922177316 -1.2354654498182842
0.08999999999999986 5.1589932886178635 -1.1384185783331247 2.7730357916299164 -1.2358515370165026
0.11999999999999922 5.145336411751838 -1.1394853498423647 2.764047554577909 -1.2363922847857527
0.14999999999999858 5.131689883187791 -1.1408575637590248 2.755059181292655 -1.2370879189757904
0.17999999999999972 5.118056339437439 -1.1425357069553252 2.746070647010652 -1.2379387301910663
0.20999999999999908 5.104438450052333 -1.1445203733351088 2.7370819331960554 -1.238945073959778
0.2400000000000002 5.090838924313796 -1.1468122631252424 2.728093028817371 -1.2401073709409742
0.2699999999999996 5.077260517967105 -1.1494121820277365 2.719103931641337 -1.2414261071686348
0.29999999999999893 5.0637060400069345 -1.1523210402271917 2.7101146495468633 -1.2429018343332356
0.33000000000000007 5.050178359520737 -1.1555398512479298 2.701125201862059 -1.2445351701003973
0.35999999999999943 5.036680412596776 -1.1590697306533493 2.692135620727411 -1.2463267984665887
0.3899999999999988 5.023215209302952 -1.1629118945802357 2.683145952488198 -1.2482774701514807
0.41999999999999993 5.009785840742543 -1.1670676580989376 2.6741562591193553 -1.2503880030271202
0.4499999999999993 4.996395486192437 -1.1715384333901877 2.665166619686027 -1.252659282582927
0.47999999999999865 4.983047420329244 -1.1763257277276924 2.6561771318430423 -1.2550922624275538
0.5099999999999998 4.969745020547958 -1.1814311412556804 2.6471879133769933 -1.257687964825414
0.5399999999999991 4.956491774377705 -1.1868563645484231 2.638199103794113 -1.2604474812692874
0.5700000000000003 4.943291286998302 -1.1926031759389841 2.629210865957801 -1.2633719730874127
0.5999999999999996 4.930147288860915 -1.1986734386024216 2.6202233877793994 -1.2664626720849887
0.629999999999999 4.917063643415227 -1.2050690973786964 2.6112368839661118 -1.2697208812197966
0.6600000000000001 4.9040443549451345 -1.2117921753185512 2.6022515978302083 -1.2731479753101915
0.6899999999999995 4.891093576513842 -1.2188447699351068 2.593267803163072 -1.2767454017765276
0.7199999999999989 4.878215618018385 -1.2262290491431989 2.5842858061793272 -1.2805146814132
0.75 4.865414954352992 -1.2339472468663994 2.5753059475340736 -1.284457409192749
0.7799999999999994 4.852696233678831 -1.2420016582920579 2.566328604419371 -1.2885752550979057
0.8099999999999987 4.8400642857975305 -1.2503946347519017 2.557354192743378 -1.2928699649839097
0.8399999999999999 4.827524130623473 -1.2591285782064092 2.5483831693977357 -1.2973433614672152
0.8699999999999992 4.81508098674948 -1.268205935308937 2.5394160346181867 -1.3019973448403237
0.8999999999999986 4.802740280098005 -1.277629191024681 2.530453334443698 -1.306833894010871
0.9299999999999997 4.7905076526490316 -1.2874008617793835 2.521495663279512 -1.3118550674636504
0.9599999999999991 4.778388971233613 -1.2975234881104003 2.5125436665699112 -1.3170630042430562
0.9900000000000002 4.766390336380185 -1.3079996267927887 2.503598043586724 -1.3224599249540796
1.0199999999999996 4.754518091198511 -1.3188318424116687 2.4946595503395823 -1.3280481327796398
1.0500000000000007 4.742778830283937 -1.3300226983518022 2.4857290026144154 -1.333830014511545
1.0799999999999983 4.731179408622198 -1.34157474717318 2.476807279146925 -1.3398080415919882
1.1099999999999994 4.719726950472044 -1.3534905203430163 2.4678953249379125 -1.3459847711627313
1.1400000000000006 4.708428858200527 -1.365772517291152 2.45899415471762 -1.3523628471185336
1.1699999999999982 4.697292821042249 -1.3784231937582991 2.4501048565666785 -1.3589450011604014
1.1999999999999993 4.686326823750969 -1.3914449494035537 2.4412285957012263 -1.3657340538457983
1.2300000000000004 4.675539155108364 -1.40484011463948 2.4323666184306587 -1.3727329156290435
1.259999999999998 4.6649384162508545 -1.4186109366620316 2.4235202562960545 -1.3799445878891734
1.2899999999999991 4.654533528771736 -1.43275956464301 2.4146909303978887 -1.387372163938301
1.3200000000000003 4.6443337425516225 -1.4472880340534462 2.405880155922348 -1.395018830004915
1.3499999999999979 4.634348643265574 -1.462198250087086 2.3970895468754287 -1.4028878661851334
1.379999999999999 4.62458815951132 -1.477491970153717 2.388320821034454 -1.4109826473554086
1.4100000000000001 4.61506256949727 -1.493170785414523 2.3795758051267972 -1.4193066440378093
1.4399999999999977 4.605782507225021 -1.5092361013321747 2.3708564402464347 -1.4278634232108403
1.4699999999999989 4.596758968094906 -1.5256891172117724 2.362164787518953 -1.4366566490539987
1.5 4.588003313858589 -1.5425308047109905 2.3535030340253518 -1.4456900836188202
1.5300000000000011 4.5795272768364175 -1.5597618853006303 2.344873498996858 -1.4549675874129602
1.5599999999999987 4.571342963312339 -1.577382806661484 2.3362786402917095 -1.464493119886198
1.5899999999999999 4.563462856012888 -1.5953937180068074 2.327721061165292 -1.4742707398062158
1.620000000000001 4.555899815571063 -1.6137944443257222 2.319203517347261 -1.4843046055079152
1.6499999999999986 4.548667080870312 -1.6325844595479388 2.3107289244365727 -1.494598975002087
1.6799999999999997 4.541778268158121 -1.6517628586367379 2.3023003656279384 -1.505158205927335
1.7100000000000009 4.535247368812328 -1.671328328625193 2.2939210997814237 -1.5159867553265167
1.7399999999999984 4.529088745639086 -1.6912791186178264 2.2855945698503763 -1.527089179226695
1.7699999999999996 4.523317127574808 -1.7116130087897314 2.2773244116779 -1.5384701320050638
1.8000000000000007 4.517947602660568 -1.7323272784248085 2.269114463177473 -1.5501343655141095
1.8299999999999983 4.512995609152542 -1.7534186730456707 2.2609687739095716 -1.5620867279437078
1.8599999999999994 4.5084769246283205 -1.7748833707001788 2.25289161506795 -1.574332162392703
1.8900000000000006 4.50440765294552 -1.7967169474819584 2.2448874898882103 -1.586875705121908
1.9199999999999982 4.500804208907335 -1.8189143423770657 2.236961144491273 -1.5997224834565957
1.9499999999999993 4.497683300487397 -1.8414698215427985 2.229117579175091 -1.6128777133052876
1.9800000000000004 4.495061908466746 -1.8643769421420222 2.2213620601656805 -1.6263466962601698
2.009999999999998 4.492957263336561 -1.8876285158723611 2.213700131836977 -1.6401348162403977
2.039999999999999 4.491386819321577 -1.9112165723484384 2.2061376294153208 -1.6542475356342696
2.0700000000000003 4.4903682253855965 -1.9351323225128192 2.198680692171425 -1.6686903909002913
2.099999999999998 4.489919293083107 -1.9593661222725085 2.1913357771129336 -1.6834689875765518
2.129999999999999 4.490057961131801 -1.9839074365768052 2.1841096731832144 -1.698588994647906
2.16 4.490802256588598 -2.008744804173431 2.1770095159705782 -1.714056138217971
2.1899999999999977 4.492170252525735 -2.033865803300357 2.170042802933697 -1.7298761944259713
2.219999999999999 4.494180022116652 -2.0592570185932058 2.1632174091415846 -1.7460549815481152
2.25 4.496849589060661 -2.0849040095071536 2.1565416035298353 -1.762598351215444
2.280000000000001 4.500196874294888 -2.1107912805739373 2.1500240656654808 -1.7795121786807286
2.3099999999999987 4.504239638965474 -2.1369022538341325 2.1436739030161642 -1.796802352055817
2.34 4.508995423656378 -2.1632192438034723 2.1375006687082925 -1.8144747604442473
2.370000000000001 4.514481483904821 -2.1897234353488924 2.1315143797616996 -1.832535280881623
2.3999999999999986 4.5207147220632535 -2.2163948648660234 2.125725535776278 -1.8509897639978365
2.4299999999999997 4.5277116156063535 -2.2432124051617737 2.1201451380469662 -1.869844018304632
2.460000000000001 4.53548814201812 -2.2701537544568913 2.114784709072209 -1.889103793012539
2.4899999999999984 4.5440597004378915 -2.297195429929198 2.109656312415601 -1.9087747592719162
2.5199999999999996 4.553441030288812 -2.3243127662222784 2.104772572875264 -1.9288624897290376
2.5500000000000007 4.563646127158659 -2.351479919342111 2.100146696900474 -1.9493724362857026
2.5799999999999983 4.574688156253671 -2.3786698763580554 2.0957924931927114 -1.9703099059412368
2.6099999999999994 4.586579363796507 -2.4058544713149517 2.091724393411549 -1.991680034596721
2.6400000000000006 4.599330986792011 -2.433004407741941 2.087957472897796 -2.01348775869193
2.669999999999998 4.612953161637821 -2.460089288124372 2.084507471310994 -2.0357377845449136
2.6999999999999993 4.6274548321091045 -2.4870776506718615 2.0813908130656027 -2.058434555260338
2.7300000000000004 4.642843657299267 -2.513937013680018 2.078624627433663 -2.0815822150676833
2.759999999999998 4.659125920148067 -2.540633927738261 2.0762267681651494 -2.1051845709516086
2.789999999999999 4.676306437236765 -2.5671340359855335 2.0742158324585365 -2.1292450514333194
2.8200000000000003 4.694388470572717 -2.593402142555734 2.0726111790948614 -2.1537666623640392
2.849999999999998 4.713373642125379 -2.619402289290382 2.0714329455263125 -2.1787519395898216
2.879999999999999 4.733261851909235 -2.645097840721814 2.070702063686445 -2.2042028983558217
2.91 4.754051200433505 -2.67045157725252 2.070440274267352 -2.230120979315354
2.9399999999999977 4.775737916359617 -2.695425796370089 2.070670139179716 -2.256506991024363
2.969999999999999 4.798316290212789 -2.719982421649484 2.0714150518855434 -2.283361048805249
3.0 4.821778614997212 -2.744083119198096 2.0726992452625144 -2.3106825098796477
3.0299999999999976 4.846115134549172 -2.7676894211053025 2.074547796631358 -2.338469904684552
3.0599999999999987 4.871314000441691 -2.7907628553579107 2.076986629541686 -2.3667208643054973
3.09 4.897361238216984 -2.8132650815866405 2.080042511880694 -2.395432043983997
3.120000000000001 4.924240723676697 -2.8351580319104377 2.0837430498367984 -2.424599042682785
3.1499999999999986 4.951934169898552 -2.8564040560542514 2.0881166772128488 -2.454216318727568
3.1799999999999997 4.980421125574426 -2.87696606982512 2.0931926395518605 -2.48427710158052
3.210000000000001 5.009678985180585 -2.8968077059520096 2.0990009725035623 -2.514773299842987
3.2399999999999984 5.039683011393839 -2.9158934662202354 2.1055724738269976 -2.545695405640564
3.2699999999999996 5.070406370058325 -2.9341888737693087 2.112938668394719 -2.577032395592463
3.3000000000000007 5.101820177892403 -2.9516606243721566 2.1211317655340904 -2.608771628640731
3.3299999999999983 5.133893562998277 -2.968276735475896 2.1301846080183084 -2.640898741079876
3.3599999999999994 5.166593738106522 -2.9840066917628385 2.1401306119982206 -2.6733975392092
3.3900000000000006 5.199886086351102 -2.9988215859812164 2.1510036971518827 -2.7062498901208647
3.419999999999998 5.233734259231833 -3.01269425380869 2.1628382063232046 -2.739435611227955
3.4499999999999993 5.2681002862828485 -3.0255994015348326 2.1756688139208293 -2.7729323592447477
3.4800000000000004 5.302944695829966 -3.0375137253961935 2.1895304223602774 -2.80671551944397
3.509999999999998 5.338226646086779 -3.0484160214565996 2.2044580458606906 -2.840758096130268
3.539999999999999 5.373904065716346 -3.058287285005789 2.2204866809368724 -2.8750306054022854
3.5700000000000003 5.409933802868302 -3.0671107985400514 2.237651162991768 -2.909500971402803
3.599999999999998 5.4462717815988295 -3.074872207500751 2.255986008477952 -2.944134427393489
3.629999999999999 5.482873164489489 -3.081559583062476 2.2755252421929617 -2.978893423131427
3.66 5.519692520206062 -3.0871634713993865 2.296302209383433 -3.013737540160155
3.6899999999999977 5.556683994680361 -3.0916769289944885 2.3183493724758564 -3.0486234167679283
3.719999999999999 5.593801484555743 -3.095095543707005 2.341698092404216 -3.0835046844944456
3.75 5.630998811516748 -3.097417441461784 2.3663783947057424 -3.11833191819103
3.7799999999999976 5.668229896117229 -3.0986432785777187 2.392418720759645 -3.15305260174701
3.8099999999999987 5.7054489297379165 -3.0987762199039817 2.41984566479975 -3.1876111116872936
3.84 5.742610543338535 -3.097821903078981 2.4486836975928754 -3.2219487209129594
3.870000000000001 5.7796699717175555 -3.0957883893690497 2.478954877980417 -3.2560036248974997
3.8999999999999986 5.8165832120649155 -3.0926861016771516 2.5106785538000773 -3.2897109926600625
3.9299999999999997 5.853307175669737 -3.0885277504326836 2.5438710540513623 -3.323003044794323
3.960000000000001 5.889799831746513 -3.0833282481851065 2.5785453745278373 -3.3558091607668796
3.9899999999999984 5.926020342444895 -3.077104613819204 2.6147108595186657 -3.388056017551906
4.02 5.961929188228698 -3.0698758673922226 2.6523728825578745 -3.4196677614942503
4.050000000000001 5.997488282929497 -3.0616629166574594 2.691532529583328 -3.4505662150350127
4.079999999999998 6.032661077910165 -3.052488436389092 2.7321862882303973 -3.480671119626174
4.109999999999999 6.067412654902297 -3.0423767416560326 2.7743257473363725 -3.5099004157749922
4.140000000000001 6.101709807213782 -3.0313536562086796 2.8179373110383716 -3.5381705607102156
4.169999999999998 6.135521109128199 -3.0194463771438196 2.863001932119204 -3.5653968836487047
4.199999999999999 6.168816973446379 -3.006683337000058 2.909494869462583 -3.591493978054448
4.23 6.2015696972359144 -2.9930940644064816 2.9573854746118844 -3.6163761296496135
4.259999999999998 6.233753495968694 -2.978709044369133 3.0066370124834334 -3.6399577782459076
4.289999999999999 6.265344526328414 -2.9635595792266125 3.057206521235052 -3.66215401073869
4.32 6.2963208980655665 -2.9476776512455873 3.1090447161364647 -3.6828810818549136
4.349999999999998 6.326662675359417 -2.931095787757855 3.1620959420192696 -3.702056958489502
4.379999999999999 6.356351868220102 -2.9138469296626206 3.216298178488974 -3.7196018827141564
4.41 6.385372414525111 -2.895964304039947 3.2715831015584715 -3.73543894783016
4.439999999999998 6.413710153334726 -2.877481301533191 3.3278762047183488 -3.7494946811724104
4.469999999999999 6.441352790169939 -2.858431359075149 3.3850969816932968 -3.761699626793106
4.5 6.4682898549645405 -2.838847848444296 3.4431591722479746 -3.7719889206675217
4.529999999999998 6.494512653420388 -2.818763971052268 3.5019710714390904 -3.7803028507069008
4.559999999999999 6.520014212503808 -2.7982126592795584 3.5614359016488253 -3.786587393647334
4.59 6.54478922081924 -2.777226484596155 3.6214522456228178 -3.7907947208244366
4.620000000000001 6.568833964586706 -2.755837572627259 3.6819145376010693 -3.7928836649624063
4.649999999999999 6.592146259934804 -2.7340775252502065 3.7427136084846477 -3.7928201404038107
4.68 6.61472538219538 -2.7119773497445157 3.803737279874441 -3.79057750968364
4.710000000000001 6.636571992859931 -2.6895673949527423 3.864871000777973 -3.7861368900148142
4.739999999999998 6.657688064822829 -2.666877294356483 3.9259985198276035 -3.7794873940853155
4.77 6.678076806501108 -2.6439359159207023 3.9870025850420703 -3.770626300547556
4.800000000000001 6.697742585379963 -2.6207713185172326 4.047765662488817 -3.7595591506985535
4.829999999999998 6.716690851491952 -2.597410714700619 4.108170664731955 -3.7462997690743327
4.859999999999999 6.734928061294164 -2.5738804395773545 4.168101679642994 -3.7308702069700024
4.890000000000001 6.752461602366554 -2.550205925485298 4.227444690082692 -3.7133006092343273
4.919999999999998 6.769299719306933 -2.526411682177544 4.28608827507856 -3.693629006013622
4.949999999999999 6.785451441159303 -2.5025212821913096 4.343924283464577 -3.6719010324210024
4.98 6.800926510668448 -2.4785573510712897 4.400848471479492 -3.648169580331625
5.009999999999998 6.815735315612026 -2.4545415621092754 4.456761096545333 -3.6224943876147924
5.039999999999999 6.829888822425614 -2.430494635262265 4.511567460312973 -3.594941571114668
5.07 6.843398512296202 -2.4064363399079216 4.565178395083894 -3.565583110498362
5.099999999999998 6.856276319867696 -2.3823855011047437 4.617510688822753 -3.5344962907526583
5.129999999999999 6.868534574667521 -2.3583600090279937 4.668487445156915 -3.5017631115645567
5.16 6.880185945335429 -2.334376831261921 4.718038375974282 -3.467469672086499
5.189999999999998 6.891243386707411 -2.3104520276409484 4.76610002545111 -3.4317055396605505
5.219999999999999 6.901720089782328 -2.2866007673433546 4.812615925507629 -3.394563110962573
5.25 6.911629434578003 -2.262837347955257 4.85753668383905 -3.356136973744816
5.279999999999998 6.92098494586178 -2.2391752162375824 4.9008200066710685 -3.3165232769117345
5.309999999999999 6.929800251724192 -2.215626990343384 4.942430659345163 -3.275819116095819
5.34 6.938089044948759 -2.192204483249211 4.982340368621045 -3.234121941217596
5.370000000000001 6.945865047116374 -2.1689187271785006 5.020527671259552 -3.1915289917447094
5.399999999999999 6.953141975374088 -2.145779998814225 5.056977713975992 -3.1481367645507143
5.43 6.959933511785266 -2.122797845109382 5.09168201023463 -3.104040518410875
5.460000000000001 6.966253275173498 -2.0999811095234273 5.124638159599978 -3.0593338183098013
5.489999999999998 6.972114795364346 -2.0773379585250202 5.155849535476238 -3.0141081218925727
5.52 6.977531489724831 -2.0548759082175123 5.185324947056133 -2.968452409557697
5.550000000000001 6.982516641898243 -2.0326018509575645 5.213078281178923 -2.9224528589351952
5.579999999999998 6.9870833826278025 -2.0105220818500675 5.239128129592525 -2.876192563772983
5.609999999999999 6.9912446725627255 -1.988642325015264 5.263497406813144 -2.829751296622526
5.640000000000001 6.995013286939822 -1.966967759537082 5.286212963423279 -2.7832053141480335
5.669999999999998 6.99840180203383 -1.945503045011665 5.307305199246134 -2.7366272034106043
5.699999999999999 7.00142258327122 -1.9242523466263703 5.326807680388521 -2.6900857670704017
5.73 7.004087774904064 -1.9032193597089229 5.344756763692035 -2.6436459451440024
5.759999999999998 7.006409291143048 -1.8824073336963152 5.361191231659197 -2.5973687707009927
5.789999999999999 7.008398808650536 -1.861819095480288 5.376151940462765 -2.551311356725094
5.82 7.010067760299194 -1.8414570720948749 5.389681483189133 -2.5055269112594143
5.849999999999998 7.011427330103787 -1.8213233127180115 5.401823870037013 -2.460064777910359
5.879999999999999 7.0124884492381 -1.8014195099661692 5.412624226790267 -2.4149704988014586
5.91 7.013261793051682 -1.7817470204656105 5.422128512501875 -2.3702858971177827
5.939999999999998 7.013757779006822 -1.7623068846909056 5.430383256986758 -2.3260491764752373
5.969999999999999 7.013986565457749 -1.743099846064115 5.437435318416978 -2.2822950344751853
6.0 7.01395805120008 -1.7241263693136857 5.443331661038274 -2.2390547879475293
6.029999999999998 7.013681875720656 -1.705386658094856 5.448119152791205 -2.1963565075535207
6.059999999999999 7.013167420083326 -1.6868806718772331 5.451844382426073 -2.1542251595901507
6.09 7.0124238083890855 -1.6686081421076253 5.454553495525177 -2.1126827530312897
6.119999999999997 7.011459909752972 -1.6505685876587364 5.456292048716048 -2.071748490012612
6.149999999999999 7.010284340743791 -1.6327613295771082 5.4571048812522225 -2.031438918167933
6.18 7.008905468236628 -1.615185505144256 5.4570360030509955 -1.9917680833917877
6.210000000000001 7.007331412630462 -1.5978400812673665 5.456128498228988 -1.9527476817877587
6.239999999999998 7.005570051387686 -1.5807238672171489 5.454424443132386 -1.9143872097237742
6.27 7.003629022854929 -1.5638355267310835 5.451964837844615 -1.8766941110716182
6.300000000000001 7.00151573032727 -1.5471735895010112 5.4487895501499075 -1.839673920860142
6.329999999999998 6.999237346321286 -1.5307364620652704 5.444937270940347 -1.8033304046959635
6.359999999999999 6.996800817024907 -1.514522438124929 5.440445480079849 -1.7676656934409287
6.390000000000001 6.9942128668945145 -1.4985297083054905 5.435350421761318 -1.7326804127372617
6.419999999999998 6.991480003372279 -1.4827563693835077 5.429687088438215 -1.698373807077398
6.449999999999999 6.988608521699121 -1.4672004329998456 5.4234892124503675 -1.66474385820387
6.48 6.9856045098001385 -1.4518598338791224 5.416789264507789 -1.6317873977001998
6.509999999999998 6.982473853222622 -1.4367324375763926 5.409618458251943 -1.5995002137072138
6.539999999999999 6.979222240107412 -1.4218160477705981 5.402006760160452 -1.5678771517560137
6.57 6.9758551661767 -1.4071084131248608 5.39398290410952 -1.5369122097592467
6.599999999999998 6.972377939723534 -1.3926072337329167 5.385574409966987 -1.5065986272465082
6.629999999999999 6.968795686588065 -1.3783101671702285 5.376807605631107 -1.4769289689672032
6.66 6.96511335510967 -1.3642148341689457 5.367707651985303 -1.4478952030068952
6.689999999999998 6.961335721042614 -1.3503188239338688 5.358298570280082 -1.4194887735960182
6.719999999999999 6.957467392426297 -1.3366196991173034 5.348603271505215 -1.3917006688004137
6.75 6.953512814400913 -1.3231150004696521 5.338643587350252 -1.3645214832995671
6.779999999999998 6.949476273961485 -1.309802251181865 5.328440302399575 -1.3379414764708595
6.809999999999999 6.945361904642641 -1.296678960935389 5.318013187239323 -1.3119506259979254
6.84 6.94117369112959 -1.2837426296753585 5.307381032192045 -1.2865386772329153
6.869999999999997 6.936915473789195 -1.2709907511208083 5.296561681428383 -1.261695188534181
6.899999999999999 6.932590953117561 -1.2584208160264874 5.285572067232513 -1.2374095728080305
6.93 6.928203694100564 -1.2460303152094718 5.274428244228737 -1.213671135473366
6.960000000000001 6.923757130484276 -1.2338167423537616 5.263145423397911 -1.1904691090677644
6.989999999999998 6.919254568952532 -1.2217775966045927 5.251738005743428 -1.1677926847049371
7.02 6.91469919321088 -1.209910384964929 5.2402196154763185 -1.1456310405889294
7.050000000000001 6.910094067974206 -1.1982126245049085 5.228603132619428 -1.1239733677812338
7.079999999999998 6.905442142858091 -1.1866818443952731 5.216900724938931 -1.1028088934101596
7.109999999999999 6.900746256172914 -1.1753155877748593 5.20512387913265 -1.0821269015024622
7.140000000000001 6.896009138620353 -1.1641114134619568 5.193283431216609 -1.0619167516109116
7.169999999999998 6.89123341689263 -1.1530668975188503 5.1813895960602245 -1.042167895398724
7.199999999999999 6.886421617174653 -1.1421796346783286 5.169451996039263 -1.0228698913377026
7.23 6.881576168549659 -1.131447239640612 5.157479688775643 -1.004012417664433
7.259999999999998 6.876699406309441 -1.1208673482483444 5.145481193950539 -0.9855852837341434
7.289999999999999 6.871793575169503 -1.110437618548049 5.13346451917791 -0.9675784398991991
7.32 6.866860832390988 -1.10015573174386 5.121437184935772 -0.9499819860354105
7.349999999999998 6.861903250810253 -1.090019393051718 5.109406248557905 -0.932786178828995
7.379999999999999 6.856922821777812 -1.0800263324595065 5.097378327290645 -0.915981437930015
7.41 6.851921458007848 -1.0701743053996353 5.085359620427173 -0.8995583510719268
7.439999999999998 6.846900996340128 -1.060461093339612 5.073355930533191 -0.8835076782480772
7.469999999999999 6.841863200416091 -1.0508845042962278 5.061372683779963 -0.8678203550334009
7.5 6.836809763270722 -1.0414423732783362 5.049414949405524 -0.8524874951266409
7.529999999999998 6.831742309842015 -1.0321325626633242 5.037487458325196 -0.8375003921909153
7.559999999999999 6.826662399400112 -1.0229529625112885 5.025594620912616 -0.8228505210582746
7.59 6.821571527897626 -1.0139014908219912 5.013740543978462 -0.8085295383620112
7.619999999999997 6.816471130243507 -1.004976093738083 5.001929046968864 -0.7945292826542594
7.649999999999999 6.811362582502086 -0.9961747456987149 4.9901636774108304 -0.7808417740638711
7.68 6.806247204019029 -0.9874954495469139 4.978447725630668 -0.7674592135420546
7.710000000000001 6.801126259476918 -0.9789362365943994 4.966784238769977 -0.7543739817425101
7.739999999999998 6.796000960881333 -0.9704951666470232 4.955176034128279 -0.7415786375762703
7.77 6.790872469480094 -0.9621703279933591 4.9436257118548985 -0.729065916481444
7.800000000000001 6.7857418976174015 -0.9539598373598717 4.932135667019142 -0.7168287284402217
7.829999999999998 6.7806103105245725 -0.9458618398351984 4.9207081010812885 -0.7048601557772085
7.859999999999999 6.775478728049353 -0.9378745087655656 4.909345032792882 -0.6931534507672843
7.890000000000001 6.77034812632564 -0.9299960456242848 4.898048308546107 -0.6817020330792851
7.919999999999998 6.765219439385392 -0.9222246798572068 4.886819612200138 -0.6704994870802604
7.949999999999999 6.760093560714534 -0.9145586687062357 4.875660474407401 -0.6595395590225029
7.98 6.754971344754464 -0.9069962970127817 4.86457228145818 -0.6488161541324762
8.009999999999998 6.749853608350988 -0.899535877002982 4.853556283671487 -0.6383233336201837
8.04 6.74474113215254 -0.8921757480567735 4.842613603348055 -0.6280553116258509
8.07 6.7396346619586 -0.8849142764614516 4.831745242309443 -0.6180064521178306
8.099999999999998 6.734534910020981 -0.8777498551521845 4.820952089041111 -0.6081712657550943
8.129999999999999 6.729442556298472 -0.8706809034404562 4.8102349254580945 -0.5985444067273812
8.16 6.724358249667236 -0.8637058667314435 4.799594433314336 -0.5891206695825018
8.189999999999998 6.719282609087602 -0.8568232162320871 4.789031200268764 -0.579894986050634
8.219999999999999 6.714216224729714 -0.8500314486505826 4.778545725628635 -0.5708624218746744
8.25 6.709159659058207 -0.843329085888444 4.768138425784532 -0.5620181736542201
8.279999999999998 6.704113447878489 -0.8367146747261966 4.757809639352338 -0.5533575657093293
8.309999999999999 6.699078101345027 -0.8301867865034558 4.7475596320374915 -0.5448760469700279
8.34 6.694054104933403 -0.8237440167943993 4.737388601235635 -0.5365691878983128
8.369999999999997 6.689041920377271 -0.8173849850792214 4.727296680381436 -0.5284326774450416
8.399999999999999 6.684041986571448 -0.8111083344124601 4.717283943061846 -0.5204623200466911
8.43 6.679054720442264 -0.8049127310888515 4.70735040690151 -0.512654032666625
8.46 6.674080517786233 -0.7987968643072032 4.697496037236011 -0.5050038418811045
8.489999999999998 6.669119754078446 -0.7927594458330458 4.6877207505817315 -0.4975078810150306
8.52 6.664172785251381 -0.7867992096604038 4.67802441791301 -0.49016238732850775
8.55 6.659239948445563 -0.7809149116734319 4.66840686775824 -0.48296369925546784
8.579999999999998 6.65432156273246 -0.7751053293079696 4.658867889122053 -0.47590825369686884
8.61 6.649417929811565 -0.7693692612140511 4.649407234244847 -0.46899258336839705
8.64 6.644529334681388 -0.76370552691898 4.6400246212071785 -0.46221331420398376
8.669999999999998 6.639656046286402 -0.7581129664919952 4.630719736386673 -0.45556716281689336
8.7 6.634798318140022 -0.7525904402105443 4.621492236777331 -0.4490509340160255
8.73 6.629956388924747 -0.7471368282283102 4.612341752176256 -0.44266151838025547
8.759999999999998 6.62513048307066 -0.7417510302457735 4.603267887245838 -0.43639588988926126
8.79 6.620320811312152 -0.7364319651829052 4.594270223458374 -0.4302511036112834
8.82 6.615527571224592 -0.7311785708547035 4.585348320929602 -0.42422429344777335
8.849999999999998 6.610750947741227 -0.7259898036496658 4.576501720145215 -0.41831266993329475
8.879999999999999 6.605991113650869 -0.7208646382111179 4.567729943589045 -0.41251351809181114
8.91 6.601248230077507 -0.7158020671219152 4.5590324972755125 -0.4068241953474419
8.939999999999998 6.596522446942146 -0.7108011005924908 4.550408872193492 -0.4012421294896938
8.969999999999999 6.591813903407623 -0.7058607661523754 4.541858545665157 -0.3957648166922451
9.0 6.587122728307104 -0.7009801083453205 4.533380982624511 -0.3903898195844757
9.029999999999998 6.582449040556732 -0.6961581884282187 4.524975636821411 -0.3851147653740726
9.059999999999999 6.577792949553048 -0.6913940840736537 4.516641951952723 -0.3799373440218315
9.09 6.5731545555556075 -0.6866868890764111 4.508379362726441 -0.37485530646551
9.119999999999997 6.568533950055915 -0.6820357130641307 4.50018729586235 -0.369866462892628
9.149999999999999 6.56393121613213 -0.6774396812115568 4.492065171031087 -0.36496868106180863
9.18 6.559346428791128 -0.6728979339591481 4.484012401736936 -0.3601598846705098
9.21 6.5547796552976445 -0.668409626735622 4.476028396146366 -0.3554380517690045
9.239999999999998 6.55023095549139 -0.6639739296846803 4.468112557865594 -0.3508012132191808
9.27 6.545700382092313 -0.6595900273957434 4.460264286669543 -0.3462474511971833
9.3 6.541187980994714 -0.6552571186389222 4.452482979185537 -0.34177489773873615
9.329999999999998 6.536693791550274 -0.6509744161041062 4.444768029534198 -0.33738173332649046
9.36 6.532217846840767 -0.6467411461441783 4.437118829929147 -0.3330661855176648
9.39 6.527760173940502 -0.6425565485223699 4.429534771237998 -0.32882652761189635
9.419999999999998 6.523320794169184 -0.6384198761637471 4.422015243508572 -0.32466107735726024
9.45 6.51889972333528 -0.6343303949108549 4.414559636458925 -0.32056819569432765
9.48 6.51449697197036 -0.6302873832833045 4.407167339935919 -0.3165462855365536
9.509999999999998 6.510112545554766 -0.6262901322416252 4.399837744343786 -0.3125937905867312
9.54 6.505746444734945 -0.6223379449550975 4.392570241042485 -0.3087091941877408
9.57 6.501398665532554 -0.6184301365734478 4.385364222720399 -0.30489101820705494
9.599999999999998 6.497069199545868 -0.614566034002795 4.378219083739418 -0.30113782195470506
9.629999999999999 6.49275803414374 -0.6107449756852648 4.371134220457764 -0.2974482011321307
9.66 6.488465152652218 -0.6069663113827705 4.364109031528898 -0.2938207868128103
9.689999999999998 6.484190534534261 -0.6032294019644249 4.357142918178345 -0.2902542444526382
9.719999999999999 6.479934155562849 -0.5995336191979938 4.350235284461644 -0.28674727292965413
9.75 6.475695987987399 -0.5958783455449495 4.343385537501178 -0.2832986036120299
9.779999999999998 6.471476000694166 -0.59226297395934 4.336593087706891 -0.27990699945386055
9.809999999999999 6.467274159360554 -0.5886869076904316 4.3298573489783 -0.2765712541175877
9.84 6.463090426603758 -0.5851495600888835 4.323177738891424 -0.27329019112217595
9.869999999999997 6.4589247621235755 -0.5816503544164439 4.316553678870233 -0.27006266301714943
9.899999999999999 6.454777122840258 -0.5781887236594976 4.3099845943432795 -0.26688755058024166
9.93 6.4506474630268436 -0.5747641103457587 4.303469914888024 -0.26376376203938107
9.96 6.44653573443664 -0.5713759663645563 4.297009074361379 -0.2606902323177262
9.989999999999998 6.442441886426054 -0.5680237527906606 4.290601511019149 -0.25766592230046054
10.02 6.438365866072526 -0.5647069397111714 4.284246667623316 -0.2546898181239252
10.05 6.434307618288237 -0.561425006055873 4.277943991540168 -0.25176093048534626
10.079999999999998 6.430267085929501 -0.5581774394308386 4.271692934826763 -0.24887829397299557
10.11 6.426244209901895 -0.5549637359551235 4.265492954309325 -0.246040966416395
10.14 6.42223892926153 -0.551783400100655 4.2593435116527285 -0.24324802825523048
10.169999999999998 6.418251181312546 -0.5486359445352319 4.253244073421079 -0.24049858192706078
10.2 6.414280901700668 -0.5455208899684596 4.247194111130804 -0.23779175127324365
10.23 6.410328024503478 -0.5424377650007772 4.241193101297281 -0.2351266809618778
10.259999999999998 6.40639248231712 -0.5393861059753161 4.235240525473145 -0.23250253592811768
10.29 6.402474206339716 -0.5363654568326861 4.229335870281372 -0.22991850083048748
10.32 6.398573126451638 -0.5333753689686259 4.223478627442245 -0.22737377952345433
10.349999999999998 6.394689171292603 -0.5304154010943131 4.217668293793835 -0.22486759454511163
10.379999999999999 6.390822268336041 -0.5274851190994803 4.21190437130817 -0.2223991866201689
10.41 6.386972343960336 -0.5245840959182626 4.2061863671021085 -0.21996781417699285
10.439999999999998 6.383139323517549 -0.5217119113975043 4.200513793443416 -0.21757275287905606
10.469999999999999 6.3793231313994045 -0.5188681521678262 4.19488616775291 -0.2152132951698736
10.5 6.375523691100654 -0.5160524115170416 4.189303012602231 -0.21288874983101228
10.529999999999998 6.371740925280269 -0.513264289266299 4.18376385570799 -0.21059844155310875
10.559999999999999 6.3679747558198425 -0.510503391648345 4.178268229922786 -0.2083417105191551
10.59 6.364225103880132 -0.5077693311884739 4.172815673221691 -0.20611791199974294
10.619999999999997 6.36049188995514 -0.5050617265876357 4.1674057286876955 -0.20392641596012742
10.649999999999999 6.356775033924221 -0.5023802026078963 4.162037944492641 -0.20176660667849428
10.68 6.35307445510205 -0.49972438996014906 4.156711873876136 -0.199637882375128
10.709999999999997 6.349390072286729 -0.49709392519407336 4.151427075121916 -0.19753965485220423
10.739999999999998 6.345721803805903 -0.49448845059019464 4.146183111532814 -0.19547134914407177
10.77 6.342069567561205 -0.4919076140540949 4.140979551401564 -0.19343240317709817
10.8 6.338433281070768 -0.4893510690127647 4.1358159679823 -0.191422267439611
10.829999999999998 6.334812861510164 -0.48681847431286696 4.130691939458366 -0.18944040466097306
10.86 6.33120822575172 -0.4843094941211577 4.125607048909089 -0.18748628949979446
10.89 6.327619290402185 -0.4818237978267031 4.120560884275219 -0.18555940824089484
10.919999999999998 6.324045971838991 -0.4793610599451843 4.11555303832303 -0.18365925850104567
10.95 6.320488186244948 -0.4769209600249377 4.110583108606743 -0.1817853489426705
10.98 6.316945849641655 -0.47450318255497537 4.105650697430038 -0.17993719899577001
11.009999999999998 6.313418877921475 -0.47210741687464186 4.10075541180696 -0.17811433858771422
11.04 6.309907186878233 -0.46973335708525865 4.09589686342097 -0.17631630788028432
11.07 6.306410692236754 -0.46738070196337766 4.091074668584239 -0.1745426570145034
11.099999999999998 6.302929309680946 -0.46504915487563475 4.086288448194924 -0.1727929458619481
11.129999999999999 6.299462954881074 -0.4627384236955369 4.081537827695473 -0.1710667437837128
11.16 6.296011543519675 -0.4604482207216772 4.0768224370283965 -0.16936362939537172
11.189999999999998 6.292574991316341 -0.4581782625975265 4.072141910592901 -0.16768319033879214
11.219999999999999 6.289153214051785 -0.45592827023297783 4.0674958872005424 -0.16602502306013014
11.25 6.285746127590516 -0.453697968727259 4.062884010030938 -0.16438873259411407
11.279999999999998 6.282353647902902 -0.4514870872934337 4.058305926586493 -0.16277393235391285
11.309999999999999 6.278975691086069 -0.4492953591843208 4.053761288646858 -0.16118024392689081
11.34 6.2756121733839985 -0.44712252161987 4.049249752224249 -0.15960729687617262
11.369999999999997 6.2722630112067765 -0.4449683157160473 4.0447709775171985 -0.15805472854720062
11.399999999999999 6.268928121149005 -0.44283248641489426 4.040324628865171 -0.15652218387993103
11.43 6.265607420007396 -0.44071478241619205 4.035910374702731 -0.15500931522579747
11.459999999999997 6.262300824797748 -0.4386149561102729 4.031527887513553 -0.15351578216980638
11.489999999999998 6.259008252770908 -0.4365327635121446 4.027176843784822 -0.1520412513574312
11.52 6.255729621428289 -0.43446796419702616 4.022856923961259 -0.15058539632605356
11.55 6.2524648485365475 -0.4324203212370243 4.018567812399341 -0.14914789734094197
11.579999999999998 6.249213852141759 -0.4303896011389959 4.014309197322037 -0.14772844123579718
11.61 6.245976550582738 -0.42837557378369046 4.010080770772997 -0.1463267212572253
11.64 6.242752862504069 -0.4263780123660598 4.005882228571561 -0.14494243691378172
11.669999999999998 6.2395427068681935 -0.4243966933366825 4.0017132702671585 -0.14357529382848655
11.7 6.236346002967272 -0.422431396344316 3.9975735990948458 -0.14222500359569015
11.73 6.233162670434259 -0.4204819041795485 3.993462921930372 -0.14089128364165315
11.759999999999998 6.229992629253619 -0.4185480027195854 3.9893809492458168 -0.13957385708845133
11.79 6.226835799771453 -0.4166294808740251 3.9853273950654335 -0.13827245262195542
11.82 6.223692102705224 -0.414726130531724 3.9813019769216216 -0.13698680436286498
11.849999999999998 6.220561459152973 -0.4128377465086126 3.9773044158116693 -0.13571665174140796
11.879999999999999 6.217443790602089 -0.4109641264966123 3.9733344361539924 -0.1344617393749562
11.91 6.214339018937697 -0.40910507101337906 3.9693917657456526 -0.13322181694932878
11.939999999999998 6.211247066450628 -0.40726038335317094 3.9654761357194133 -0.13199663910265177
11.969999999999999 6.208167855845002 -0.4054298695385329 3.9615872805017913 -0.130785965312529
12.0 6.205101310245333 -0.4036133382728878 3.957724937770955 -0.1295895597859939
12.029999999999998 6.202047353203548 -0.40181060089419823 3.9538888484151755 -0.12840719135252796
12.059999999999999 6.1990059087053195 -0.40002147132922017 3.950078756491813 -0.1272386333592727
12.09 6.1959769011763655 -0.3982457660489279 3.9462944091864305 -0.1260836635697252
12.119999999999997 6.1929602554881695 -0.39648330402456994 3.9425355567726856 -0.12494206406427102
12.149999999999999 6.189955896963632 -0.3947339066846375 3.938801952572106 -0.12381362114374359
12.18 6.186963751382334 -0.39299739787263255 3.9350933529143415 -0.12269812523503401
12.209999999999997 6.183983744985436 -0.391273603805641 3.9314095170986283 -0.1215953707995171
12.239999999999998 6.181015804480539 -0.38956235303369596 3.927750207354297 -0.12050515624352748
12.27 6.178059857045948 -0.387863476399864 3.9241151888030714 -0.11942728383109294
12.3 6.175115830335068 -0.3861768070011225 3.9205042294206374 -0.11836155959888325
12.329999999999998 6.172183652480294 -0.3845021801499701 3.916917099999571 -0.1173077932735199
12.36 6.169263252096835 -0.3828394333367476 3.9133535741118797 -0.11626579819048855
12.39 6.166354558286205 -0.3811884061926422 3.9098134280725185 -0.11523539121534526
12.419999999999998 6.163457500639593 -0.37954894045349435 3.906296440903244 -0.1142163926671986
12.45 6.160572009241005 -0.37792087992407786 3.9028023942964563 -0.11320862624328468
12.48 6.1576980146702756 -0.3763040704432906 3.8993310725802655 -0.11221191894635753
12.509999999999998 6.154835448005813 -0.37469835984983924 3.8958822626829646 -0.11122610101295541
12.54 6.151984240827147 -0.3731035979485875 3.8924557540990845 -0.11025100584416454
12.57 6.149144325217594 -0.3715196364776128 3.889051338854671 -0.10928646993769357
12.599999999999998 6.146315633766307 -0.3699463290757884 3.8856688114739697 -0.10833233282168706
12.629999999999999 6.143498099570675 -0.36838353125104967 3.88230796894585 -0.10738843699019215
12.66 6.1406916562381255 -0.36683110034916006 3.8789686106912296 -0.10645462784019087
12.689999999999998 6.137896237888162 -0.3652888955231879 3.875650538530185 -0.10553075361002764
12.719999999999999 6.1351117791540775 -0.3637567777034573 3.8723535566502374 -0.10461666531963563
12.75 6.13233821518458 -0.362234609568098 3.8690774715744514 -0.10371221671184665
12.779999999999998 6.129575481645292 -0.3607222555141465 3.8658220921303776 -0.10281726419540672
12.809999999999999 6.126823514720307 -0.35921958162921774 3.8625872294191814 -0.10193166678910348
12.84 6.124082251113334 -0.35772645566363187 3.8593726967849555 -0.10105528606745487
12.869999999999997 6.1213516280490134 -0.3562427470031558 3.8561783097849176 -0.1001879861075566
12.899999999999999 6.118631583274071 -0.35476832664221736 3.853003886159648 -0.0993296334373566
12.93 6.115922055058265 -0.3533030671575971 3.8498492458039517 -0.09848009698488923
12.959999999999997 6.113222982195433 -0.35184684268268795 3.8467142107376757 -0.09763924802881818
12.989999999999998 6.110534304004388 -0.350399528882186 3.8435986050775828 -0.0968069601505699
13.02 6.107855960329678 -0.34896100292727716 3.8405022550089285 -0.09598310918671756
13.05 6.105187891542306 -0.3475311434712422 3.837424988757893 -0.09516757318338637
13.079999999999998 6.102530038540508 -0.3461098306256887 3.8343666365641815 -0.09436023235111284
13.11 6.099882342750333 -0.34469694593703254 3.8313270306539997 -0.09356096902106821
13.14 6.097244746126143 -0.3432923723635564 3.828306005213409 -0.0927696676022438
13.169999999999998 6.094617191151231 -0.34189599425287437 3.8253033963621332 -0.09198621453948949
13.2 6.091999620838246 -0.3405076973198143 3.82231904212738 -0.09121049827272308
13.23 6.089391978729512 -0.3391273686247494 3.8193527824188487 -0.0904424091969891
13.259999999999998 6.0867942088975875 -0.3377548965523685 3.8164044590027677 -0.08968183962342431
13.29 6.0842062559454995 -0.33639017079077005 3.813473915477763 -0.08892868374122004
13.32 6.081628065006964 -0.3350330823110886 3.8105609972496914 -0.08818283758031054
13.349999999999998 6.079059581746797 -0.33368352334735535 3.8076655515079523 -0.08744419897494304
13.379999999999999 6.076500752361056 -0.33234138737700586 3.8047874272012647 -0.08671266752816788
13.41 6.073951523577288 -0.33100656910144516 3.80192647501444 -0.0859881445773728
13.439999999999998 6.07141184265468 -0.3296789644273039 3.799082547345061 -0.08527053315979474
13.469999999999999 6.068881657384162 -0.3283584704478242 3.796255498280393 -0.08455973797974388
13.5 6.066360916088691 -0.3270449854248364 3.7934451835752334 -0.08385566537599404
13.529999999999998 6.063849567623151 -0.325738408770888 3.7906514606293276 -0.08315822329025202
13.559999999999999 6.061347561374681 -0.3244386410318822 3.787874188465679 -0.08246732123576228
13.59 6.05885484726247 -0.32314558387001785 3.785113227708573 -0.08178287026764552
13.619999999999997 6.056371375738106 -0.32185914004705357 3.782368440562781 -0.08110478295264069
13.649999999999999 6.0538970977854065 -0.32057921340795054 3.7796396907919334 -0.08043297334061139
13.68 6.051431964920537 -0.3193057088648924 3.776926843698127 -0.07976735693589553
13.709999999999997 6.048975929192077 -0.3180385323814867 3.7742297661014526 -0.0791078506698792
13.739999999999998 6.0465289431809435 -0.31677759095748315 3.771548326319761 -0.07845437287371246
13.77 6.044090960000421 -0.3155227926137237 3.7688823941486898 -0.07780684325203435
13.799999999999997 6.041661933296233 -0.3142740463773607 3.7662318408422557 -0.07716518285687682
13.829999999999998 6.039241817246462 -0.31303126226755035 3.7635965390934913 -0.0765293140624868
13.86 6.036830566561549 -0.3117943512812928 3.760976363015041 -0.07589916054040023
13.89 6.0344281364842995 -0.31056322537963843 3.7583711881208557 -0.07527464723539501
13.919999999999998 6.032034482789845 -0.3093377974742525 3.7557808913073827 -0.07465570034162264
13.95 6.0296495617856625 -0.30811798141423136 3.7532053508352217 -0.07404224727953018
13.98 6.027273330311477 -0.3069036919731973 3.7506444463113713 -0.07343421667303716
14.009999999999998 6.024905745739297 -0.30569484483669346 3.7480980586712307 -0.07283153832748616
14.04 6.022546765973354 -0.3044913565899379 3.745566070161063 -0.07223414320773547
14.07 6.020196349450115 -0.30329314470578095 3.743048364320928 -0.07164196341714119
14.099999999999998 6.017854455138203 -0.30210012753295284 3.7405448259673735 -0.07105493217648497
14.129999999999999 6.015521042538394 -0.3009122242846639 3.7380553411769455 -0.07047298380377265
14.16 6.013196071683598 -0.2997293550273549 3.73557979726923 -0.06989605369434092
14.189999999999998 6.0108795031387885 -0.2985514406698776 3.7331180827909147 -0.06932407830121208
14.219999999999999 6.008571298001019 -0.297378402952825 3.7306700874993997 -0.06875699511603536
14.25 6.006271417899361 -0.29621016443814796 3.7282357023469466 -0.06819474265052732
14.279999999999998 6.003979824994889 -0.2950466484990708 3.7258148194652296 -0.06763726041794522
14.309999999999999 6.001696481980618 -0.29388777931026366 3.723407332149592 -0.0670844889154024
14.34 5.999421352081493 -0.2927334818382621 3.7210131348440094 -0.06653636960619204
14.369999999999997 5.997154399054347 -0.29158368183211747 3.718632123125997 -0.06599284490257368
14.399999999999999 5.994895587187864 -0.2904383058143541 3.716264193691657 -0.06545385814912286
14.43 5.992644881302487 -0.28929728107213165 3.713909244341458 -0.06491935360599148
14.459999999999997 5.990402246750473 -0.2881605356486714 3.711567173965294 -0.06438927643313225
14.489999999999998 5.9881676494157565 -0.287027998334956 3.709237882528757 -0.06386357267406291
14.52 5.9859410557139 -0.28589959866164244 3.7069212710586084 -0.06334218924089968
14.549999999999997 5.983722432592051 -0.2847752668911514 3.7046172416296552 -0.0628250738986446
14.579999999999998 5.9815117475289075 -0.2836549340101799 3.7023256973503433 -0.06231217525076632
14.61 5.979308968534566 -0.2825385317222551 3.700046542349887 -0.06180344272446497
14.64 5.977114064150512 -0.2814259924406184 3.697779681764805 -0.06129882655638104
14.669999999999998 5.97492700344943 -0.28031724928133 3.69552502172564 -0.060798277778716554
14.7 5.97274775603518 -0.2792122360566179 3.693282469344319 -0.06030174820553387
14.73 5.970576292042688 -0.2781108872683857 3.691051932701404 -0.05980919041928126
14.759999999999998 5.968412582137728 -0.27701313810207223 3.6888333208334108 -0.05932055775769828
14.79 5.966256597516829 -0.27591892442055516 3.6866265437205223 -0.05883580430089984
14.82 5.964108309907143 -0.2748281827584923 3.6844315122742257 -0.05835488485876736
14.849999999999998 5.961967691566179 -0.2737408503166814 3.6822481383255568 -0.057877754958552775
14.879999999999999 5.959834715281696 -0.2726568649567756 3.680076334612931 -0.05740437083272829
14.91 5.957709354371387 -0.27157616519613187 3.677916014770358 -0.056934689407164285
14.939999999999998 5.955591582682738 -0.2704986902029368 3.675767093316325 -0.056468668289340586
14.969999999999999 5.953481374592705 -0.26942437979150313 3.6736294856418144 -0.05600626575699727
15.0 5.951378705007406 -0.26835317441773826 3.6715031079995066 -0.05554744074687871
