-14.99999999999985 5.233376263848784 -0.013088204776019942 1.404343133662152 -0.012482149203599125
-13.94307442116846 5.070025305756147 -0.061242079670269886 1.2462354109260665 -0.05843202781606792
-13.024675157555 4.935318261558789 -0.11959368640783923 1.1155082215480756 -0.11407711919658385
-12.21920514335649 4.804083295002716 -0.20216703988014548 0.988157236711364 -0.19296670054191153
-11.50700787033964 4.686428041305591 -0.30632134336000827 0.8738429869219071 -0.2925273822841303
-10.87273853939113 4.587730904980791 -0.4268830633120358 0.7777304409793628 -0.4079323487052177
-10.30424328906179 4.510372267465966 -0.5575663949827961 0.7021969962639516 -0.5331641774901306
-9.791770743284603 4.454422621771119 -0.6927975127478717 0.6473834010593484 -0.6628334031951323
-9.327406333425754 4.418386962460063 -0.8277137524810065 0.6117792445085404 -0.7921422511285499
-8.904659262506948 4.399822078578624 -0.9589721195963403 0.5931744877932501 -0.9181845161816199
-8.518156126042184 4.396170374596843 -1.0843821910443956 0.5891824109735029 -1.0383181399211063
-8.163410383531915 4.404892275073109 -1.2024195024431759 0.597118045881817 -1.1512812631633516
-7.836646640587201 4.4235353873308405 -1.3124233061404327 0.6146650527932773 -1.256418479019696
-7.53466511741108 4.450070612652392 -1.414310777867182 0.6399330021074872 -1.353744952585863
-7.254735975022024 4.482893066562224 -1.5081671093397633 0.6713385448314555 -1.4429677644314767
-6.994516097029167 4.520565678690926 -1.5941110899742152 0.7072894255888422 -1.5246375549288804
-6.751982950306773 4.561761542551612 -1.6726427532160864 0.7468258970567381 -1.599071108192943
-6.525381570524497 4.605599776902947 -1.7444388682011527 0.7889205929554834 -1.6665059320733864
-6.313181731196434 4.651522880540733 -1.8098237498673972 0.8326441771639241 -1.7277527132142536
-6.114043084875222 4.698854334710656 -1.8691797619974275 0.877649053931655 -1.7832341014081399
-5.926786597410246 4.7470354517910165 -1.9229583386082405 0.92346991017568 -1.8332921102285573
-5.750370988549688 4.795655141818355 -1.971637636012154 0.9696236366888926 -1.8782304154909337
-5.583873184308414 4.844382453501665 -2.015491677031213 1.0156693723137553 -1.9187382387645573
-5.42647200610483 4.892818942248422 -2.0552859550959255 1.0616607412973944 -1.9551085717451149
-5.277434488177201 4.941213317790965 -2.091134884128359 1.1073463986899577 -1.9873312676559238
-5.136104342104078 4.9892199949610525 -2.1230891864585604 1.152217088331366 -2.016127018055249
-5.001892185363844 5.036467891536592 -2.1517834608032755 1.1965367345966418 -2.0415928021233807
-4.87426722703304 5.083226901160939 -2.1772085400710384 1.2400118277888752 -2.0641663391567944
-4.752750163264181 5.129074795046282 -2.1997722225829044 1.2828358654488206 -2.083690181283169
-4.636907082037206 5.174237776518316 -2.2196656331317004 1.324449912891395 -2.1007299934676267
-4.526344213778932 5.218615873186515 -2.2367157009005636 1.365216536679379 -2.115337234605164
-4.420703393996887 5.26167000568658 -2.251622700997836 1.4048542001051145 -2.1279317607951858
-4.319658127746223 5.304016278675359 -2.2643105955412355 1.443753870571173 -2.138296621100584
-4.2229101648128 5.345193758103348 -2.2750514989844652 1.4813738621643378 -2.146774780901705
-4.130186509927485 5.385517811712676 -2.2840341906804937 1.517974157756671 -2.1533590313562487
-4.04123680487929 5.425025400956919 -2.2909380514918887 1.5531709038253978 -2.1587498992041354
-3.955831029653008 5.463078497659916 -2.2964300693222075 1.5878678856628308 -2.162404107218478
-3.873757478137248 5.500508079292973 -2.3002881177783587 1.6210727852551945 -2.1648146472019407
-3.794820970889963 5.536632137539618 -2.3027534096920355 1.6535828390246023 -2.165799259536338
-3.718841273193658 5.57190245969449 -2.30388278728868 1.6847196477130626 -2.1655914731883663
-3.645651691406517 5.606075894950962 -2.303619941051199 1.7148239254562507 -2.1643786632225863
-3.575097824597339 5.6389750889099926 -2.3024232110930702 1.7438538652612672 -2.1623873588333735
-3.507036451785128 5.671148159785533 -2.30016723395325 1.772205109628369 -2.1592873848696996
-3.441334537903729 5.702236291901677 -2.296807979882053 1.7992545622577412 -2.1553430090780266
-3.377868343971221 5.732209998316112 -2.292589271642195 1.8254140868090531 -2.1507164007788027
-3.316522628938475 5.76122747494941 -2.2876913866887487 1.8506651574065134 -2.1453167150073793
-3.257189932382928 5.789536899283309 -2.281841560423675 1.874881341774008 -2.1392252685415145
-3.199769928652489 5.816648197939748 -2.2751802169540865 1.8980688622092807 -2.1326888705432543
-3.144168844291917 5.842754533453276 -2.267913041938448 1.9205177379310476 -2.1256126821938097
-3.090298931633902 5.867878606143899 -2.2602140801272825 1.9420030107278077 -2.118054173839146
-3.038077992337555 5.892351280428231 -2.2518912850211534 1.9626708080099622 -2.11015192341923
-2.987428945431347 5.9158149555598865 -2.242902295721366 1.982671135410818 -2.1016811115151044
-2.938279435084989 5.938210692371791 -2.2336231785609013 2.001575324948764 -2.0928387015723597
-2.890561473911586 5.9600091212596915 -2.223870516849011 2.019660679490866 -2.0838978717625745
-2.844211118100896 5.980771078779291 -2.2136941547869733 2.0372121704038793 -2.074657439100138
-2.799168171118326 6.000699204011299 -2.203291503965677 2.0539753742155518 -2.064969247598225
-2.755375913081502 6.0199209055097445 -2.192569779225038 2.069705861354196 -2.0553176121368817
-2.712780853255288 6.0382914759471875 -2.1816584749458454 2.0851600996816044 -2.045417733548838
-2.671332503393478 6.056126775502442 -2.170362022737679 2.0996869398056397 -2.03526575787924
-2.630983169907057 6.072946335055209 -2.158788164214868 2.1135426576769105 -2.0250570278924105
-2.591687763059467 6.088968773736603 -2.147225924861542 2.126761615918656 -2.0147898371637076
-2.553403621583412 6.104471280439677 -2.1355485125243647 2.1394055027831955 -2.004478684271436
-2.51609035128428 6.119308034716859 -2.123631320032595 2.1515390329111233 -1.9939677890656988
-2.479709676346002 6.133350064677486 -2.111654175547153 2.1628399419364044 -1.9835510550460693
-2.444225302188003 6.146841742015831 -2.0996107704855316 2.173888362024796 -1.9730045836811358
-2.409602788839831 6.159667939336325 -2.0874506198486027 2.1840450811281324 -1.9626144754461965
-2.375809433904204 6.171788763947065 -2.0754343151474828 2.1941715783989117 -1.9520254608490768
-2.342814164271993 6.1837083091503775 -2.0630877664714946 2.203228878214582 -1.9415472749158726
-2.310587435834981 6.194390513602071 -2.0509180453323776 2.2121881691868124 -1.9311439035564142
-2.279101140515615 6.205017366180089 -2.0388765660367945 2.220455871635083 -1.9208679631465198
-2.248328519998396 6.215017652856533 -2.026667332218683 2.228651801225245 -1.910485606259292
-2.218244085606003 6.22433449855934 -2.014630419382628 2.2360326529725123 -1.900132761071917
-2.188823543815517 6.233386709551031 -2.002598270563798 2.243113126227237 -1.89001763037873
-2.160043726956896 6.241771574914132 -1.99063373008443 2.2499625205630562 -1.8798320005453282
-2.131882528677896 6.249815865841288 -1.9787496364099244 2.2561990424097993 -1.869700470331413
-2.104318843797273 6.257340382247743 -1.966906175196762 2.262095253891935 -1.8597323238625916
-2.077332512202037 6.264378836149758 -1.955249061373233 2.267632931614003 -1.849891424819685
-2.050904266475056 6.271140087590313 -1.943720422483707 2.272871309671962 -1.8401317313591643
-2.025015682966774 6.277566350678873 -1.9321055926826516 2.277705576438551 -1.830537903146143
-1.999649136049677 6.283290057958746 -1.9207395255944502 2.282358009158009 -1.8211013146781891
-1.974787755316548 6.288938460931401 -1.9095152033633822 2.286820320101965 -1.8115398570644865
-1.950415385503824 6.294092625983258 -1.8983762474855403 2.2905634810205755 -1.8022979512775532
-1.926516548939786 6.298964381614145 -1.887472896799349 2.2945523802690295 -1.7931009134103078
-1.903076410333882 6.3037308689175 -1.87649732366929 2.2978870744643762 -1.7838851197910324
-1.880080743738695 6.307862409612362 -1.8655388050032973 2.300922997800602 -1.77501173481271
-1.857515901529694 6.3115256333408185 -1.8550545564175962 2.3039122200205115 -1.7662702090351954
-1.835368785260465 6.3153912916747394 -1.8445842383672748 2.306592546566045 -1.757632862949978
-1.813626818262427 6.318614772498668 -1.834167500721959 2.3091096044344193 -1.749168691610309
-1.792277919868425 6.321649248984464 -1.8240141604515474 2.3115129041423144 -1.7407369906974495
-1.771310481148986 6.324471018783317 -1.8140302463237028 2.3135945664678728 -1.7323441259324954
-1.750713342058706 6.327150338227932 -1.8040778012222243 2.315358575289886 -1.7241251612911141
-1.730475769898035 6.329411830361911 -1.7942496341755176 2.3168700583999993 -1.7162892493668938
-1.710587439002987 6.33145018620166 -1.7846914936945515 2.3186516778992 -1.708462654277683
-1.691038411581846 6.333427678339365 -1.7751772977306084 2.3199802646280685 -1.7006025483497582
-1.671819119624006 6.334951232710293 -1.7658883281685827 2.3211244337498727 -1.692967443074895
-1.652920347811602 6.336531599884162 -1.7567239433596633 2.3221666223151374 -1.6854883268712777
-1.634333217369665 6.337726614462366 -1.7476621100227072 2.323105872975587 -1.678077833497171
-1.61604917079522 6.338752004624508 -1.7389342174647946 2.323831565845067 -1.6707427442494207
-1.598059957409986 6.339941860285229 -1.7301003414470275 2.324333770600619 -1.6636414755815707
-1.580357619685341 6.340440164811222 -1.7214189959900923 2.324929677199722 -1.6565676268811087
-1.562934480291789 6.340950824549388 -1.7131160759288853 2.3250942698327144 -1.6496125636137455
-1.545783129828541 6.341441964841721 -1.7049239472764042 2.3252504900482442 -1.642946735889492
-1.528896415191896 6.341794018887037 -1.6968225605205718 2.325443747509627 -1.636335837770086
-1.512267428543951 6.342047575446098 -1.6887520482060359 2.3254631430333443 -1.6297222592764498
-1.495889496845788 6.341969839641797 -1.680840720461942 2.325212411453465 -1.6233453069056119
-1.479756171921723 6.341805377053254 -1.6731953202239815 2.3251182656266605 -1.6170926909969525
-1.463861221023439 6.3416407604556255 -1.6656898838586842 2.324843734543185 -1.6107839802061632
-1.4481986178649 6.341413373972594 -1.6581949932758473 2.32425507645311 -1.6046963604132938
-1.432762534100852 6.340933958144629 -1.6507611495121208 2.323739366584729 -1.5988649787959777
-1.417547331223529 6.340211902617501 -1.643584568425341 2.3232616402699797 -1.5930812328679662
-1.402547552853774 6.339492289308837 -1.6366968210785897 2.3226954439924024 -1.5873055542326604
-1.387757917404398 6.338896309102741 -1.629864884250688 2.321980785822713 -1.581596473774326
-1.373173311094914 6.33816438565282 -1.6230053859157492 2.3211139300252226 -1.5760694113077593
-1.358788781298217 6.3372441225556635 -1.61620927151299 2.320304596994121 -1.570685391925648
-1.344599530200891 6.336099307200968 -1.6096366951542587 2.319487101831792 -1.565245740635615
-1.330600908760078 6.335002015036402 -1.6032084870410923 2.3183150055088904 -1.5599513534370752
-1.316788410940793 6.33369678014566 -1.5969947443710453 2.317234353617647 -1.554925723399498
-1.303157668218649 6.332619970900078 -1.5908126640148084 2.316246325725361 -1.549878887472481
-1.289704444333805 6.331178983298396 -1.5846926111877662 2.3150014192560464 -1.5448964029089596
-1.276424630282861 6.3297454042230425 -1.5788294761582857 2.3137855471548727 -1.540097513528755
-1.263314239536188 6.328351476609091 -1.5730321569296104 2.312559446631346 -1.5353658081403256
-1.250369403468921 6.326782257300435 -1.5674104387280978 2.311282409190323 -1.530711154258072
-1.237586366994588 6.325422445343165 -1.561818362967491 2.310006911333663 -1.526096314713907
-1.22496148439092 6.323750640841517 -1.5563048243679363 2.3085887353013166 -1.5215349743727369
-1.212491215308081 6.322210746131168 -1.5509071169136204 2.3070859601806015 -1.5171385982646506
-1.200172120950044 6.320454681667111 -1.545620226757076 2.3056305867994515 -1.512861647190187
-1.188000860420427 6.318825337688407 -1.5404336826057201 2.3041438685572406 -1.5086267455275526
-1.175974187224572 6.317031128135286 -1.5352998057726646 2.302552701552319 -1.504544494753642
-1.164088945920123 6.315232195337896 -1.530299645611908 2.301145702909275 -1.5005580586728395
-1.152342068908791 6.313413592932029 -1.5253236665237488 2.2997608722113965 -1.496389929165072
-1.14073057336241 6.311370832976149 -1.5205211050518264 2.2979049846531625 -1.4923221443418793
-1.129251558276759 6.309464388017105 -1.5159110126580737 2.2961893776105327 -1.4885707857718353
-1.117902201646994 6.307571926515148 -1.511351814195083 2.294502914021346 -1.4849185755802858
-1.106679757758871 6.305739009385917 -1.5067329439371446 2.2929684743252823 -1.4812626013726609
-1.095581554590243 6.303583213921501 -1.5022129226186627 2.291254938946307 -1.4776026446636488
-1.084604991317632 6.301511535940165 -1.4979390541915014 2.2895849167019477 -1.4740603715774157
-1.073747535922946 6.299529934773888 -1.4936934806288598 2.2878903306318708 -1.47054637833215
-1.063006722895663 6.2974566520373605 -1.489462811310423 2.2861524990085877 -1.4670975670178266
-1.052380151026074 6.295318841872127 -1.4853294232616105 2.284430741738033 -1.4636912891285287
-1.041865481285389 6.293122207706392 -1.4813520670633897 2.282603667717579 -1.4603419412738543
-1.031460434788744 6.2910304646756146 -1.4774825200190242 2.280805542670234 -1.4570752175721258
-1.021162790837329 6.288967184660708 -1.4735644812553812 2.2788940024025295 -1.4538978218404912
-1.010970385036089 6.286677361657381 -1.4697260134008063 2.2770735653067655 -1.4508464279560735
-1.000881107483597 6.284394760883646 -1.4661751412116721 2.2752487027489186 -1.4478209238029212
-0.9908929010308823 6.282458286372786 -1.4625893810101127 2.273419194381561 -1.444863515340699
-0.9810037596061753 6.280219451968452 -1.458928611959889 2.271660568960249 -1.4419111138893308
-0.971211726602654 6.278032028688254 -1.4554275550857392 2.2697453115955937 -1.4389865767421137
-0.9615148933264523 6.275842439825027 -1.4519353366483496 2.267900347699087 -1.4361807871311045
-0.9519113975022987 6.273517618633302 -1.448538916984116 2.2660214884090997 -1.4333965320838506
-0.9423994218343085 6.271266303109442 -1.4452604717990905 2.264102597921154 -1.430729273090352
-0.9329771926195576 6.268953798581221 -1.442048912828652 2.262375276982822 -1.4280852269442657
-0.9236429784121845 6.2666516609168905 -1.4389996313176354 2.2604955448699307 -1.4253485334358371
-0.9143950887358859 6.26454124967999 -1.4359923737373559 2.2585048537482724 -1.4227583259754537
-0.9052318728427537 6.262422877691816 -1.432865781513978 2.2566422959311074 -1.420284978185372
-0.8961517185165274 6.260082598219334 -1.4298038877190107 2.2547644765137425 -1.417792977905333
-0.8871530509183995 6.257838577439502 -1.4268902840492277 2.2528642797738336 -1.4153399095238846
-0.8782343314736151 6.25558566912053 -1.4239772311427041 2.250931395732262 -1.4129497658254255
-0.869394056797195 6.2532348422231285 -1.4211661346027769 2.2490129324607055 -1.4106416702818732
-0.8606307576571651 6.251005472728974 -1.4184632528650898 2.2471275882299957 -1.4083967459763795
-0.8519429979737825 6.248797648660281 -1.415732251777231 2.2453319594212306 -1.4061515912564175
-0.8433293738532892 6.246516994657537 -1.4130181425272859 2.2434786510436404 -1.4038485331517705
-0.8347885126548114 6.2442013514734995 -1.410386443810573 2.241530192952144 -1.4015896774179029
-0.8263190720890765 6.241874986868737 -1.407846566817696 2.239550064762648 -1.3994421033571078
-0.8179197393476814 6.2395717412987945 -1.4053994918791737 2.2376202048901552 -1.397380542464067
-0.809589230261703 6.23733675839862 -1.4030045012194947 2.235721812455658 -1.3953377395928535
-0.8013262884885015 6.235134273514952 -1.400595008326195 2.233791188701697 -1.3933258204932624
-0.7931296847256015 6.23284300635218 -1.3982306864051166 2.231891883135475 -1.3913785586792349
-0.7849982159506154 6.230665904188994 -1.3959083453053827 2.2300094851572414 -1.3894545414426096
-0.7769307046861815 6.22835092771812 -1.3935834692601252 2.228119292207312 -1.3875740397642153
-0.7689259982889687 6.226086555058735 -1.3913557420333325 2.2263436296675416 -1.3856908102776988
-0.7609829682618184 6.223746543354872 -1.3891992678925564 2.2244266349625197 -1.3837278382002476
-0.7531005095881461 6.221543441078195 -1.3871195133022156 2.2224020030118448 -1.3819039231482875
-0.7452775400877568 6.219256774659584 -1.3850557775181493 2.220486988264242 -1.3802325855431314
-0.7375129997932672 6.217118930106599 -1.383042586188263 2.2186732437835803 -1.378540735095042
-0.7298058503463654 6.214881736079367 -1.3809789354448316 2.2167981637347656 -1.3768096799149423
-0.7221550744131645 6.212632173154032 -1.378992109106109 2.2149059318936106 -1.3751548145553059
-0.7145596751179415 6.21035442826423 -1.3770752951199372 2.2130881265801916 -1.3735386790714719
-0.7070186754945859 6.208108301459585 -1.3752585841050882 2.2112238111005884 -1.3719109359440416
-0.699531117955104 6.205973714824321 -1.3734676011425628 2.20940422289154 -1.3703432042187154
-0.6920960637745566 6.203810766544539 -1.3716445570219293 2.2076172381421895 -1.3687494901412405
-0.6847125925918331 6.201644820600545 -1.3698560440484937 2.2057476484722383 -1.3671426853366409
-0.6773798019256889 6.1994666667165 -1.3681067031890988 2.2038955237028737 -1.3655963029752103
-0.6700968067054919 6.197335069266403 -1.3663776585915026 2.20197583896066 -1.3640648162932536
-0.6628627388161604 6.195127188904495 -1.3646593215013707 2.20003635486733 -1.3626484601584108
-0.655676746656775 6.192941265211526 -1.3630317274573533 2.1982185728886714 -1.3613118094306058
-0.6485379947123882 6.190793356520709 -1.361441716990884 2.1964419438983662 -1.359914039619727
-0.6414456631385582 6.188678278183814 -1.3598525802232735 2.1945769446723267 -1.3585040337367829
-0.6343989473581653 6.186518464856602 -1.3582669819319584 2.1927330704115455 -1.3571885036665232
-0.6273970576700783 6.1843501762348625 -1.3567363446153762 2.190924750476824 -1.3559011314940919
-0.6204392188692551 6.182155432217639 -1.3552757216865536 2.1891637729759186 -1.3546129639288378
-0.6135246698778876 6.180038684520603 -1.3538996510118355 2.187377628106833 -1.3532919210959429
-0.6066526633872034 6.177998968367578 -1.3525150347478918 2.1855404887410392 -1.3519975043978485
-0.5998224655095604 6.175972637591587 -1.351071465977418 2.1837047452600418 -1.3507667932137617
-0.593033355440483 6.173827387727217 -1.3496271953376116 2.1818816032595056 -1.3495715970544235
-0.5862846251302988 6.171686237004946 -1.3482999012027783 2.1800568101729394 -1.348410777812203
-0.5795755789650526 6.169609769639152 -1.3470209359053844 2.1782460970822757 -1.347310681000342
-0.5729055334563812 6.1675484933635145 -1.3457355233928339 2.1765492392099572 -1.3462410230956319
-0.5662738169400507 6.165464401706879 -1.3444717794621222 2.174844756179266 -1.345083751424692
-0.5596797692828653 6.163386502073896 -1.3432683947793154 2.173067738308929 -1.3439254417286204
-0.5531227415976648 6.161356001985211 -1.3421157944605377 2.1712697326741646 -1.3428395676499003
-0.5466020959661486 6.159399682182102 -1.3409635035874232 2.16950085475938 -1.341815246029019
-0.5401172051692616 6.157460295200633 -1.3397522373314945 2.167809658854062 -1.3408038161237645
-0.5336674524248944 6.155446362050889 -1.338506349026664 2.166106009324753 -1.339730151397893
-0.5272522311326585 6.153360788111559 -1.3373103059192817 2.1643070421100954 -1.338676229084375
-0.5208709446255063 6.15122232938576 -1.3362264727473465 2.1625565507927855 -1.337745896777555
-0.5145230059279665 6.149193303885592 -1.3352707437307736 2.160938010287588 -1.3367962757874594
-0.5082078375207906 6.14728530721916 -1.334294363967299 2.159201950785442 -1.3357243589856682
-0.5019248711117934 6.145367594563833 -1.333241071082113 2.1574278855401774 -1.3347530319099272
-0.4956735474126915 6.143406070503092 -1.3321861108506285 2.1556389104956546 -1.3338404251629732
-0.489453315921751 6.14141580179035 -1.3311734099803094 2.153924848033504 -1.3330011876590964
-0.4832636347120513 6.1394371157343555 -1.330218817529109 2.1522535977864914 -1.33213451281577
-0.477103970225192 6.1375263967776545 -1.32928041934104 2.1505898315873155 -1.3312424527497615
-0.4709737970702657 6.13557169443526 -1.3283058272815644 2.1488852978738975 -1.33033455998387
-0.4648725978279328 6.133594688286036 -1.3273843044730607 2.147150585155301 -1.3294641952866368
-0.4587998628594355 6.1316273793655185 -1.3265199894250397 2.145400528613139 -1.328642523449567
-0.4527550901203955 6.129716081419233 -1.3256919114799635 2.1436596905997725 -1.3278878891036372
-0.4467377849792464 6.127820248330154 -1.3248525644335267 2.142014732961946 -1.3271864945189045
-0.440747460040154 6.125942185413096 -1.3240114971274655 2.140419653556041 -1.3264204208083936
-0.4347836349702859 6.1240061340661365 -1.3231730713925884 2.1387570159943605 -1.3256067477435907
-0.4288458363312943 6.1220936803110435 -1.3224203697772166 2.137103433618146 -1.32485565823893
-0.4229335974148811 6.12026018849304 -1.3216848936706385 2.135422603409598 -1.324098884533341
-0.417046458082319 6.118422070286502 -1.3209036127489024 2.1337720676981213 -1.323402605904414
-0.4111839646078066 6.116556469088084 -1.3201358699196553 2.132146628048141 -1.3226963878972409
-0.4053456695255388 6.114699969961229 -1.3194080882964938 2.130540996974373 -1.3219753086431567
-0.3995311314803784 6.112874555753682 -1.3186934383150941 2.128867088370443 -1.3212191340170094
-0.3937399150820194 6.1110502987586335 -1.3179629287211903 2.1271490647406988 -1.3205454787597752
-0.3879715907625315 6.109193711616202 -1.3172366276226593 2.12549988102536 -1.31995404121996
-0.382225734637189 6.107305814504381 -1.3165645333977558 2.123855558157104 -1.3193383826749483
-0.3765019283684748 6.105496312639019 -1.3159583043427066 2.1222684158434104 -1.3187750536251266
-0.3707997590331714 6.10370842806974 -1.3153050879314856 2.1207300564568916 -1.3181627611153848
-0.3651188189924406 6.101870467783655 -1.314642081974763 2.119138067281372 -1.3174910460571754
-0.3594587057647975 6.099997713759615 -1.3140519588759019 2.11750042281111 -1.3168692260848802
-0.3538190219019012 6.098212611426055 -1.3135513046932674 2.11590508368566 -1.3163053840967187
-0.3481993748670659 6.096531431779555 -1.31300944419111 2.114319034930121 -1.3157103707149584
-0.3425993769164141 6.094810199925162 -1.3123634317930195 2.1127085835794843 -1.3151236082756699
-0.3370186449825952 6.092999689676672 -1.311730940969148 2.1111118801913134 -1.3145748412762839
-0.3314568005609866 6.091190745533979 -1.3111813949718574 2.109517079882969 -1.3140223082646567
-0.3259134695983023 6.089392315847078 -1.3106617190037908 2.1079208064581856 -1.3134902895212979
-0.3203882823835412 6.087626719002143 -1.3101785932274328 2.1063406161331386 -1.3129777700510554
-0.3148808734411985 6.085900486323823 -1.309695623664781 2.1047656213520467 -1.3124644590801073
-0.3093908814266739 6.084148966372867 -1.309199230583396 2.1031970221469733 -1.3119640599510058
-0.3039179490238103 6.082443291020307 -1.3087512747217454 2.1016390067586457 -1.31146768825815
-0.298461722844497 6.080750149719936 -1.3082659538829378 2.1000838118346286 -1.310966127843244
-0.2930218533302758 6.079023247750506 -1.3077776987512748 2.098509264856563 -1.3104616169534062
-0.2875979946558884 6.077317029593217 -1.3073307144136033 2.096932333191499 -1.3099855440422798
-0.2821898046347049 6.075611790560369 -1.3068700361230572 2.0953596700885195 -1.309515075512811
-0.2767969446259778 6.0738878945931445 -1.3064244392699684 2.0937594340482066 -1.30904769840493
-0.271419079443864 6.072189667002014 -1.3060157193077893 2.092150181758534 -1.3086387504896122
-0.2660558772681595 6.070520101108728 -1.3055888197160235 2.0905933141218145 -1.30828262880651
-0.2607070095566988 6.068798822608657 -1.3051251585779784 2.089086158656634 -1.3079074429008952
-0.2553721509593595 6.067006988508318 -1.3047243347769826 2.0876003207502167 -1.3075003359262083
-0.2500509792336282 6.065302236785813 -1.304442540257381 2.0861000024381546 -1.307052466423185
-0.2447431751616791 6.063656570907799 -1.30410803857189 2.0845508924901 -1.3065884134825345
-0.2394484224689142 6.061964884455776 -1.303739959534178 2.08293484856546 -1.3061568520292757
-0.2341664077439191 6.060277972035852 -1.3034411487719666 2.0813290704671115 -1.3058316521036821
-0.2288968203597948 6.058654125226153 -1.303160529843896 2.079795531968414 -1.305542371591138
-0.2236393523968163 6.057043284742299 -1.3028280345079117 2.0783160581475006 -1.3052219724643837
-0.2183936985663749 6.0553833810762505 -1.3024808231623837 2.0768355838776564 -1.304850291088961
-0.2131595561361681 6.053731514918101 -1.3021902721967915 2.075309309596945 -1.3044611130567618
-0.2079366248565913 6.052103463079609 -1.3018936396114211 2.0737646882247165 -1.3041161115692241
-0.2027246068882932 6.050414585136698 -1.3015861455976994 2.0722291632037537 -1.3037901984448665
-0.1975232067308574 6.048795892144421 -1.3013888222288208 2.070693122352861 -1.3034728432775884
-0.1923321311525708 6.047224226170957 -1.3011193128523286 2.0691791498284435 -1.3031834975117271
-0.1871510891212436 6.045577225755718 -1.3008107328550365 2.0676731181040835 -1.3028715347403557
-0.1819797917360436 6.043960691207094 -1.300598852542525 2.0661587824032273 -1.3025662883183262
-0.1768179521603098 6.04236466103861 -1.300346297031814 2.0646595420013365 -1.302270391435343
-0.1716652855553125 6.040767019809978 -1.3000885463447178 2.0631318287459894 -1.3019340839133937
-0.166521509014923 6.039120325437379 -1.299811037807468 2.0615549956412114 -1.3016377934085326
-0.1613863415011646 6.037434941094549 -1.29959791582443 2.059990778123885 -1.3014150775378894
-0.1562595037806076 6.035802939647128 -1.2994615106657292 2.0584792978866657 -1.3012123921641765
-0.1511407183615816 6.0341892883450114 -1.2992986153211459 2.05698074270104 -1.3009786349732617
-0.1460297094321692 6.0325810259346335 -1.2991685984533676 2.055499270729029 -1.3007654045541681
-0.1409262027989572 6.031031552919534 -1.2990670497105494 2.054036716094423 -1.3005125464309217
-0.1358299258265084 6.029506505263486 -1.298914771591365 2.052501622413601 -1.3002090044456898
-0.1307406073775296 6.027972019372091 -1.2987430024629907 2.050935692325149 -1.3000162032562046
-0.125657977753708 6.026425609336893 -1.2985617531200648 2.0494427124164387 -1.2998615283228983
-0.1205817686371829 6.024823521547084 -1.2983745740286254 2.0479536918512866 -1.2996312697688888
-0.1155117130326291 6.023239433117408 -1.2982801937964121 2.0464222688086076 -1.2994343938724802
-0.1104475452099255 6.021728976137181 -1.2981811403744017 2.044929856213676 -1.2992980679486885
-0.1053890006473799 6.0202039790640525 -1.2980001835341226 2.043474938989835 -1.2991106658713976
-0.1003358159754815 6.018603954856477 -1.2978254486213374 2.0419912658460064 -1.2988904662317973
-0.09528772892116386 6.017005172854906 -1.2977383443280885 2.0404779065018537 -1.2986878572103815
-0.09024447825254263 6.01544364514173 -1.297662385278988 2.038940160703616 -1.2984956404403694
-0.08520580372410962 6.0138911078018635 -1.2975777207035488 2.037386694286894 -1.2983517824511865
-0.08017144602235605 6.012339036547254 -1.2975021463492107 2.0358884045908328 -1.2982683731519125
-0.07514114671180082 6.010783453283729 -1.2974365641187975 2.0344172293677074 -1.2981122939347538
-0.07011464818139976 6.0092572223855 -1.2974023064869402 2.0329210246868734 -1.297964042054173
-0.06509169359131213 6.00775268589475 -1.2973375793470554 2.0314157305779545 -1.2978122576600062
-0.06007202682000037 6.006224867459154 -1.2972498127368441 2.0298721063925904 -1.2976572019539825
-0.05505539241164043 6.004675523576112 -1.2971847701611645 2.0283159350681474 -1.2975777183380055
-0.05004153552381903 6.003128786220457 -1.2971436865649084 2.0268089292830136 -1.2975330346343616
-0.04503020187549407 6.001591686445914 -1.29711108023498 2.0253489387211134 -1.2974689294094224
-0.04002113769519974 6.000044718640911 -1.297077534371503 2.023898245156249 -1.2973588846270734
-0.0350140896694664 5.998505927202021 -1.2970798500857672 2.0223960178695797 -1.2972073283027004
-0.03000880489143913 5.996985838862821 -1.2970806535065247 2.0208590216416353 -1.2971233887709148
-0.02500503080967274 5.995470083629342 -1.297077113275116 2.01935500153306 -1.2970590871481065
-0.02000251517707497 5.993942400270832 -1.297070909283528 2.0178405631783694 -1.2969517035064377
-0.0150010059999822 5.99240643521946 -1.2970905844492373 2.016289210581529 -1.2968874796829943
-0.01000025148734561 5.990901458537223 -1.2971412876049278 2.0147721437226522 -1.2968730263582782
-0.005000000000000051 5.989412359261839 -1.2971629653439751 2.0132560413896217 -1.2968006947210067
0.004999999999999968 5.986425015509744 -1.2971595847309627 2.010201332175989 -1.2967443723714156
0.01000025148734597 5.984863633971698 -1.2971502409884543 2.008660786326843 -1.2967330188843007
0.01500100599998233 5.983289182910138 -1.2972118288808794 2.0071470561819553 -1.2967454709176982
0.02000251517707488 5.981748817729256 -1.2973098680342416 2.0056371183234 -1.2967222252215362
0.0250050308096731 5.980237360034478 -1.297406358407514 2.0041005141125656 -1.2967212659495575
0.03000880489143927 5.978735736937004 -1.2974970841703757 2.002566725525962 -1.2967415974394445
0.03501408966946631 5.977241742479305 -1.2975880487015252 2.0010329911274005 -1.296766416047175
0.0400211376952001 5.975722710255101 -1.2976598939700381 1.9995107362106446 -1.2968294127035085
0.04503020187549421 5.974224880928615 -1.2978062988937469 1.9980267441072894 -1.2968810133586757
0.05004153552381894 5.972770343525988 -1.2978994313181518 1.9965360752822119 -1.2968855489183488
0.05505539241164035 5.971269338697633 -1.2979457549246771 1.9950064038937612 -1.2969048158045484
0.06007202682000051 5.969723008115251 -1.2980456776661418 1.9934917462498718 -1.29696744390196
0.06509169359131227 5.968190752207339 -1.2981938671218454 1.9919851969457387 -1.2969654051763855
0.07011464818139967 5.966693170841242 -1.2983580854135557 1.9904166579178102 -1.2969860935493174
0.07514114671180096 5.965239985997065 -1.2985157325856773 1.9888527854131917 -1.2970781485515093
0.0801714460223562 5.963772501133731 -1.2985915978661104 1.9873330492547 -1.2971506481642547
0.08520580372410955 5.962233964869153 -1.2986807053381901 1.9857956768628389 -1.2971880806271416
0.09024447825254277 5.96067287027436 -1.2988333065916862 1.9842220795820902 -1.2972494703765785
0.095287728921164 5.959127477832976 -1.2990206548732177 1.9826400790706946 -1.2973286132953692
0.1003358159754814 5.957618981297717 -1.2992394063067259 1.9810492224536653 -1.2974274353137794
0.10538900064738 5.956132380636696 -1.2994213164952542 1.9794582496262954 -1.2975545351282354
0.1104475452099259 5.954618378119595 -1.2995973341841476 1.9778826082448 -1.2976996886064014
0.115511713032629 5.953111121295644 -1.2998222283374843 1.9763248515518321 -1.2978434884848644
0.1205817686371828 5.951617887395781 -1.3000129740450874 1.9747513075611767 -1.297953079837201
0.1256579777537084 5.950092441980304 -1.3002181431662023 1.9731382161379498 -1.2981133033535315
0.1307406073775297 5.9485933178339625 -1.3004905235663828 1.9715557618712287 -1.2983193059869822
0.1358299258265083 5.947153694675771 -1.3007174256638654 1.970005367059881 -1.2984912082265392
0.1409262027989575 5.945659471505475 -1.3008542548967603 1.9684352581522668 -1.2986640524258335
0.1460297094321693 5.944084322010237 -1.30108093623537 1.966860730791033 -1.2988473514944037
0.1511407183615815 5.942562259064696 -1.301396525219421 1.9652856983917075 -1.2990331433183315
0.156259503780608 5.9411102964222335 -1.3016589066273931 1.963707421435393 -1.299227421408239
0.1613863415011647 5.939620747049711 -1.3018554213158944 1.962127965757214 -1.2994204091158026
0.1665215090149231 5.938077595346256 -1.3021065226092694 1.960542885248653 -1.2996216024599594
0.1716652855553128 5.9365521966630075 -1.3023956876386602 1.9589503514697149 -1.2998117661283455
0.17681795216031 5.935053732202217 -1.3026835824430472 1.9573398919167617 -1.3000263726027148
0.1819797917360437 5.933554985273252 -1.302946616809281 1.9557287998010813 -1.3002328838857602
0.1871510891212435 5.932020468320305 -1.3032025505030875 1.9540959274072354 -1.3004623499305172
0.1923321311525709 5.930463891745537 -1.303511400156033 1.9524680810484312 -1.3007094045275822
0.1975232067308575 5.928935614586401 -1.303849098110762 1.9508336991028288 -1.300938195602364
0.2027246068882931 5.927420023512593 -1.3041632848632791 1.9491654604309658 -1.3012033713785751
0.2079366248565914 5.925887399064745 -1.3044961217546596 1.9474994150333218 -1.3014906274126687
0.2131595561361682 5.924377873975819 -1.3048603676945743 1.9458369228584744 -1.3018155289993891
0.2183936985663747 5.922891414434609 -1.3051752718323628 1.9442131918024872 -1.302160873997667
0.2236393523968162 5.921351772290749 -1.305460887895114 1.9426094058132373 -1.3024407228330341
0.2288968203597951 5.919765560064826 -1.3058149503469902 1.9409425476115985 -1.3027307875968102
0.2341664077439189 5.918216775915606 -1.3062209339914959 1.939266884951692 -1.30307751269629
0.2394484224689141 5.916697501616106 -1.3065808317116039 1.9376283817968731 -1.3034173694161149
0.2447431751616794 5.91513578474508 -1.3069400385027912 1.9359780625166751 -1.303724868186712
0.2500509792336281 5.913564536569046 -1.3073583883675284 1.9342812976008235 -1.3040437129589195
0.2553721509593593 5.912023192058965 -1.307768574140913 1.9325670072691612 -1.304403778090363
0.2607070095566992 5.910465378410158 -1.3081704628474793 1.9308458672445012 -1.3047502971023701
0.2660558772681596 5.908897741011592 -1.308617868085065 1.9290861478695496 -1.3051920483530424
0.2714190794438639 5.907352935256437 -1.3090598498647805 1.9274019378400011 -1.3056522544577012
0.2767969446259781 5.9058070530495135 -1.309511966295441 1.9257442193383936 -1.3060645006365827
0.282189804634705 5.90426436567521 -1.3099553686652456 1.9240429808321171 -1.306449106090007
0.2875979946558885 5.902708015189244 -1.310403727748071 1.922295247652244 -1.3068838764378816
0.2930218533302762 5.901148996627792 -1.3108671541790997 1.9205689858273574 -1.307347288714403
0.2984617228444971 5.899577013996884 -1.31130595695891 1.9188440382674365 -1.3077800090302962
0.3039179490238104 5.897959168478225 -1.311791704088395 1.9170734800123042 -1.3082741837616958
0.3093908814266743 5.896367477515884 -1.3123486403269868 1.9153409790781275 -1.308768790279852
0.3148808734411986 5.894821556138266 -1.3128585594419966 1.9135872666600606 -1.3092535795982532
0.3203882823835413 5.893258414128272 -1.3134015609155727 1.9117949947969628 -1.3097759644202485
0.3259134695983027 5.891713981984736 -1.3138932934988483 1.9100111802440862 -1.310373805041581
0.3314568005609868 5.890110328133998 -1.3143937989532115 1.9083061623548963 -1.3109923245125021
0.3370186449825955 5.888488718490458 -1.3149561527354863 1.9066499138197932 -1.3115163031047556
0.342599376916414 5.886900805986811 -1.315535506320396 1.904915629893606 -1.3120041970014986
0.3481993748670658 5.88532499798203 -1.316100463573069 1.9031142329025026 -1.3125073553681323
0.3538190219019016 5.88373182329606 -1.3166558846638448 1.9012713571758173 -1.3130951551428696
0.3594587057647974 5.882105071301742 -1.3172172781986742 1.899473784772007 -1.3137152988814675
0.3651188189924404 5.8804590270069035 -1.3178429398684202 1.8976856421584527 -1.3143072482311726
0.3707997590331719 5.878854029290526 -1.3184828723676056 1.8958552613220585 -1.3149430868236704
0.3765019283684747 5.877245069800243 -1.3190798028474475 1.894041267083173 -1.315557048390457
0.3822257346371889 5.875585039737641 -1.3197414909287173 1.8921604245423114 -1.3162409562215758
0.3879715907625318 5.873969498560486 -1.3204411794134199 1.89033961926902 -1.3170245051571559
0.3937399150820193 5.8723918231842145 -1.3211067275013446 1.888642044247534 -1.3176964692020907
0.3995311314803786 5.870777748127743 -1.3217256701579592 1.886841399213673 -1.3182919107763527
0.4053456695255391 5.869093353355078 -1.3224032793412954 1.8849371851976973 -1.3189720494948964
0.4111839646078068 5.8674304738701855 -1.3231518372997522 1.8830712015106228 -1.3196996507772942
0.4170464580823192 5.8658257951966135 -1.3238928997856325 1.8812154508708105 -1.3204075351616087
0.4229335974148815 5.864211956160445 -1.3245741275343847 1.8793098122554928 -1.3211282949865026
0.4288458363312944 5.862530543762519 -1.3253099489561062 1.8773752716403036 -1.3218866591320955
0.434783634970286 5.860880043413999 -1.3260849917153263 1.8754219569132087 -1.3226831336838938
0.4407474600401543 5.8592568454597895 -1.3268294880788276 1.8734577013296132 -1.3235665795506106
0.4467377849792465 5.857585753259286 -1.3275372760687167 1.8715685599561664 -1.3244739198318372
0.4527550901203956 5.855835318525237 -1.3283197752245992 1.8697111208359702 -1.3253545548258612
0.4587998628594356 5.854116894754883 -1.329201077562294 1.8678326462229644 -1.3261725033205138
0.4648725978279327 5.8524788007594 -1.3300393325672275 1.8658489964511793 -1.3270552019417312
0.4709737970702658 5.85079744523441 -1.3308567612827722 1.8638945268996052 -1.3280139148996735
0.4771039702251922 5.8490777178332545 -1.3317170818526178 1.8619869554593027 -1.3289643261576287
0.4832636347120512 5.847370257997457 -1.3326241848447928 1.8600609235942729 -1.3299452287333304
0.4894533159217511 5.845700988683201 -1.3335545645246467 1.858184089384228 -1.330887120369201
0.4956735474126914 5.844068327570938 -1.3344417942421871 1.8562404169029652 -1.3317687979862258
0.5019248711117933 5.842389741324212 -1.3352663411782515 1.854168326867967 -1.3327541060286183
0.508207837520791 5.840596784045175 -1.3361319200495076 1.8521545796614565 -1.3338430368089236
0.5145230059279664 5.83878722738127 -1.3371744353669823 1.8502160769843008 -1.3348623362295624
0.5208709446255061 5.837133297549729 -1.3381535777463367 1.848154571120401 -1.335929268224237
0.5272522311326588 5.835404405501354 -1.3390777747524516 1.8461218741921706 -1.3370690903537077
0.5336674524248943 5.833592344776157 -1.3400774280166723 1.844126099017526 -1.3382530470883813
0.5401172051692618 5.83181252334785 -1.3411732598755068 1.842190998561766 -1.3394032755964604
0.5466020959661492 5.8301185137371805 -1.3422418800937324 1.840219089401548 -1.3404930572244032
0.553122741597665 5.828391054916259 -1.3432446987853899 1.8381472841048874 -1.341635644538335
0.5596797692828658 5.826568307500835 -1.344334917317503 1.8360905183746739 -1.3428080925927517
0.5662738169400511 5.8247977692921635 -1.3454590291879502 1.8339863678091137 -1.3440247496233224
0.5729055334563811 5.823027633488856 -1.3466116886319115 1.8318807824805594 -1.3453046830067616
0.5795755789650529 5.821281825339639 -1.3477577876661055 1.8298038484577956 -1.346639920096018
0.5862846251302993 5.8195089466065895 -1.3488942020068384 1.8277848622506048 -1.3479278123054803
0.5930333554404833 5.817695590321412 -1.3500882177604783 1.8256725107245058 -1.3491956310298587
0.5998224655095604 5.815907226614895 -1.3512848869435314 1.823474158437485 -1.3505563145865005
0.6066526633872037 5.814071609866234 -1.3525392367461115 1.821297217151439 -1.35203521165854
0.6135246698778877 5.812286759523479 -1.3538886361547084 1.8192090723252015 -1.3535675053758796
0.6204392188692555 5.8106246059884 -1.3551009495906758 1.8171964734922175 -1.3550487990581794
0.6273970576700789 5.808785316486514 -1.3562631790222524 1.8151383056300665 -1.3564650222558479
0.6343989473581657 5.8068261496852775 -1.35760412124033 1.8129773254067973 -1.3579231956839366
0.6414456631385582 5.804984285385858 -1.359012378920692 1.8108090479784522 -1.3594151561790344
0.6485379947123886 5.803163836486037 -1.360435208033121 1.808566484006662 -1.361019281830502
0.6556767466567751 5.801360344881974 -1.3618464806237354 1.8064225544104566 -1.3626480220243238
0.6628627388161606 5.799527482407486 -1.3633220755543873 1.80422162528068 -1.3643137538630212
0.6700968067054921 5.797767924000093 -1.364745940798254 1.8020567750068235 -1.366012530095314
0.6773798019256894 5.795905400627841 -1.3662218687923713 1.799867881205461 -1.3677285125350578
0.6847125925918336 5.794099158339768 -1.3677514797141728 1.797646722298261 -1.3695443589483423
0.6920960637745566 5.792331484916214 -1.3692136764397653 1.7955393633227987 -1.3713695060140263
0.6995311179551041 5.790453676300834 -1.3706997938887318 1.7934050357034086 -1.373152401998261
0.7070186754945865 5.788561498120816 -1.3722110964863787 1.791202185573186 -1.374964053250786
0.7145596751179416 5.786596575245226 -1.37382541522616 1.7889773702621272 -1.3768460520346884
0.7221550744131648 5.7846923142773 -1.3754797706087991 1.7867751128422675 -1.3787828792852506
0.7298058503463658 5.78274873187423 -1.3771802956874462 1.7846014885523231 -1.3806777930310326
0.7375129997932669 5.780810941839446 -1.379007297441777 1.7822720873726965 -1.382668715257828
0.7452775400877572 5.77901995776794 -1.3808584971762619 1.7800385035449815 -1.3847395043117068
0.753100509588147 5.777287787240866 -1.382584751455804 1.7777849166638373 -1.3868351718569516
0.7609829682618187 5.775404679478506 -1.3842412242931057 1.775527116802981 -1.388999360302248
0.7689259982889687 5.773345767940038 -1.3861192540074847 1.7733206169785762 -1.3911906906741125
0.7769307046861818 5.771488596838449 -1.3880631210315886 1.7711020384295058 -1.3933537380998815
0.7849982159506155 5.769614700420293 -1.3900128112239258 1.7687596649571098 -1.395634789489778
0.793129684725602 5.767777984550467 -1.3919747676551872 1.76655248062748 -1.3980018155602811
0.8013262884885022 5.765939090846511 -1.3938982244276472 1.7643901192342437 -1.400264770733552
0.8095892302617037 5.763994844617021 -1.3958612676625621 1.7619969285083679 -1.4026423374031474
0.8179197393476814 5.76202256603916 -1.3979878107174166 1.7597755265258888 -1.4050687619184765
0.826319072089077 5.760214855269797 -1.4000882769544793 1.757387501097067 -1.4075703501951375
0.8347885126548115 5.758293521615002 -1.4022292022414287 1.7551078410473204 -1.4101810071417087
0.8433293738532897 5.756454620136049 -1.4043829345329848 1.752835088817744 -1.4128354648098695
0.8519429979737835 5.754543945692325 -1.4065606538523192 1.7506118195931237 -1.4155125669120188
0.8606307576571656 5.752631426070324 -1.4088094539405789 1.7483560061777528 -1.4182071310254818
0.869394056797195 5.7507432759766 -1.4110935065420769 1.7460597718786466 -1.4210219611429262
0.8782343314736156 5.748842283186891 -1.413407038927867 1.7439210516587809 -1.4238218353332295
0.8871530509183996 5.746927367829504 -1.4157469771692648 1.7416253896378109 -1.4266427679938483
0.8961517185165282 5.744956254582312 -1.4181853766674037 1.7393843048549524 -1.429515746389813
0.9052318728427539 5.7430559025840076 -1.4206612409741788 1.7370021967995166 -1.4325381752340474
0.9143950887358864 5.741083591058355 -1.4232376121672377 1.7348421283697042 -1.43562607694374
0.923642978412185 5.739230884337535 -1.4258715666372654 1.732603994943382 -1.4386761966147437
0.9329771926195572 5.737379035194777 -1.4284912704605204 1.7303000238930553 -1.441834947777617
0.9423994218343089 5.735472731335261 -1.4311960278232758 1.7280482525384788 -1.44512152259995
0.9519113975022995 5.7336576260190295 -1.433919072814839 1.7258991389570284 -1.4484213519384508
0.9615148933264528 5.731755514028132 -1.4367174975467523 1.7236971418292375 -1.4517253700947637
0.971211726602654 5.729959591660918 -1.4395688247289282 1.7214807652410884 -1.4550682052581385
0.9810037596061753 5.728152481791671 -1.4424100863891007 1.7191681186563463 -1.4584980506547034
0.9908929010308823 5.726298139234007 -1.4452836500818074 1.716819830559249 -1.4621553747440024
1.000881107483597 5.724390371966927 -1.448254898707326 1.7147275906009358 -1.4658707616106363
1.01097038503609 5.722503306127935 -1.4513580740372343 1.7125493319783673 -1.4695691495656857
1.02116279083733 5.720712916416419 -1.4545110279510296 1.7103905115611084 -1.4733678833438302
1.031460434788744 5.718912822789482 -1.4576856152881488 1.7082758210428415 -1.4772116712993113
1.04186548128539 5.717093902141851 -1.4609558264705962 1.7061167693072945 -1.481109242345962
1.052380151026074 5.715358983199984 -1.4642840295532893 1.703931358443454 -1.4851421626898227
1.063006722895663 5.713622987506401 -1.4676356564162645 1.701826697023812 -1.4892932403334949
1.073747535922947 5.7118738350144955 -1.4710598180596364 1.699763439223835 -1.4935249824398726
1.084604991317633 5.710167162789259 -1.4745196917000192 1.6977835549651228 -1.497800252696811
1.095581554590243 5.708371343526906 -1.4781146285284783 1.6957890775964344 -1.502103265742972
1.106679757758872 5.706757067274923 -1.4817758507494492 1.6937824940495296 -1.5064753536739497
1.117902201646994 5.70509089444486 -1.4854510514165782 1.6917503641312193 -1.5109266012898899
1.129251558276759 5.703451172921745 -1.4891945696834856 1.6896244309470245 -1.5156097242289734
1.140730573362412 5.701799227444841 -1.4929737682997366 1.6878033403046615 -1.520418923212806
1.152342068908792 5.700037438942358 -1.4969452788635291 1.6859490662966328 -1.5251904398957628
1.164088945920123 5.698497748383631 -1.5010508373992393 1.6840755055568273 -1.5300550614343051
1.175974187224572 5.696986127587554 -1.5051675772621118 1.6821875357852536 -1.5351028024919569
1.188000860420428 5.695501304781731 -1.5093523984035366 1.6805256653593577 -1.5402178083673286
1.200172120950045 5.6940678182519715 -1.5136079325386338 1.6787573801468418 -1.545357348093336
1.212491215308082 5.692695879810213 -1.517864461277099 1.677044868194898 -1.550657800574056
1.22496148439092 5.691201685385486 -1.5221931987450463 1.6753966309048907 -1.5560619882031843
1.237586366994588 5.6896934602102265 -1.526798692226852 1.6737787417951067 -1.5615832530914036
1.250369403468921 5.68855045749774 -1.531411287849798 1.6722526041123857 -1.567239029226294
1.263314239536188 5.687167023228417 -1.5360630020914705 1.670878248248568 -1.5728898692538167
1.276424630282862 5.686030815037068 -1.5408237578128152 1.6692797827776087 -1.578678395329291
1.289704444333805 5.684754515476104 -1.545684285746058 1.6679635264313157 -1.5846754669031713
1.303157668218649 5.68375760344556 -1.5505961364162504 1.6666212908355753 -1.5907344647838362
1.316788410940794 5.682544598057351 -1.5555694902895199 1.6654682415930318 -1.5968538856798364
1.330600908760078 5.681507415360137 -1.56073375409358 1.6641323703246842 -1.6030607859849053
1.344599530200891 5.680491990625539 -1.5660099396030573 1.6628757755601413 -1.6095971278076784
1.358788781298218 5.679664900321245 -1.5713593148563163 1.6618991140369022 -1.6163341627406296
1.373173311094916 5.678818151099529 -1.5767551442738577 1.6611742417482878 -1.6230315617914655
1.387757917404398 5.678066811070332 -1.5822263001142738 1.6603539825717633 -1.6297242660931583
1.402547552853775 5.677220328628428 -1.587901297742456 1.6595876032872405 -1.6365995604780377
1.417547331223529 5.676776753621512 -1.5936329775419753 1.6589377728430477 -1.643587867071804
1.432762534100853 5.676105498457571 -1.5993388495964214 1.6582577132186689 -1.650747043591828
1.448198617864901 5.675473560581081 -1.6053694976670427 1.6578100275800158 -1.6580805917159627
1.463861221023439 5.675205211068404 -1.6114797115216257 1.6573286419854643 -1.6655940928411093
1.479756171921723 5.674813210723336 -1.6176456076137058 1.6572357697314881 -1.6732776970095558
1.495889496845789 5.674717193906249 -1.623892636184954 1.65717343085757 -1.6809205268150342
1.512267428543952 5.67438169170601 -1.6302878855465046 1.6570568600001356 -1.6888104913631894
1.528896415191898 5.674469684428491 -1.63689447341726 1.6573637735093314 -1.696876442610581
1.545783129828541 5.674507353234555 -1.6435186614040702 1.657649138939394 -1.704934746896047
1.562934480291789 5.674715337912959 -1.6503082869651025 1.6580546343043954 -1.7131766236268198
1.580357619685342 5.674987776334909 -1.6572272866634261 1.6585361570788586 -1.7216164832776204
1.598059957409986 5.675414692357231 -1.6643632238088468 1.65921733607912 -1.730335671302138
1.616049170795221 5.6761865950216155 -1.6715518086805834 1.6603258992374426 -1.7391399489373502
1.634333217369667 5.676958432703943 -1.6787100691969312 1.6614553986190779 -1.7479150296450445
1.652920347811602 5.67776069492331 -1.6860408064974055 1.6626563535447672 -1.756917200411663
1.671819119624006 5.6787002008634975 -1.6936328629146984 1.6641280570673374 -1.7661744794287202
1.691038411581847 5.680043296542866 -1.7012782858067592 1.6659888875258324 -1.7754594959273962
1.710587439002987 5.681231522958768 -1.7090265361415935 1.6678169630821975 -1.784732770502855
1.730475769898036 5.6828872477662395 -1.7169747339521295 1.6696983899664548 -1.7943058939728749
1.750713342058708 5.684501609266128 -1.7249639329764135 1.671887414968339 -1.8042233841645356
1.771310481148987 5.686408211824672 -1.7331925504037318 1.674523600840795 -1.8142985928346713
1.792277919868425 5.688573419262536 -1.7414805271159544 1.6774424878978864 -1.8243901566605678
1.813626818262429 5.690847159376266 -1.7498861368734275 1.6805512316431304 -1.8345809337530536
1.835368785260465 5.693469957970132 -1.7583653932267715 1.683979280499278 -1.8448576060720276
1.857515901529695 5.69598497558685 -1.767016001639005 1.6874117439972645 -1.855344424623458
1.880080743738695 5.699073008405996 -1.7759302914436428 1.691520564835721 -1.8659972801648563
1.903076410333882 5.70230026178454 -1.784841337594626 1.6954349914427906 -1.876775995703488
1.926516548939787 5.705889016378912 -1.7938239115119736 1.7002718092380718 -1.8878469648469054
1.950415385503826 5.709478497167433 -1.802913671827375 1.7051069584122678 -1.8987769578588105
1.974787755316548 5.713489664364172 -1.8122514248195993 1.710447595127992 -1.9098798078931436
1.99964913604968 5.717739535708589 -1.8217073695951531 1.7158773470180348 -1.9210444454221702
2.025015682966775 5.722474226141971 -1.8312401802490355 1.7217631865767808 -1.9324857662068597
2.050904266475056 5.727303850949421 -1.8408316719613589 1.728118219965273 -1.943972804999025
2.077332512202038 5.732646654639313 -1.8505760445681123 1.7346814876992642 -1.9555801176323324
2.104318843797275 5.738172529287006 -1.8603061450137073 1.7418407222673853 -1.9673848377257137
2.131882528677898 5.743898994223312 -1.8703352974374985 1.749360767599117 -1.9792479216527157
2.160043726956899 5.750443730511135 -1.8804420638636148 1.7574978814204152 -1.9911931555897704
2.188823543815518 5.756906532646957 -1.890510543381131 1.766047720871152 -2.003018126668908
2.218244085606003 5.7640685586036495 -1.9009334673445042 1.7747035291813673 -2.0150534241629607
2.248328519998398 5.771838632083963 -1.9112025548430012 1.7844027603514032 -2.0272218046387933
2.279101140515615 5.779742532947029 -1.9214195528949054 1.7940509836031144 -2.0392974342884127
2.310587435834983 5.788244517863507 -1.9317356331954505 1.8046649472354983 -2.0517223775042366
2.342814164271995 5.7969163531293635 -1.9420884528605171 1.8159032884778648 -2.063941602785936
2.375809433904205 5.806306390350187 -1.952636913143388 1.827710387375979 -2.0759897806892527
2.409602788839831 5.816224914218604 -1.9630285854425022 1.8398179591807167 -2.088009163882962
2.444225302188005 5.826382184905172 -1.9734525646740422 1.8526800221617719 -2.100106702779462
2.479709676346002 5.837227939378801 -1.984082309708625 1.8660543813947124 -2.1120776496641485
2.516090351284284 5.848787455150296 -1.9946223496877042 1.8799782166066477 -2.1241237440343936
2.553403621583412 5.860829042577567 -2.0050562083165326 1.8948154905648869 -2.136168269546461
2.591687763059467 5.873574990696595 -2.0154377481078343 1.9103688513813255 -2.14796052150701
2.630983169907057 5.886841875343363 -2.0256755690744654 1.9266277810662515 -2.1594992543382476
2.671332503393482 5.900762351606704 -2.0358678502410736 1.9433453447726192 -2.1709246983501664
2.712780853255288 5.9154267998563235 -2.0458764512324605 1.9611084472415055 -2.1822766879908966
2.755375913081506 5.9305697653889435 -2.055716047701136 1.9795379412234855 -2.1932258342980626
2.799168171118328 5.946549089153111 -2.065493179678637 1.9986600355918291 -2.203986475097295
2.844211118100896 5.963247883576052 -2.0749817897164164 2.018736747478686 -2.2144852301131843
2.890561473911588 5.980526917188691 -2.0843482275073595 2.039568348207123 -2.224529870501668
2.938279435084994 5.999024323562098 -2.0934877058132915 2.0609945789623607 -2.2343879826927395
2.987428945431348 6.018099515937649 -2.101984397799383 2.0838602586726447 -2.2439297208404314
3.03807799233756 6.03774616421042 -2.11024262203094 2.107337033572364 -2.252667661306038
3.090298931633904 6.058346920766338 -2.1182951586716663 2.1316544150667895 -2.2610054843050946
3.144168844291917 6.079880911400351 -2.1258805738752358 2.15689448067303 -2.2688335306138265
3.199769928652491 6.102240579834593 -2.1329764573160626 2.1830601019018383 -2.2761189878281254
3.257189932382928 6.125611198681555 -2.1395400752994886 2.210416076671398 -2.282678321507427
3.316522628938477 6.149703017524152 -2.1455157783569208 2.2384141537696762 -2.2883989081886527
3.377868343971226 6.174989953218839 -2.150955008048254 2.2675772811821715 -2.29347148146752
3.441334537903732 6.20109560449647 -2.155552665640553 2.2975183879023344 -2.2976623771563855
3.507036451785128 6.228151863577766 -2.1595264478880223 2.328672161812957 -2.301107035276261
3.575097824597342 6.256472926524163 -2.162663908634018 2.360987382347941 -2.3033700664208885
3.645651691406517 6.2856504419496435 -2.164696915815132 2.39399033256662 -2.304453621008801
3.718841273193661 6.315851273787773 -2.165758856668012 2.4280641607430042 -2.304614089521361
3.794820970889963 6.346849038245761 -2.1658036690079054 2.4632798272683063 -2.3035660922367875
3.873757478137244 6.379160641556682 -2.1648971529071974 2.4995923569908047 -2.3011242502333866
3.955831029653008 6.412605682168802 -2.162562406456959 2.53689300015927 -2.2971853899288295
4.041236804879298 6.446973074451691 -2.158812599232305 2.5751688302924918 -2.291720757752583
4.13018650992749 6.4825437392394765 -2.1536307681348656 2.6144635503557914 -2.284631617173663
4.222910164812808 6.5189623219529365 -2.146791544786096 2.654644817889643 -2.2758634406555887
4.319658127746227 6.556680964868921 -2.138396217028235 2.6961728112512438 -2.265289460292506
4.420703393996887 6.595534662601932 -2.1278890549659524 2.7384893186639734 -2.2524351510861433
4.526344213778938 6.635038319053041 -2.1152719802009416 2.78172049443027 -2.237533799658415
4.636907082037216 6.675745873200994 -2.1007637705242668 2.8260200089119745 -2.2203111410130365
4.752750163264186 6.717501951243915 -2.0837692334418643 2.871128053946474 -2.200451871776326
4.874267227033051 6.760233552861699 -2.064125852563173 2.917065783942929 -2.1779018459766792
5.00189218536385 6.803739533219018 -2.041592992932209 2.9636893297351317 -2.1524268155820727
5.136104342104078 6.847954055574703 -2.0160755004172946 3.011094627234588 -2.1238682446046413
5.277434488177208 6.89288160238709 -1.9873567121853386 3.059088842157404 -2.09180436732572
5.426472006104844 6.938524014978951 -1.9550537588621995 3.10742395286931 -2.056041432228551
5.583873184308421 6.984435159730093 -1.9187058039843699 3.156169324081278 -2.016384529457539
5.750370988549688 7.030463657821426 -1.8782778270754228 3.20504796163547 -1.9722534474900186
5.926786597410238 7.076653986574169 -1.8333983599092807 3.2535191196136117 -1.9233519591205777
6.114043084875222 7.122566321982333 -1.7833512248552978 3.3016209930529414 -1.8696126426067106
6.313181731196443 7.167589674273434 -1.7277856941341394 3.3489441580293113 -1.8102634324837679
6.525381570524497 7.211306680147531 -1.6664953995913236 3.3948022713043575 -1.7448794558051604
6.751982950306783 7.2533537959742365 -1.5990029670380193 3.4387385524168317 -1.6732072180309674
6.994516097029167 7.292807752217646 -1.524561830302624 3.48010692983307 -1.5945933404756443
7.254735975022012 7.328729731349991 -1.4429485355662859 3.517674462473335 -1.5084158632140692
7.53466511741108 7.360069706434289 -1.3537429872520441 3.5504380448406168 -1.4146664859115454
7.836646640587229 7.38545686999344 -1.2565708917197642 3.5770892083035437 -1.3127979354103623
8.163410383531929 7.403029395054037 -1.1512487761098968 3.5956864561335844 -1.202601135027414
8.518156126042216 7.410884326546247 -1.0382852338877215 3.604317967765272 -1.084629724334503
8.904659262506966 7.406803222071614 -0.9181764523796914 3.600766664759225 -0.9593124296623817
9.327406333425754 7.3882866850593105 -0.7923072091457849 3.5822317992596244 -0.8278789840745161
9.791770743284625 7.352676161303425 -0.6627925838750809 3.5461448111689715 -0.6929767778022725
10.30424328906184 7.297807586987242 -0.533292425029891 3.490234878375371 -0.5577544988668649
10.87273853939115 7.222337446221143 -0.4080373986359206 3.41287312389317 -0.42696475710249676
11.5070078703397 7.126277312415866 -0.29265580350143083 3.314167381405676 -0.30643529960726645
12.21920514335652 7.0119809992989435 -0.1929770119622589 3.1965000367786547 -0.20216716457025405
13.024675157555 6.884574258816864 -0.11408694850997704 3.065199558104323 -0.11963570959110649
13.9430744211685 6.753824924133951 -0.05843090845164399 2.9305232035066147 -0.061310010725675476
14.99999999999985 6.595699320561133 -0.012474399837852954 2.767193906920553 -0.013078739382534078
