-14.99999999999985 6.877780579570549 -0.0039479883214771794 0.2931319442798159 -0.01594477514835569
-13.94307442116846 6.834593866700853 -0.01792011935010837 0.14851400442574914 -0.07460091185544371
-13.024675157555 6.801271113895977 -0.03403380139357791 0.03729142982600031 -0.1457899215661687
-12.21920514335649 6.769880182124545 -0.05597993566606632 -0.07089994671776978 -0.2459569329251045
-11.50700787033964 6.7431236575126885 -0.08304988031258463 -0.16321495428269372 -0.3723206564026835
-10.87273853939113 6.7223859871176135 -0.11355463197974762 -0.23300858572975436 -0.5176008897770538
-10.30424328906179 6.708211263375084 -0.1457034265773418 -0.2775715107805521 -0.6746066809572406
-9.791770743284603 6.700304004631612 -0.1776259579370705 -0.2967258748886561 -0.8364470020071971
-9.327406333425754 6.698038456973746 -0.2082795246428907 -0.29226665745478897 -0.997567120132767
-8.904659262506948 6.700660375027805 -0.2365777234397636 -0.26667175774909424 -1.154308717998571
-8.518156126042184 6.707488274340562 -0.2620206882599879 -0.2225858779351686 -1.303592003919888
-8.163410383531915 6.7171088368947816 -0.2833888700399167 -0.16321205450635645 -1.4434098712081913
-7.836646640587201 6.7286155100503064 -0.3019039185593724 -0.09120118083956541 -1.5738482822521815
-7.53466511741108 6.741737800332637 -0.3169237582363293 -0.007807082481710914 -1.6943730063143585
-7.254735975022024 6.755597602450759 -0.3286409689791215 0.08512466953823683 -1.8035485698190055
-6.994516097029167 6.769624214244996 -0.3373749160677073 0.18541097220786273 -1.9025646711317121
-6.751982950306773 6.783416111389503 -0.3435090876829889 0.29251945428193604 -1.9906376568443327
-6.525381570524497 6.79695964049346 -0.3475107442950429 0.4047911631787855 -2.0682723637734908
-6.313181731196434 6.809748610035442 -0.34889999199317084 0.5215414216931924 -2.1354068856734574
-6.114043084875222 6.821420903494436 -0.34893836147926655 0.6418880247513448 -2.1925093720960986
-5.926786597410246 6.832339358228869 -0.34760983675523666 0.7655861609678043 -2.2391287262395507
-5.750370988549688 6.842398893559237 -0.3449746206629495 0.891479948185463 -2.274624097373817
-5.583873184308414 6.851361568161715 -0.3411641662473584 1.0179072722275144 -2.299369590215024
-5.42647200610483 6.859223554314005 -0.33674310221199555 1.1441842469058514 -2.3146819280642132
-5.277434488177201 6.866321527150599 -0.3318267246026295 1.270736998614173 -2.3198068583884286
-5.136104342104078 6.872533839656763 -0.3260964850800455 1.3964346763735742 -2.314994273967357
-5.001892185363844 6.877792577515447 -0.3201488347181308 1.5204052362729295 -2.2980909998732133
-4.87426722703304 6.882214561503275 -0.31375445997735907 1.6392926858015429 -2.2729476547203977
-4.752750163264181 6.885712590867256 -0.30729377091199506 1.755458776745975 -2.2381137476101545
-4.636907082037206 6.888608829257314 -0.30093549709693607 1.8661459581286586 -2.194077730572555
-4.526344213778932 6.891001644529693 -0.29433451828572554 1.9707811617793123 -2.1424829300493986
-4.420703393996887 6.892470792896109 -0.2874610080886095 2.069126595150405 -2.0825038471594253
-4.319658127746223 6.893318249988617 -0.2812841564677079 2.1592679528696346 -2.017473537640503
-4.2229101648128 6.893907202313283 -0.2749352716788275 2.243043937557996 -1.9464118628671654
-4.130186509927485 6.894074832462794 -0.2688250605600513 2.318256298784352 -1.8700032933989108
-4.04123680487929 6.8937263738628936 -0.26246955726886073 2.384606491624286 -1.791194099518591
-3.955831029653008 6.892807891137883 -0.2566600270885132 2.4435570939176827 -1.7094216927840156
-3.873757478137248 6.891771403882187 -0.2510778847971387 2.4941115725589316 -1.625923442081547
-3.794820970889963 6.890463019889134 -0.24548360983514528 2.5362707820219863 -1.5410152895268716
-3.718841273193658 6.888818315542573 -0.24014060488725242 2.5700838105929957 -1.4578603588869787
-3.645651691406517 6.886922286007398 -0.23493913489460433 2.598094158061566 -1.375498396372323
-3.575097824597339 6.884781880045379 -0.22999228514806966 2.619098263363861 -1.2927002217771666
-3.507036451785128 6.882511023063976 -0.2252517538352695 2.6321868568656743 -1.2132685716437717
-3.441334537903729 6.879980320885392 -0.22053747985133607 2.640359288818601 -1.1372841406473047
-3.377868343971221 6.877195261343181 -0.21625136974687736 2.643758244940621 -1.0629639809315121
-3.316522628938475 6.874442977014045 -0.21224019430862312 2.6417553441597783 -0.9925956819346159
-3.257189932382928 6.871609655909204 -0.2082359817525915 2.6361757669784445 -0.9257969574630283
-3.199769928652489 6.86867149364928 -0.2045322175369245 2.6273036553421187 -0.8622222413236081
-3.144168844291917 6.8656169284154345 -0.20080917002359716 2.6150964320560135 -0.8018365654230314
-3.090298931633902 6.862473990485858 -0.19751536029105007 2.6002751785519975 -0.7458336744349034
-3.038077992337555 6.859350178276572 -0.19418377202738193 2.583873258163201 -0.6927545448283154
-2.987428945431347 6.856117086296047 -0.19111191367077443 2.565382570954002 -0.6428098037638771
-2.938279435084989 6.852865790221916 -0.18813154717468983 2.5453299480693596 -0.5964834764597181
-2.890561473911586 6.849534666065288 -0.18532876410542534 2.5242202209135916 -0.5531518341407863
-2.844211118100896 6.846244907938015 -0.18275127206979355 2.5021768916942615 -0.5131053153076159
-2.799168171118326 6.8429425146912335 -0.18013393981514253 2.479934300182569 -0.4761137709011904
-2.755375913081502 6.839489778838146 -0.17770944042716952 2.4572228861416496 -0.440955272599843
-2.712780853255288 6.836071256989753 -0.1755714086465603 2.4338879740388872 -0.409006163153679
-2.671332503393478 6.832743847053926 -0.1734789736646003 2.410696611039064 -0.37930228371395347
-2.630983169907057 6.8293365594848945 -0.17143615922790517 2.3875637373615346 -0.35202367690290554
-2.591687763059467 6.825958143983426 -0.16970641796603395 2.3649247921926944 -0.3268390639269602
-2.553403621583412 6.822670470989987 -0.16793201804004534 2.3421811907936765 -0.3028127988768269
-2.51609035128428 6.8193823524198205 -0.16632683225240785 2.319781312951065 -0.28188298864956784
-2.479709676346002 6.816062667844192 -0.16467072145626307 2.298113139224562 -0.2614237733594501
-2.444225302188003 6.812760228470919 -0.16334038174516738 2.276418275314803 -0.243192146200153
-2.409602788839831 6.80950310472357 -0.16185239911178917 2.2557209245789815 -0.22646089654422707
-2.375809433904204 6.806141483699488 -0.1606396761575632 2.235426105236627 -0.2102898067153775
-2.342814164271993 6.802867132750597 -0.1595450824759659 2.2153783255307364 -0.1958258139808915
-2.310587435834981 6.799708296948442 -0.15859432609531685 2.1959113341312078 -0.18222338199985283
-2.279101140515615 6.796578335557438 -0.15754435141789078 2.1769926221413773 -0.16998825431598716
-2.248328519998396 6.793462286146742 -0.15672513195590818 2.1586678947350797 -0.15835660324745213
-2.218244085606003 6.790353459797381 -0.15575548349826324 2.1408002258200556 -0.14784583114376537
-2.188823543815517 6.787182397632423 -0.15510757757329605 2.1235903666080596 -0.13800730177791795
-2.160043726956896 6.784229015613497 -0.1545256404583595 2.106853839438193 -0.12880928119036195
-2.131882528677896 6.781218052790441 -0.1537381691726509 2.090484181210798 -0.1202335611483184
-2.104318843797273 6.778195375139296 -0.15336510798080072 2.074604565131931 -0.11248710244789017
-2.077332512202037 6.775294626726537 -0.1527593902337441 2.059126689904217 -0.10514551271120921
-2.050904266475056 6.772296418795883 -0.1523941829449529 2.044264870329166 -0.09883719273122651
-2.025015682966774 6.7694140573557195 -0.152094349229958 2.0300674125937643 -0.0925183112440558
-1.999649136049677 6.766577813969738 -0.1518216892205294 2.0160449244107945 -0.08667149516965826
-1.974787755316548 6.7637896178039 -0.15162433469595613 2.002568505574563 -0.08153120837970258
-1.950415385503824 6.761013446020544 -0.15139677763068354 1.9896266352278773 -0.07644615853883281
-1.926516548939786 6.7582048582798455 -0.15130291627061893 1.9768769481643176 -0.07167590055756377
-1.903076410333882 6.755521296805057 -0.15135328911329085 1.9644318562120628 -0.06740821627964165
-1.880080743738695 6.752836189907216 -0.15124242490639325 1.9525217412823332 -0.06357875791877084
-1.857515901529694 6.750188945622176 -0.1515199323301452 1.941012497147527 -0.059784950693176235
-1.835368785260465 6.7477357206534885 -0.1515518199133147 1.929708327971773 -0.05631429172351504
-1.813626818262427 6.745214754083328 -0.1516877064121255 1.9188499989932628 -0.053261309862899585
-1.792277919868425 6.742704473760934 -0.15178918440550615 1.9084113388778607 -0.05021402773518316
-1.771310481148986 6.740162962474133 -0.15203408248117195 1.8981705027440066 -0.04731589374784078
-1.750713342058706 6.737717156482037 -0.15238337465364732 1.888160899904047 -0.04466628561423394
-1.730475769898035 6.735379036775324 -0.15273980178930224 1.8784555100435474 -0.04224784288102181
-1.710587439002987 6.7330430886587544 -0.15303929720797524 1.869047188922644 -0.039976143951200804
-1.691038411581846 6.730717349694116 -0.1534874302019104 1.8599137591518524 -0.037866456405336445
-1.671819119624006 6.728449859678248 -0.15387879905669982 1.851025977531001 -0.035863689984625864
-1.652920347811602 6.7262017563259295 -0.1544147407668694 1.8423740598210314 -0.03402898563289327
-1.634333217369665 6.724006105072708 -0.15487605385948333 1.8339636953883998 -0.03230928260722196
-1.61604917079522 6.721823286019025 -0.15551550431068364 1.825831657511567 -0.030753378503611206
-1.598059957409986 6.719743343980659 -0.15609627620139663 1.817944598669511 -0.029190950368008887
-1.580357619685341 6.717698729936214 -0.15677409771430778 1.8102248056156847 -0.02771485292068239
-1.562934480291789 6.715705841411979 -0.15737002415237814 1.802636979001685 -0.026292621754266617
-1.545783129828541 6.713728947104983 -0.15810306512221353 1.7952291090368822 -0.025078463216265407
-1.528896415191896 6.711819650544875 -0.15873280254178476 1.7880743581430019 -0.02392922858891161
-1.512267428543951 6.709849427265845 -0.15945647239347563 1.7810926028557081 -0.02280822402391165
-1.495889496845788 6.707991167561625 -0.16032692230120035 1.7742892242160488 -0.02179059942716285
-1.479756171921723 6.7062312216471565 -0.1610481615626172 1.7676459586010302 -0.020776215607096506
-1.463861221023439 6.704408922584083 -0.16184501228158518 1.7611236358749294 -0.019859475604626614
-1.4481986178649 6.702619429383191 -0.1626935414234663 1.7548109457990255 -0.01905454397042213
-1.432762534100852 6.70091083873501 -0.16365289376835426 1.7486761738825358 -0.018202371494095204
-1.417547331223529 6.699309207333335 -0.1645434390807837 1.74262370913464 -0.017376861202736335
-1.402547552853774 6.6976998684675495 -0.1654355044230316 1.736659658988537 -0.016633724849751716
-1.387757917404398 6.696123064652087 -0.16638586796348104 1.7309017255670311 -0.016031624340103953
-1.373173311094914 6.6945730503064835 -0.16730310304639442 1.725297120759566 -0.015311820768012697
-1.358788781298217 6.693069070097206 -0.16838079944316495 1.7197239440959122 -0.01465065307069383
-1.344599530200891 6.69168798992642 -0.16932542811156456 1.7142499375864635 -0.014088084614943621
-1.330600908760078 6.690244229051344 -0.17029896488321306 1.7089650356017667 -0.013617529897754773
-1.316788410940793 6.688833378141896 -0.17136652522196097 1.7038010975742177 -0.013054972390563854
-1.303157668218649 6.687496888769132 -0.17243806018887708 1.6986959295799897 -0.012565759652584184
-1.289704444333805 6.686222425832893 -0.17357632650180088 1.6936844369210384 -0.012099757838269947
-1.276424630282861 6.685043419069896 -0.17466051105737945 1.6887999268347786 -0.011718476773095057
-1.263314239536188 6.683867773466777 -0.17572116545624722 1.6840387734767002 -0.011298651812697298
-1.250369403468921 6.682688251816601 -0.17681013093293552 1.6793522273280477 -0.010898680777732548
-1.237586366994588 6.681568743565682 -0.1779906427311466 1.674726359830074 -0.010499894264965712
-1.22496148439092 6.680537580385994 -0.17909707422821 1.6701894075248125 -0.010178547713652583
-1.212491215308081 6.679525875882196 -0.18027985360545012 1.6657474296656785 -0.009841024411561896
-1.200172120950044 6.678593887093731 -0.18135626655849033 1.6613947803295144 -0.009555381700274736
-1.188000860420427 6.677610845247956 -0.18247602175866084 1.6571327070746762 -0.009241861585976065
-1.175974187224572 6.67667168022364 -0.1836477056234673 1.6529190137285312 -0.008939781171342339
-1.164088945920123 6.675797645799987 -0.1848352481100131 1.6487679825533266 -0.008672332886144524
-1.152342068908791 6.674964161059324 -0.18601156722785894 1.644707733494419 -0.008434315461245947
-1.14073057336241 6.674176426896828 -0.1872544797853554 1.6407095888734444 -0.008172262002748155
-1.129251558276759 6.673491208663987 -0.18843972252850164 1.6367800337077545 -0.007961170207354446
-1.117902201646994 6.672795532859891 -0.18957744548781336 1.6329207340337455 -0.007717824961857519
-1.106679757758871 6.672103175902118 -0.19081441486222173 1.6291032628160982 -0.007496230902177537
-1.095581554590243 6.671517330497528 -0.19200273091407866 1.6253203853497213 -0.0072777535928707756
-1.084604991317632 6.670932136590978 -0.19319266937338764 1.621614994040743 -0.007138694189905119
-1.073747535922946 6.670384985890245 -0.19441483353970743 1.6180046113682203 -0.00695924716834528
-1.063006722895663 6.669915423132273 -0.19565524150002384 1.614409556734206 -0.006755828577242126
-1.052380151026074 6.669524707888918 -0.1968427828490478 1.6108574969697373 -0.006616779211228091
-1.041865481285389 6.669145043121753 -0.1979842998363815 1.6073681025195832 -0.006466713655073456
-1.031460434788744 6.668762623110516 -0.19913464386138965 1.6039390988523814 -0.006353041990247223
-1.021162790837329 6.668407511493988 -0.2002902725484395 1.600578391133948 -0.006217162274281213
-1.010970385036089 6.668082898739002 -0.2014782123010752 1.5972465841692682 -0.006066560358387417
-1.000881107483597 6.667827294849074 -0.2026706501958531 1.5939397612734372 -0.005934440958556627
-0.9908929010308823 6.66764013955372 -0.20385719817541004 1.5906825048635924 -0.005828785018159213
-0.9810037596061753 6.667507913210493 -0.20495030648282553 1.5874815688270232 -0.005721165198829558
-0.971211726602654 6.667330723267837 -0.20605425925035759 1.5843058352413584 -0.005600382176184867
-0.9615148933264523 6.667181994536568 -0.20717241950512943 1.581174770618198 -0.005522912497863433
-0.9519113975022987 6.667076102281031 -0.20834914742238544 1.578089824537281 -0.005417966964934905
-0.9423994218343085 6.667074362925467 -0.2094459261562624 1.5750423185035278 -0.00533802292645789
-0.9329771926195576 6.667045128754266 -0.21055789759998872 1.5720217517858304 -0.005228116620536099
-0.9236429784121845 6.667079407931814 -0.211652954141743 1.5690230155784344 -0.005157136595695312
-0.9143950887358859 6.667138313799637 -0.21275904610132304 1.5660628863183366 -0.005085140864725075
-0.9052318728427537 6.667266875719303 -0.2138319895792966 1.5631484052047768 -0.005041203883482389
-0.8961517185165274 6.66741173267384 -0.214865663055794 1.5602815684239615 -0.004975489950602906
-0.8871530509183995 6.667561749354515 -0.21592055476771138 1.557424949866586 -0.004898545347414301
-0.8782343314736151 6.66778639877158 -0.2169715624205573 1.5545954372715163 -0.004856274733615477
-0.869394056797195 6.668067534964986 -0.2179567414740505 1.5518110262422182 -0.004808747795687399
-0.8606307576571651 6.6683359976484695 -0.218924802418631 1.5490474830532905 -0.004753438157293293
-0.8519429979737825 6.6686380408773855 -0.21987752047450154 1.54631905343787 -0.004720877820626943
-0.8433293738532892 6.668961637360675 -0.2208201913132851 1.5436168245715858 -0.004659159527727158
-0.8347885126548114 6.66931976953096 -0.22172800780799798 1.5409243172438543 -0.0046154784963854485
-0.8263190720890765 6.669671916398957 -0.22264920387596904 1.538258779996415 -0.00458032067514761
-0.8179197393476814 6.670090089665976 -0.22355840225975532 1.5356207846145713 -0.004551755508553931
-0.809589230261703 6.670539137565282 -0.2244317060612748 1.5330046280261578 -0.00452400788639406
-0.8013262884885015 6.671000901530469 -0.2252962246839196 1.5304219191464192 -0.004514566093887943
-0.7931296847256015 6.6715114140766465 -0.22614693509521658 1.527869281080681 -0.004484829193132606
-0.7849982159506154 6.672066697472961 -0.22694057766333298 1.5253273521750725 -0.004453861481389644
-0.7769307046861815 6.672602174060143 -0.22771272379675675 1.5227929137014877 -0.004425312555401524
-0.7689259982889687 6.673163615974463 -0.22847830688639217 1.520283196577167 -0.00442331767763095
-0.7609829682618184 6.673748019390255 -0.2292428859982558 1.5177997927549987 -0.004408917775192622
-0.7531005095881461 6.674389968907354 -0.22997934929480013 1.5153323048840668 -0.004405421117159929
-0.7452775400877568 6.67505185918292 -0.23067050104140735 1.512888453534106 -0.004403573967907281
-0.7375129997932672 6.675714433031505 -0.23134767063256118 1.5104693295221954 -0.00440237206372976
-0.7298058503463654 6.676422228776371 -0.2319958456093216 1.5080587132486 -0.0043837625543810856
-0.7221550744131645 6.677130851989771 -0.23261430710893882 1.5056534836117241 -0.004382660803102473
-0.7145596751179415 6.677857672514353 -0.2332254265871356 1.5032655884810224 -0.004385260496990094
-0.7070186754945859 6.678632523117932 -0.23379746899748188 1.500885923511324 -0.004392757969014598
-0.699531117955104 6.679390480386651 -0.23434304031972625 1.498531117149008 -0.0044266357204791685
-0.6920960637745566 6.680178649519757 -0.23488892116439872 1.4962119772340812 -0.00444927198888451
-0.6847125925918331 6.681025068119382 -0.23538619424682802 1.4938908106458564 -0.004446126323809388
-0.6773798019256889 6.681844367599319 -0.23583842969808824 1.4915730768760982 -0.0044754448955721966
-0.6700968067054919 6.682665933933028 -0.236297505245703 1.4892768452001959 -0.004500807826369792
-0.6628627388161604 6.683545335155731 -0.23674160602599986 1.4869969319474348 -0.004534780446858658
-0.655676746656775 6.68445494743226 -0.23712210193002262 1.4847288914206813 -0.004558976163521436
-0.6485379947123882 6.685319085670554 -0.2374775084536218 1.4824670371035937 -0.004591693594472809
-0.6414456631385582 6.686226032827041 -0.23784318842305213 1.480214125003526 -0.004626439293832614
-0.6343989473581653 6.6871778260186865 -0.23816712994774913 1.4779713046333405 -0.0046729732737602735
-0.6273970576700783 6.688131311759248 -0.23843500995113265 1.4757501777412132 -0.004728057909627267
-0.6204392188692551 6.6890595947201845 -0.2386846722546845 1.473544367909838 -0.004770967298948068
-0.6135246698778876 6.690024387390684 -0.23893270599834648 1.4713408947919306 -0.004811251939130088
-0.6066526633872034 6.691015329880803 -0.23914149285089364 1.4691352559442001 -0.00485351839562508
-0.5998224655095604 6.692008193387472 -0.2393112565637778 1.4669388782177042 -0.004916226329924491
-0.593033355440483 6.69300577888784 -0.23945764553917506 1.4647622350773128 -0.0049778013075988704
-0.5862846251302988 6.694020144517417 -0.23958030359572668 1.4625858599141242 -0.005027754051130128
-0.5795755789650526 6.695047742870142 -0.2396693580726646 1.4604074541424197 -0.0050949990578092194
-0.5729055334563812 6.696080513010359 -0.23972357074425116 1.4582450371820013 -0.005174070344025
-0.5662738169400507 6.697110816256914 -0.23975042347206615 1.4560948570704182 -0.005246924278929049
-0.5596797692828653 6.698153312158264 -0.23975621977709569 1.4539469581420361 -0.005319298984059387
-0.5531227415976648 6.699197216133141 -0.23973304316285066 1.451796507285973 -0.005392871664385752
-0.5466020959661486 6.700249534600594 -0.23969141761695162 1.449648895534146 -0.005481670039980124
-0.5401172051692616 6.701317788231213 -0.2396276398078866 1.4475086569684188 -0.005573251751396571
-0.5336674524248944 6.702408366788762 -0.23953163997331559 1.4453674765698374 -0.0056701182795653995
-0.5272522311326585 6.703507096942067 -0.2393882385006877 1.4432347109620731 -0.005786866144481825
-0.5208709446255063 6.70458935678863 -0.23920531628641156 1.441115752934616 -0.0059033930067399305
-0.5145230059279665 6.705673933805164 -0.23900856362414827 1.4390043381703816 -0.006022405827829251
-0.5082078375207906 6.706761454734243 -0.23878605493025692 1.4368994254232355 -0.006139131896566
-0.5019248711117934 6.707864876058285 -0.2385400177556916 1.434786764717125 -0.0062480652935019655
-0.4956735474126915 6.7089644802188975 -0.23825178226067184 1.4326676031453525 -0.006376685799375554
-0.489453315921751 6.7100604989741255 -0.2379434371807732 1.4305560164597626 -0.006515440690376633
-0.4832636347120513 6.7111679853312065 -0.23761623962817896 1.428447239682583 -0.006656315140445848
-0.477103970225192 6.712287409207361 -0.23725516693069063 1.4263370593341123 -0.006806317179593682
-0.4709737970702657 6.713412856834315 -0.23685515700647927 1.424236963470912 -0.006970609744764436
-0.4648725978279328 6.714533667983839 -0.2364137932012415 1.4221373380874356 -0.0071214622522398074
-0.4587998628594355 6.7156433945707406 -0.23593979096033862 1.4200252865955472 -0.007285569930659962
-0.4527550901203955 6.716744726057081 -0.2354420217540243 1.4179143167982957 -0.007467485501385494
-0.4467377849792464 6.717841619551866 -0.23492210284454182 1.4158095778510864 -0.00765815716335473
-0.440747460040154 6.71894118232166 -0.2343815333334767 1.4137082334408522 -0.007854042200356627
-0.4347836349702859 6.720040131164749 -0.23381093640033684 1.4116060192975428 -0.008053186590579485
-0.4288458363312943 6.721146630825539 -0.23322041326113852 1.4094947252315368 -0.008257188633477061
-0.4229335974148811 6.722253791208109 -0.23258664063224171 1.4073792860402468 -0.008484457064993392
-0.417046458082319 6.723357321762383 -0.23192634235954768 1.4052798776076814 -0.008729839765716297
-0.4111839646078066 6.724462580929113 -0.23123107277793004 1.4031893353887686 -0.008960943774309168
-0.4053456695255388 6.725547436003581 -0.23048792500310764 1.4010805156004305 -0.009184687576562028
-0.3995311314803784 6.726619059379365 -0.22974583743788415 1.398948824181834 -0.009427008284010793
-0.3937399150820194 6.72770777655815 -0.22898119858399943 1.3968125090797185 -0.009701342200790457
-0.3879715907625315 6.72879975159654 -0.2281619689097538 1.3946889744403803 -0.009995350797105501
-0.382225734637189 6.729868491663002 -0.227300969137922 1.392567169089801 -0.010285363895370896
-0.3765019283684748 6.73091647044228 -0.22642496385623198 1.3904358754764508 -0.010590261877657091
-0.3707997590331714 6.731963418446396 -0.2255338269538214 1.3883056886272787 -0.01091267636765771
-0.3651188189924406 6.733014727695967 -0.22460896814469541 1.3861737692997598 -0.011238299798560955
-0.3594587057647975 6.734057993186838 -0.22364245505591607 1.3840312295778439 -0.011575664275613993
-0.3538190219019012 6.735081258763365 -0.22264216156840044 1.3818761992049666 -0.011929596812324231
-0.3481993748670659 6.736082300499223 -0.22162041380890726 1.3797202120982643 -0.012314992832367627
-0.3425993769164141 6.737077668663235 -0.22059783252944778 1.3775692834218736 -0.012711138910575666
-0.3370186449825952 6.738089179296074 -0.21953921590345973 1.3754183404921356 -0.013122773982207198
-0.3314568005609866 6.73909293022535 -0.21842890895047423 1.373266173428962 -0.013542375336673828
-0.3259134695983023 6.740070116986622 -0.21728814630700685 1.37110066944704 -0.013968825735608655
-0.3203882823835412 6.7410326410949635 -0.21612928858744554 1.368914276043213 -0.014419378962678031
-0.3148808734411985 6.741992073701504 -0.21493859258973347 1.366729914350318 -0.014917189768517263
-0.3093908814266739 6.742936616688088 -0.21370721131639345 1.3645669379191094 -0.015429555521384584
-0.3039179490238103 6.743855424403874 -0.21245414339778487 1.362397421474798 -0.01593207872654041
-0.298461722844497 6.744764529935127 -0.21118011832623282 1.3602084719019318 -0.01646279784999348
-0.2930218533302758 6.745666851120077 -0.2098710936505909 1.3580162636190423 -0.017021066960159953
-0.2875979946558884 6.746549049955966 -0.2085281951627674 1.3558214070083199 -0.01760026675107361
-0.2821898046347049 6.747408702405573 -0.20716026359112644 1.3536187009635094 -0.018204195835461616
-0.2767969446259778 6.748252612677175 -0.20577087543202033 1.351422010506325 -0.018848105362701036
-0.271419079443864 6.74908740431768 -0.20435477011486727 1.3492390400934144 -0.019503151028494887
-0.2660558772681595 6.749909916192943 -0.20289693355255306 1.3470478595222297 -0.020163081490249583
-0.2607070095566988 6.750698264194267 -0.20141410258227335 1.3448383744030261 -0.020850039507525998
-0.2553721509593595 6.751470561607349 -0.1999132888439929 1.3426257145496758 -0.021578681679977552
-0.2500509792336282 6.752234858492645 -0.19838114114875968 1.340420117958899 -0.02233484748414173
-0.2447431751616791 6.752978460433946 -0.1968147993664769 1.338220978027727 -0.023117161880795385
-0.2394484224689142 6.753699849945689 -0.19521481297328858 1.3360225412238251 -0.0239148351394937
-0.2341664077439191 6.754393723003558 -0.19357874055159638 1.3338140866046249 -0.02473645637849589
-0.2288968203597948 6.75504648212815 -0.19191829370415034 1.3315972496884383 -0.02559491172661699
-0.2236393523968163 6.7556660778467394 -0.19025459053045274 1.3293852956582097 -0.026497804873298163
-0.2183936985663749 6.7562867257296855 -0.18857449594796555 1.3271916965159276 -0.027434080135208188
-0.2131595561361681 6.756894515679058 -0.1868580228509746 1.3250034345906028 -0.028380475739254115
-0.2079366248565913 6.757474132612402 -0.18510855457010186 1.3228093797607017 -0.029362068112254364
-0.2027246068882932 6.758029711410422 -0.18332908280175575 1.3206225059394416 -0.030379512296554664
-0.1975232067308574 6.7585564255023005 -0.18151621766072787 1.31843959536528 -0.03142110618416871
-0.1923321311525708 6.759041996782204 -0.17968036316097655 1.316257475047796 -0.032501727877830754
-0.1871510891212436 6.759503539365166 -0.1778276976383996 1.3140843563329214 -0.03361941462339871
-0.1819797917360436 6.7599443036591715 -0.17594623419453323 1.3119226678812377 -0.03477239407179966
-0.1768179521603098 6.760347805302221 -0.17403411398283092 1.3097752072335838 -0.035958715583571436
-0.1716652855553125 6.760713461063114 -0.17210156470344365 1.3076342497163895 -0.037168225022755186
-0.166521509014923 6.761047568021656 -0.17015252757850122 1.3054995025947203 -0.03842297425614216
-0.1613863415011646 6.76135449229679 -0.168184406133145 1.3033850801851883 -0.03971256591424316
-0.1562595037806076 6.761634606111068 -0.16619144378567027 1.3012803573834497 -0.041022206304041714
-0.1511407183615816 6.761880631684393 -0.16416894282647146 1.2991733672065195 -0.04237057358957149
-0.1460297094321692 6.7620777318667775 -0.16212562495340868 1.2970733201646993 -0.043771393655242345
-0.1409262027989572 6.762240971023752 -0.16007566310287558 1.2949958687799652 -0.04522859912012857
-0.1358299258265084 6.762385403442763 -0.1580086688848685 1.292964163569628 -0.046738645499982495
-0.1307406073775296 6.762498513785471 -0.1559081123993007 1.2909741429379569 -0.04825359172686563
-0.125657977753708 6.762561560983807 -0.15377809362341113 1.2889922038984771 -0.04978525964404477
-0.1205817686371829 6.762571256988158 -0.15163759579938355 1.287021269984564 -0.051361179747314537
-0.1155117130326291 6.762555288135878 -0.14949074215092265 1.2850802322351194 -0.052976310629199885
-0.1104475452099255 6.762497022575824 -0.1473176141855057 1.283166382080502 -0.05461309558999775
-0.1053890006473799 6.762384699733583 -0.14513210915907335 1.2812654580930043 -0.056278502771686736
-0.1003358159754815 6.762240343781464 -0.14294483287516022 1.2793844734221325 -0.057993048036975775
-0.09528772892116386 6.762057250603052 -0.14073912771465177 1.2775402280773633 -0.05974561497690097
-0.09024447825254263 6.761823290675586 -0.13852098453438708 1.275725537608299 -0.06152108793751607
-0.08520580372410962 6.761550486517226 -0.1363030887240367 1.2739312794958915 -0.06333580291545937
-0.08017144602235605 6.761246435310536 -0.1340768415340126 1.2721740052731692 -0.06520122366582042
-0.07514114671180082 6.760905352510195 -0.13183209055303222 1.2704717791952604 -0.06709921018827743
-0.07011464818139976 6.760515711881956 -0.1295687756250291 1.268812697029135 -0.06900185091363924
-0.06509169359131213 6.760075779002519 -0.12729453917968916 1.267175115631633 -0.07092536207223528
-0.06007202682000037 6.759577272961893 -0.1250132537379232 1.2655662875881966 -0.07288406881406619
-0.05505539241164043 6.759029991584302 -0.12273927339795258 1.2639928554549509 -0.07486808340669752
-0.05004153552381903 6.758440861699394 -0.12046829762560107 1.2624514039573664 -0.07688664880490961
-0.04503020187549407 6.757813930333256 -0.1181942024917398 1.260961010319789 -0.07894938442900559
-0.04002113769519974 6.7571304896712165 -0.11590955494888902 1.2595255580178595 -0.08100948699237916
-0.0350140896694664 6.756392924658192 -0.11363684751557246 1.2581118713922987 -0.08308754659236607
-0.03000880489143913 6.7556186064933 -0.11137876453445096 1.256732658897524 -0.08520819417124363
-0.02500503080967274 6.754811587705222 -0.10911854702263825 1.2554128680690484 -0.08735842988026764
-0.02000251517707497 6.753949700575589 -0.10684652077831892 1.254147374039528 -0.08950972622576372
-0.0150010059999822 6.753031312547828 -0.10458621946478243 1.2529135887618512 -0.09167245771760234
-0.01000025148734561 6.752070375452446 -0.10234213005004582 1.2517185049553279 -0.09386768569228203
-0.005000000000000051 6.751049976541649 -0.10011313821822349 1.2505627188536175 -0.0960726204777536
0.004999999999999968 6.748910865066989 -0.09562363877499963 1.2484853205981623 -0.10052331590050256
0.01000025148734597 6.747733041403536 -0.09345067839441462 1.2474617189877524 -0.10274006082404392
0.01500100599998233 6.746545268452361 -0.09127182596632738 1.2465008458035587 -0.1049827372547273
0.02000251517707488 6.745301385833475 -0.08909793417940741 1.2455849415750944 -0.10723397334984726
0.0250050308096731 6.744013562116552 -0.08695826482263598 1.2447125820639244 -0.10950360454725121
0.03000880489143927 6.742695179385513 -0.0848367704315546 1.2438998401157235 -0.11178953501244522
0.03501408966946631 6.7413269976724415 -0.08272030931387465 1.243150063178492 -0.11406159415671457
0.0400211376952001 6.739918837817766 -0.08063628776586355 1.242436402420791 -0.11632376854557175
0.04503020187549421 6.738467706888879 -0.07856273943561667 1.241757587168651 -0.11859690304161269
0.05004153552381894 6.736958554146848 -0.07651416677406468 1.2411308089913635 -0.12087491596499883
0.05505539241164035 6.73542135895265 -0.07451858576708231 1.2405562730196884 -0.12315179386944526
0.06007202682000051 6.733859379911258 -0.07253519884751235 1.2400309798011795 -0.1254138076608818
0.06509169359131227 6.732257742551035 -0.07056943217435459 1.239538094441958 -0.12766880807980815
0.07011464818139967 6.730614941302601 -0.06862882608498659 1.2390823067597763 -0.12993573821263066
0.07514114671180096 6.728929503488 -0.06671578885355907 1.238684428574825 -0.13220001341153123
0.0801714460223562 6.727209975936901 -0.06484039837852003 1.238335956498444 -0.13445557467481173
0.08520580372410955 6.725457904931348 -0.06299176986092835 1.2380356488457642 -0.13670026437926658
0.09024447825254277 6.723670343046897 -0.061174546418880225 1.2377819618382473 -0.13893105714099294
0.095287728921164 6.721849221864378 -0.059391953300543726 1.2375724153889298 -0.141147416221625
0.1003358159754814 6.719999172307251 -0.05764589920013811 1.2374057325845373 -0.14334133444419675
0.10538900064738 6.718120722457068 -0.05593276689171619 1.2372691111005079 -0.14552335980983191
0.1104475452099259 6.716216340407349 -0.05425662850996466 1.2371732049407802 -0.14769301960731032
0.115511713032629 6.7142888975458686 -0.052613573416698554 1.2371141618676438 -0.14984478677691582
0.1205817686371828 6.712333770258074 -0.05100114135505015 1.2370838893083174 -0.1519922491268509
0.1256579777537084 6.710356673559279 -0.04942985648708958 1.2371020938938506 -0.15413444571214444
0.1307406073775297 6.708360403814115 -0.04788806639526084 1.237173466481518 -0.15625542123391872
0.1358299258265083 6.706339154008854 -0.04637640667421808 1.2372858956078328 -0.1583416312029994
0.1409262027989575 6.704289439565422 -0.044899585577221963 1.2374172510999166 -0.16040375678999838
0.1460297094321693 6.702217484994808 -0.043467191534196765 1.2375721926613084 -0.16245872538030565
0.1511407183615815 6.700125304814945 -0.04207306806481594 1.2377660974400566 -0.16450992645906634
0.156259503780608 6.698020327873806 -0.04072806444919964 1.2380098200674705 -0.16655341336894972
0.1613863415011647 6.695912191094953 -0.039420526219274034 1.2383186245103222 -0.1685598677219192
0.1665215090149231 6.693796879772773 -0.03814019060470404 1.2386545406881404 -0.17051660229543272
0.1716652855553128 6.691664834536383 -0.036886570139491315 1.238998211048011 -0.17244579945502933
0.17681795216031 6.689512678242392 -0.03567056442526917 1.2393652298005875 -0.1743631393901001
0.1819797917360437 6.687358136764387 -0.03450330103663062 1.2397700450618347 -0.17625795868098032
0.1871510891212435 6.685199006973408 -0.03335468394842864 1.240193694095165 -0.17813026961651976
0.1923321311525709 6.683023527803271 -0.03224007291386563 1.2406462384146677 -0.17999007644341372
0.1975232067308575 6.680839598712533 -0.031165691075582955 1.2411402493948338 -0.18182879327933257
0.2027246068882931 6.678655901759569 -0.030126761872460238 1.2416654037841484 -0.18363842119544513
0.2079366248565914 6.676465595397389 -0.029110444135912867 1.2422199082096952 -0.18542255475178723
0.2131595561361682 6.674264768734867 -0.028130857646748164 1.2428159151333398 -0.1871694330171451
0.2183936985663747 6.672065505642894 -0.027189872145349975 1.2434217219336012 -0.18887001756153027
0.2236393523968162 6.669867553288276 -0.026271599532168295 1.2440216307270158 -0.19055164309413433
0.2288968203597951 6.667663385982328 -0.025379517386365624 1.2446470090459476 -0.19223419087930582
0.2341664077439189 6.665448505155667 -0.024516307134748092 1.2453221958586687 -0.19389791781364085
0.2394484224689141 6.663231328152536 -0.023697604904778242 1.2460285809404406 -0.19551902936964582
0.2447431751616794 6.661031469519054 -0.02291446829740156 1.246747219012721 -0.19710205861801974
0.2500509792336281 6.658836153216731 -0.022134651939377588 1.2474744016905779 -0.1986648634263133
0.2553721509593593 6.656624263251916 -0.021378288815636994 1.2482408950764736 -0.2002092688989909
0.2607070095566992 6.6544095755291695 -0.02066693232558435 1.2490330195823753 -0.20170812561441528
0.2660558772681596 6.652211022330417 -0.019987728383587696 1.2498197644040565 -0.20316916444623398
0.2714190794438639 6.65002638587939 -0.019321166265464818 1.2506183566878168 -0.20462069088469342
0.2767969446259781 6.647839449358534 -0.018660582026550857 1.251450094389015 -0.20605456995101873
0.282189804634705 6.645636446057615 -0.01801750687998167 1.252303511776782 -0.20745223804166607
0.2875979946558885 6.6434259571936956 -0.017413321593735945 1.2531704703853261 -0.20881950504886254
0.2930218533302762 6.6412182579095465 -0.016838524837071257 1.2540627164980294 -0.21015969458715217
0.2984617228444971 6.639017916089474 -0.016297401090270072 1.2549660751527034 -0.21145906779733106
0.3039179490238104 6.63683564121296 -0.015782337171737524 1.2558750191457517 -0.21272891988821338
0.3093908814266743 6.634662267882721 -0.015272227370184481 1.2567904102788734 -0.21397725103604012
0.3148808734411986 6.63248733600133 -0.014781265918319002 1.2577253263189334 -0.21521015624411005
0.3203882823835413 6.630317932032661 -0.014312624832679468 1.25869102435887 -0.21641568320647728
0.3259134695983027 6.628155151677111 -0.013857866987818056 1.2596736758468214 -0.217574355226389
0.3314568005609868 6.62599165406148 -0.01341659658086743 1.2606516607063838 -0.21869360835574886
0.3370186449825955 6.6238311561181415 -0.013000444879525178 1.2616450864700646 -0.21979803419378843
0.342599376916414 6.621680543533332 -0.012600727078199385 1.2626433208845111 -0.2208620413167319
0.3481993748670658 6.619542283595161 -0.012213762340933977 1.2636512811269172 -0.22190753550642714
0.3538190219019016 6.617401015067161 -0.011820163111591757 1.2646758280401191 -0.22292216737584528
0.3594587057647974 6.615242130269274 -0.011446629494788934 1.2657014614590494 -0.22389657109756111
0.3651188189924404 6.613086412686188 -0.01111163712934015 1.2667265421496947 -0.22485182994824185
0.3707997590331719 6.610950788074337 -0.010793639392736214 1.2677678199527613 -0.2257922760917413
0.3765019283684747 6.608823495105705 -0.010474870702447629 1.2688294010638574 -0.22669920534826718
0.3822257346371889 6.606692330113854 -0.01016455972149936 1.269899830098302 -0.227564223863719
0.3879715907625318 6.604553566974241 -0.009867907434277937 1.2709650828002843 -0.22839275066813222
0.3937399150820193 6.602418233339957 -0.009602357451418 1.2720342350986744 -0.2292069377544854
0.3995311314803786 6.600302599105907 -0.00935274462696996 1.2731178043058737 -0.2299901768854375
0.4053456695255391 6.598198484886628 -0.009099094967680505 1.2742023133604496 -0.23073229442916635
0.4111839646078068 6.596089816650751 -0.008845669012532755 1.2752825475365388 -0.23145291566230902
0.4170464580823192 6.593977530461242 -0.008606574988331426 1.2763713037108584 -0.2321549821246334
0.4229335974148815 6.591865845180104 -0.00837674297988864 1.277471472835959 -0.23282446083085664
0.4288458363312944 6.589756447496 -0.008159595851866978 1.2785769565204104 -0.23346174682222817
0.434783634970286 6.587648424262168 -0.007946945046398354 1.2796876485420534 -0.2340674417841731
0.4407474600401543 6.585532525476671 -0.007741926932083391 1.2807991024819612 -0.23463388664563464
0.4467377849792465 6.583422487705456 -0.00756426264531835 1.2818988510686902 -0.23516705360484205
0.4527550901203956 6.581322741434425 -0.007382151180850631 1.282993890094993 -0.23569354340770504
0.4587998628594356 6.579217773172394 -0.007203458987108273 1.2841071160903328 -0.23619612797954842
0.4648725978279327 6.577108552500893 -0.007035949560096573 1.2852273353317527 -0.23665102010657804
0.4709737970702658 6.5750012687041615 -0.006880950134093239 1.2863416561086725 -0.23708465042223947
0.4771039702251922 6.572900835371568 -0.0067324338504058156 1.287463410122067 -0.23747616527400628
0.4832636347120512 6.570794220628798 -0.006576940899128664 1.2885703036193783 -0.23782438254436672
0.4894533159217511 6.568682461787812 -0.006442177293031616 1.289656359715659 -0.23816292314125792
0.4956735474126914 6.566578376446658 -0.006311109674304766 1.2907512209911012 -0.23849062194091306
0.5019248711117933 6.564469379932942 -0.006174614115054011 1.2918595521460643 -0.2387757710609108
0.508207837520791 6.5623530014178915 -0.006049024538539485 1.29295739612341 -0.23903126023071242
0.5145230059279664 6.560228629222008 -0.005925435440461486 1.2940520049410353 -0.2392570359306168
0.5208709446255061 6.558102805995058 -0.005823003571482737 1.2951409634981008 -0.23945700060694255
0.5272522311326588 6.555984235446012 -0.005720041876793596 1.2962294402043621 -0.23963179647352936
0.5336674524248943 6.553855233832515 -0.005610565381509778 1.2973211253685877 -0.23977390954630476
0.5401172051692618 6.55172143539513 -0.005520804334010396 1.298408257844775 -0.23987170933056637
0.5466020959661492 6.549586341412427 -0.005424151172574495 1.2994719179889227 -0.23994022701922943
0.553122741597665 6.54743873449291 -0.005335271427539812 1.3005230818239482 -0.23999837945427166
0.5596797692828658 6.545288199318491 -0.005259894871686953 1.3015865911702489 -0.2400290508324102
0.5662738169400511 6.543138074926693 -0.005186529492536627 1.3026483889412062 -0.24000789083469778
0.5729055334563811 6.540982982747478 -0.005114172391772319 1.3036749523076259 -0.2399580750023952
0.5795755789650529 6.538819333003817 -0.005044183091089189 1.3046847091453602 -0.23989493913772186
0.5862846251302993 6.536652195514142 -0.004983183308888391 1.3056894550635836 -0.23982329717425174
0.5930333554404833 6.534480855565362 -0.004916645771489071 1.3067089604607443 -0.23972808867581694
0.5998224655095604 6.532293260705512 -0.004848734452009424 1.3077362454940897 -0.23957568518254735
0.6066526633872037 6.530092981885816 -0.004794432709597852 1.3087209978736716 -0.2393934128859072
0.6135246698778877 6.52789158471311 -0.004748225096402559 1.3097005430073114 -0.2391949381217785
0.6204392188692555 6.5256813086877 -0.004694873395718097 1.310681275453745 -0.23894973243473314
0.6273970576700789 6.523455296132071 -0.004649692190241735 1.311613360581946 -0.2386808219397261
0.6343989473581657 6.521221013594156 -0.004613944159933632 1.3125353293723743 -0.23841158243401622
0.6414456631385582 6.518982956885716 -0.004583686231529635 1.3134722098324563 -0.23811644642116875
0.6485379947123886 6.516737067390754 -0.004550434601788677 1.3143995268898014 -0.2377786030701585
0.6556767466567751 6.514480777264787 -0.004520108209566594 1.3153047256184103 -0.23739916303740222
0.6628627388161606 6.51220742606122 -0.00448492649257101 1.3161664080001163 -0.23700742005443234
0.6700968067054921 6.509920854314835 -0.004466841340283084 1.3170342726629922 -0.23661135428983274
0.6773798019256894 6.507634229653426 -0.004450294199106729 1.3179179837231203 -0.23616758140677727
0.6847125925918336 6.505335553509551 -0.004420934726473067 1.3187539815560365 -0.23568487184534556
0.6920960637745566 6.503014224819277 -0.00439115384036083 1.319588534815981 -0.23517042630925297
0.6995311179551041 6.500668532899529 -0.0043647928816724765 1.3203682972738466 -0.23462821170851725
0.7070186754945865 6.49831036344928 -0.004357107729409562 1.3211374568306402 -0.2340856211448337
0.7145596751179416 6.495937818662043 -0.004341488681029376 1.3219221574845987 -0.2334978042562953
0.7221550744131648 6.493551337147466 -0.0043436421225982276 1.3226289307299943 -0.23287374304613628
0.7298058503463658 6.491152978401857 -0.00433503913582249 1.3233304362668061 -0.23225303620663798
0.7375129997932669 6.48872275341087 -0.00432907480640088 1.324001789638205 -0.23162059184685008
0.7452775400877572 6.4862835265568375 -0.004355527868558437 1.324689826349915 -0.23097651308646838
0.753100509588147 6.483842093213105 -0.004367194636791648 1.3253785968920204 -0.23027481739184058
0.7609829682618187 6.48138166287828 -0.004379666646127881 1.3260061891409873 -0.22952170768043706
0.7689259982889687 6.47889651918142 -0.004385966128570605 1.3265895766913003 -0.22875935039254405
0.7769307046861818 6.476398816979036 -0.004411351540434489 1.3271444867008613 -0.22799005247932896
0.7849982159506155 6.4738797773323835 -0.004409861855665151 1.3276703339087426 -0.22721633824846554
0.793129684725602 6.471328476793611 -0.004426833067693563 1.3282006123479442 -0.22643386009239871
0.8013262884885022 6.468754070806503 -0.004440349469816651 1.3287228000829923 -0.22560420481877697
0.8095892302617037 6.466153025401023 -0.004467380323893424 1.3291655101298954 -0.2247476754792792
0.8179197393476814 6.463529907615955 -0.004500148755618211 1.3296221733877132 -0.22391136597147704
0.826319072089077 6.460892318235233 -0.004547722464866434 1.330074417163929 -0.22302601562581476
0.8347885126548115 6.4582367868601445 -0.004584243503941548 1.3304772839496501 -0.222091742563283
0.8433293738532897 6.455553925924522 -0.00462630568547747 1.3308206506233733 -0.2211460672527256
0.8519429979737835 6.452850183573325 -0.004669445722672059 1.3311454137878391 -0.22020686987445098
0.8606307576571656 6.450118083574462 -0.004704866151343314 1.3314580114120553 -0.2192428208791106
0.869394056797195 6.447355084836007 -0.004743312095013467 1.3317317025372957 -0.21823587653856652
0.8782343314736156 6.4445446509831985 -0.004769297693189009 1.3318992098940612 -0.21723078483179137
0.8871530509183996 6.4416901599806975 -0.004834486229564077 1.3321430334529303 -0.21628075030420943
0.8961517185165282 6.438835924114952 -0.004927202999246741 1.332333429991907 -0.21523000306167167
0.9052318728427539 6.435970914647561 -0.004989053259314585 1.3324716240335974 -0.21417309619668062
0.9143950887358864 6.433049885538528 -0.0050339040928208505 1.332553844765823 -0.2131163602918089
0.923642978412185 6.430079149578674 -0.0051092279467224635 1.332637405949808 -0.21207859347919758
0.9329771926195572 6.427094057403466 -0.005206161374384832 1.3327217302005319 -0.21099815739322822
0.9423994218343089 6.42408434412596 -0.00528263572279682 1.3327333220736526 -0.20986124440817502
0.9519113975022995 6.421030631466147 -0.005358866098132668 1.332694391550478 -0.20872974658514135
0.9615148933264528 6.41791076449036 -0.005424836374983456 1.332595771871416 -0.20759353592095822
0.971211726602654 6.414755929997969 -0.005558317267620065 1.3324628162972947 -0.20648314343069635
0.9810037596061753 6.411592455212093 -0.00567410634308297 1.3323434772693927 -0.20537510974742304
0.9908929010308823 6.408387656789328 -0.005787562205056433 1.3321702375438025 -0.20421066519677053
1.000881107483597 6.405141730182855 -0.005900298880759281 1.3319305629539033 -0.2030588075670073
1.01097038503609 6.40183877949873 -0.006003084487657014 1.3317200477492035 -0.2019273494147582
1.02116279083733 6.398473693360101 -0.006129110187193928 1.3314138823612542 -0.20070956171124937
1.031460434788744 6.3950651298149825 -0.006281988788960865 1.3310585120428817 -0.19954846471669138
1.04186548128539 6.39163168601187 -0.006457038349046659 1.3306784070371571 -0.19839534118770974
1.052380151026074 6.388175343379746 -0.006620434292992337 1.330302312129981 -0.19724069021354285
1.063006722895663 6.384653285593196 -0.006749273521869304 1.3298462178173636 -0.19603677675458442
1.073747535922947 6.381042813546434 -0.006900620281256361 1.3293914706988361 -0.19487987130054482
1.084604991317633 6.377394030089 -0.007104065127168131 1.3288612321268984 -0.19365888721864177
1.095581554590243 6.373709461056781 -0.007283126367694799 1.3283044019320007 -0.1924861801593335
1.106679757758872 6.369947922283943 -0.007464463004432563 1.3277032068572658 -0.1912821903031145
1.117902201646994 6.366125342665838 -0.00767681766498472 1.3270349270189463 -0.1900928984380533
1.129251558276759 6.3622502745722045 -0.007890770479537457 1.3263814112368584 -0.18894386631394794
1.140730573362412 6.358298503795842 -0.008107887198834625 1.3256750914710975 -0.18772189301202946
1.152342068908792 6.354290004745399 -0.008365776472849461 1.3248773124340913 -0.18651515918286962
1.164088945920123 6.350208866242868 -0.008598484417798147 1.324081623570955 -0.1853603161128941
1.175974187224572 6.346048266856729 -0.00888640440982262 1.3231856278273537 -0.18414288025330716
1.188000860420428 6.341844799479435 -0.009184183550213866 1.3222641008300875 -0.18303629898550133
1.200172120950045 6.337557540939894 -0.009461523265422512 1.3213573927092577 -0.18192206855886456
1.212491215308082 6.333183100357996 -0.009780047821129031 1.320437134911916 -0.18076927622113356
1.22496148439092 6.328727716106584 -0.010097687472988642 1.3193844600152804 -0.17956455210133004
1.237586366994588 6.324170940083299 -0.010448622383189866 1.3183262261360613 -0.17848683259355685
1.250369403468921 6.319566639203 -0.010859141976717397 1.3172359374959943 -0.1773422777526216
1.263314239536188 6.314861034067007 -0.011199239380725897 1.3160374737195668 -0.1762243879491028
1.276424630282862 6.3100187297401025 -0.011633581170876638 1.3148914382736527 -0.17522584794856175
1.289704444333805 6.305156733738614 -0.012137079792011483 1.3137459318393292 -0.17410397089085733
1.303157668218649 6.300196987305082 -0.012539878524917501 1.3124298503732503 -0.17292919717582544
1.316788410940794 6.295095152600661 -0.013026963899510182 1.3110357025464712 -0.1719102965513502
1.330600908760078 6.289864028467518 -0.013503766781015131 1.309686391061458 -0.17095996713495787
1.344599530200891 6.284555936460114 -0.014120287575223225 1.308360373739291 -0.169963272674218
1.358788781298218 6.2791665755194765 -0.014649125176846333 1.3069184389891522 -0.16889784837923685
1.373173311094916 6.2735962937515115 -0.015229059586428171 1.30543908431211 -0.16794678499144008
1.387757917404398 6.267890411095163 -0.015883694762586734 1.3039170374896907 -0.16696404452854238
1.402547552853775 6.262098432353239 -0.016616838885860394 1.3023577519101281 -0.16603839938838014
1.417547331223529 6.256198839170872 -0.017333544057852066 1.3007597071060442 -0.1651094651111904
1.432762534100853 6.250118363762502 -0.018077014673002753 1.299119441508179 -0.16420912771757176
1.448198617864901 6.243881619234532 -0.018926801569727796 1.2974098308302635 -0.1633166084323038
1.463861221023439 6.23757178077797 -0.019860964736969952 1.2956752844776067 -0.16250495887893202
1.479756171921723 6.231115116756939 -0.020727264740977032 1.293927874613523 -0.16169609240658314
1.495889496845789 6.2244490925719695 -0.021676958243258642 1.2921569443225709 -0.1608981824235378
1.512267428543952 6.217579565059587 -0.02266777804333138 1.290309581824813 -0.16007879876886377
1.528896415191898 6.210532407248063 -0.023809095307295167 1.2884169997946018 -0.15933201811809708
1.545783129828541 6.203341441477912 -0.025005069376087003 1.286469765974815 -0.15857950671424523
1.562934480291789 6.195953133897485 -0.026272672612894506 1.2844460734317031 -0.1578878624771584
1.580357619685342 6.1884022562581364 -0.02766898038881058 1.2824213412597456 -0.15728972539504227
1.598059957409986 6.180711427065225 -0.02909585225969507 1.2803992483694957 -0.15668350612862147
1.616049170795221 6.172680023580915 -0.030473104762728628 1.2783214729073458 -0.15607016313204364
1.634333217369667 6.164397943827594 -0.03221997437702139 1.2761781820860807 -0.15549609947392973
1.652920347811602 6.156034257167258 -0.03401726838510224 1.273993722838737 -0.15497267735495365
1.671819119624006 6.147408545224522 -0.03582455696156877 1.2717596528064081 -0.1544804952719063
1.691038411581847 6.138489613563969 -0.03780187886247055 1.269534880212474 -0.15405654331202706
1.710587439002987 6.129270127747959 -0.03990038003397898 1.2671558598360153 -0.15354327238461513
1.730475769898036 6.119844936799131 -0.042300243788326516 1.264799509430928 -0.1533303997014107
1.750713342058708 6.110189031662203 -0.044706448853653255 1.2624759822850768 -0.15298446850728584
1.771310481148987 6.100223100103421 -0.047346455836373695 1.2600706668512687 -0.15269286290733286
1.792277919868425 6.089967934730799 -0.050098804290653755 1.2576196571005624 -0.1524421231599674
1.813626818262429 6.079298777547925 -0.053035605481873936 1.2551015599808002 -0.15223606347053548
1.835368785260465 6.068365737649854 -0.05638251062233796 1.2526138720091415 -0.15214174906194067
1.857515901529695 6.057151989119393 -0.0597836001158711 1.2499937751479204 -0.1519336085884563
1.880080743738695 6.045457786247887 -0.06346577318164727 1.2474192126126533 -0.15203361508932284
1.903076410333882 6.033496926911622 -0.06762931326473633 1.2448118084310895 -0.15190992945484297
1.926516548939787 6.021231006992757 -0.07188124630374941 1.2420768007626681 -0.15197039189320075
1.950415385503826 6.008520650960043 -0.07650385252966431 1.239383224252226 -0.1521215033786942
1.974787755316548 5.995421831376104 -0.08143888494346838 1.2366561761446186 -0.1522261105788583
1.99964913604968 5.98181175791528 -0.08669269528440554 1.2337721588217287 -0.15239023324332163
2.025015682966775 5.967762080080115 -0.0925233234992675 1.2310265292175993 -0.15284005536575335
2.050904266475056 5.9533031740890365 -0.09872949233475958 1.2281688602117848 -0.15294929811059693
2.077332512202038 5.938328874202584 -0.1054609869022388 1.2251345671827885 -0.1534134158518589
2.104318843797275 5.922973008636104 -0.11283966362420626 1.2222630929078093 -0.15402421214672354
2.131882528677898 5.907162598203673 -0.12061878747060881 1.219338056140817 -0.15447151204107942
2.160043726956899 5.890759459213669 -0.12905678148961086 1.2164291250191994 -0.155153238223721
2.188823543815518 5.873850208898759 -0.13826060396660192 1.2134676988289952 -0.15562677200122862
2.218244085606003 5.856547700470511 -0.14825076082988542 1.2102472598730176 -0.1562263728020731
2.248328519998398 5.83873706935646 -0.15885184813344774 1.2070090178764872 -0.15716651946418014
2.279101140515615 5.820284952051059 -0.17033182756729243 1.203965704794208 -0.15821629312987281
2.310587435834983 5.801383768675073 -0.18286265205132773 1.2008518030259931 -0.15907894006259032
2.342814164271995 5.781813136209468 -0.1961347998242705 1.1976521632254165 -0.16018818751994152
2.375809433904205 5.761671289938526 -0.21089945532462331 1.1944902763597702 -0.16133406973154907
2.409602788839831 5.741256774472539 -0.2267570729879287 1.1912568892193303 -0.1625106117275864
2.444225302188005 5.719903142327055 -0.2435334397987997 1.1879665279925997 -0.16384484294271887
2.479709676346002 5.69833156520926 -0.2627556749316946 1.1846977567487844 -0.16530777014791626
2.516090351284284 5.676574632626187 -0.28268339164879347 1.1814427456970171 -0.16683056531336357
2.553403621583412 5.6541947289129375 -0.3045185738305834 1.1781265400322654 -0.16841132389948946
2.591687763059467 5.631557582223921 -0.32816301364387124 1.174809797569452 -0.17017339163168194
2.630983169907057 5.6086733778069355 -0.3537304629526259 1.1714278669524711 -0.17196289222774144
2.671332503393482 5.585885888140705 -0.38146741014321284 1.1681838743522652 -0.17408058102795254
2.712780853255288 5.562879535777862 -0.41079025313840734 1.1648584386074456 -0.1759019014180834
2.755375913081506 5.5393590473597065 -0.4426598179139673 1.1613303304751215 -0.17811892191682363
2.799168171118328 5.5160426207860525 -0.4777410835057373 1.157955175300947 -0.18062361333746152
2.844211118100896 5.493770226145507 -0.5157474370146943 1.1547075034541865 -0.18314002572138408
2.890561473911588 5.471957642344718 -0.5558334646841686 1.1513983207659835 -0.18569685590791257
2.938279435084994 5.451157823225216 -0.5995139355899184 1.1480716439833247 -0.18850886586369633
2.987428945431348 5.431244900091168 -0.6454729537966257 1.1448818713447957 -0.19150146125057427
3.03807799233756 5.412271514976936 -0.6952297889735212 1.141681833811154 -0.194476266397624
3.090298931633904 5.395189605175345 -0.7488092670796077 1.1384757052267105 -0.19774560034447436
3.144168844291917 5.38070195958359 -0.8060131658676345 1.1353355112649401 -0.20116002665091373
3.199769928652491 5.369070131968318 -0.8663144892678686 1.1323042160343917 -0.2048372645813252
3.257189932382928 5.359807643025242 -0.9296200274093406 1.129448725146812 -0.20864287090117262
3.316522628938477 5.353792989020084 -0.9972974829051757 1.126640694836496 -0.21250213457498807
3.377868343971226 5.352522680802784 -1.0687983302143513 1.1238603865046186 -0.2166188067989591
3.441334537903732 5.356168885526971 -1.1429565666293493 1.121324417676893 -0.22102966022641352
3.507036451785128 5.365005440109816 -1.219858551342585 1.1189078307802194 -0.22539674355009545
3.575097824597342 5.379215382635827 -1.2990998791661326 1.1165431056011133 -0.23008046508001315
3.645651691406517 5.399962977361704 -1.3809041546581278 1.114427397121735 -0.23503915931934716
3.718841273193661 5.427167818723007 -1.46382468862861 1.1125686921453988 -0.2401409943442819
3.794820970889963 5.461595812861297 -1.5484827827307779 1.1109914994310688 -0.24542983457973155
3.873757478137244 5.5051508571453684 -1.6336733838672455 1.1095125410174016 -0.250734760173892
3.955831029653008 5.556601260419594 -1.7164329179213949 1.1083685049969252 -0.2566099081173349
4.041236804879298 5.614507191852818 -1.7976139733587104 1.1077576044957005 -0.26247823382130314
4.13018650992749 5.682148881113058 -1.8782218777936819 1.1073622777306942 -0.26833863759736215
4.222910164812808 5.7581784315503 -1.9536786105949306 1.1073795360236787 -0.27460007188816415
4.319658127746227 5.841872794463099 -2.024698729727007 1.1077991108208582 -0.2808005988944483
4.420703393996887 5.933601823766083 -2.090239273628518 1.1088208106942883 -0.2874594804598573
4.526344213778938 6.0315814922058335 -2.1489202273276624 1.1105470567435392 -0.2938913096599096
4.636907082037216 6.137564910000733 -2.201320668022171 1.1127277164527243 -0.3002879246060362
4.752750163264186 6.24864204206742 -2.2439596907477655 1.1155304572322162 -0.3068083710132639
4.874267227033051 6.364886991777316 -2.278437748254461 1.1192145867152181 -0.3132928839840425
5.00189218536385 6.4846290523511705 -2.30307262803796 1.1236256965011808 -0.3193520521550914
5.136104342104078 6.6077206477614014 -2.318565459905627 1.1288566727175136 -0.32533967203521635
5.277434488177208 6.732774644989535 -2.3239749487755863 1.1349240155694291 -0.33073296773743527
5.426472006104844 6.86047601547505 -2.319511713655198 1.1418024836923975 -0.33581545208568264
5.583873184308421 6.987336855419556 -2.303230325894707 1.1497918555180942 -0.3403580765671783
5.750370988549688 7.114202669738812 -2.2777254454718436 1.1587445751879537 -0.34386598418089825
5.926786597410238 7.239744818630678 -2.2410920090567785 1.168688436286656 -0.34654322407552174
6.114043084875222 7.362613289559908 -2.1941718418251472 1.1795558698307573 -0.34777652557769645
6.313181731196443 7.483448157153475 -2.1374490254677294 1.1912117147734147 -0.34773547900746027
6.525381570524497 7.599969853417622 -2.0693609976440372 1.2039047091499642 -0.34611992607976444
6.751982950306783 7.712241478176738 -1.9916361124438537 1.2171951157638983 -0.34209252009536245
6.994516097029167 7.819028748494202 -1.9029575336866758 1.2309913931510001 -0.33614092799163525
7.254735975022012 7.9195090370509025 -1.8037999430730154 1.2448671083664191 -0.327036785370438
7.53466511741108 8.011325580895702 -1.6934965631367576 1.2584580873910491 -0.3155364309186144
7.836646640587229 8.094595731711367 -1.5740079400926221 1.2713339126225502 -0.30046447472555843
8.163410383531929 8.166703417915834 -1.4429588584555204 1.2829581347623114 -0.2825008934489042
8.518156126042216 8.225437451534766 -1.3027451666929408 1.2924882023813797 -0.2604658565396133
8.904659262506966 8.26912242587279 -1.153894026006036 1.2989162612577765 -0.235549815877628
9.327406333425754 8.294815029886205 -0.9973324961856711 1.301533148875695 -0.2073404840666526
9.791770743284625 8.299328410688872 -0.8359189292297369 1.2992636488486848 -0.17696050266873553
10.30424328906184 8.27972441683721 -0.6736817620951684 1.291367995230912 -0.14503733663592305
10.87273853939115 8.234755306903846 -0.5170514502518715 1.2771521111630086 -0.11311845907143891
11.5070078703397 8.164764936941383 -0.37182313177528276 1.25651110498716 -0.08273907933030133
12.21920514335652 8.072452955568892 -0.24592564848656742 1.229807930587345 -0.05569359739173899
13.024675157555 7.964344537779125 -0.1455150787362797 1.1984065675386582 -0.0338274348476669
13.9430744211685 7.853005738032149 -0.07455302395805359 1.16512315642718 -0.01785570366965333
14.99999999999985 7.7086177680573815 -0.01579895115526226 1.1220308665515386 -0.003964801319961068
