-1.499999999999984546e+01 1.977483180030512511e-05
-1.394307442116845941e+01 1.106746797468602850e-04
-1.302467515755499861e+01 2.555607461185184764e-04
-1.221920514335648811e+01 5.076710737710668497e-04
-1.150700787033963834e+01 8.978887346600178312e-04
-1.087273853939112733e+01 1.449133981854361071e-03
-1.030424328906179277e+01 2.172952855436561994e-03
-9.791770743284603284e+00 3.071713399049834630e-03
-9.327406333425754426e+00 4.137038410441239156e-03
-8.904659262506948281e+00 5.353561013872541741e-03
-8.518156126042184084e+00 6.700564970978418328e-03
-8.163410383531914505e+00 8.157201260858587544e-03
-7.836646640587201063e+00 9.696734977524653493e-03
-7.534665117411080359e+00 1.129795485614782519e-02
-7.254735975022024164e+00 1.293988146618329713e-02
-6.994516097029166879e+00 1.460317398041644128e-02
-6.751982950306772757e+00 1.627055490961085149e-02
-6.525381570524497299e+00 1.792637201008336761e-02
-6.313181731196434221e+00 1.956241438684153816e-02
-6.114043084875222078e+00 2.116881286495872136e-02
-5.926786597410245605e+00 2.273343611739248732e-02
-5.750370988549687645e+00 2.425964930218316509e-02
-5.583873184308413506e+00 2.573173582859761971e-02
-5.426472006104829937e+00 2.715909292414287607e-02
-5.277434488177201288e+00 2.853447629890810272e-02
-5.136104342104077958e+00 2.985618815589679079e-02
-5.001892185363844057e+00 3.112708273934178260e-02
-4.874267227033040051e+00 3.234332345044843571e-02
-4.752750163264180649e+00 3.351538706375627175e-02
-4.636907082037206251e+00 3.463849706212155516e-02
-4.526344213778932257e+00 3.571493355551224463e-02
-4.420703393996887165e+00 3.674874711060661936e-02
-4.319658127746222931e+00 3.773798096024282012e-02
-4.222910164812799572e+00 3.868785840161127060e-02
-4.130186509927485261e+00 3.960513335711059180e-02
-4.041236804879289934e+00 4.048570932005932099e-02
-3.955831029653007924e+00 4.133605105278824465e-02
-3.873757478137248356e+00 4.214886415409425241e-02
-3.794820970889963174e+00 4.293940968118345469e-02
-3.718841273193658203e+00 4.370978309578905929e-02
-3.645651691406516903e+00 4.445377603132960598e-02
-3.575097824597338825e+00 4.517490305295175645e-02
-3.507036451785127795e+00 4.587624342316141968e-02
-3.441334537903729007e+00 4.655692640530510046e-02
-3.377868343971221154e+00 4.722934178672176520e-02
-3.316522628938475048e+00 4.787669569619837362e-02
-3.257189932382928088e+00 4.851630735217652562e-02
-3.199769928652489437e+00 4.914379475365123623e-02
-3.144168844291917342e+00 4.975707489143589568e-02
-3.090298931633901791e+00 5.036543099499370818e-02
-3.038077992337555155e+00 5.096391781068956156e-02
-2.987428945431346516e+00 5.155737918672107650e-02
-2.938279435084989455e+00 5.214453817854432238e-02
-2.890561473911585910e+00 5.272054960489050424e-02
-2.844211118100896218e+00 5.329560818369673270e-02
-2.799168171118325610e+00 5.386901783840253310e-02
-2.755375913081502315e+00 5.444281604969919419e-02
-2.712780853255288172e+00 5.501469611495672651e-02
-2.671332503393478053e+00 5.557543839982607980e-02
-2.630983169907057384e+00 5.614493525134083701e-02
-2.591687763059467020e+00 5.670567175845617203e-02
-2.553403621583411720e+00 5.727995124540358196e-02
-2.516090351284280491e+00 5.784107115483390349e-02
-2.479709676346002034e+00 5.841515288880493040e-02
-2.444225302188003379e+00 5.898618987642587769e-02
-2.409602788839831256e+00 5.955723029265422991e-02
-2.375809433904203960e+00 6.013226741112222967e-02
-2.342814164271992627e+00 6.071421055986575555e-02
-2.310587435834981385e+00 6.129087055286346758e-02
-2.279101140515614965e+00 6.187654306839591306e-02
-2.248328519998395780e+00 6.246945550685956139e-02
-2.218244085606003058e+00 6.306203063588991520e-02
-2.188823543815516803e+00 6.366625923075150406e-02
-2.160043726956895949e+00 6.426697254998196829e-02
-2.131882528677896183e+00 6.487212444535370159e-02
-2.104318843797272631e+00 6.548777157402957405e-02
-2.077332512202036963e+00 6.610759315719041962e-02
-2.050904266475055859e+00 6.673333426031607951e-02
-2.025015682966774033e+00 6.736350121363997301e-02
-1.999649136049677312e+00 6.799674479206907485e-02
-1.974787755316548266e+00 6.863911680487576328e-02
-1.950415385503824428e+00 6.928785758899214109e-02
-1.926516548939785745e+00 6.994223050652943752e-02
-1.903076410333882196e+00 7.059557474518743381e-02
-1.880080743738695492e+00 7.126281705781106757e-02
-1.857515901529694036e+00 7.193865849630387554e-02
-1.835368785260464763e+00 7.262155232651962278e-02
-1.813626818262426887e+00 7.330761742020486249e-02
-1.792277919868425329e+00 7.400378914718275247e-02
-1.771310481148986149e+00 7.469719543712159682e-02
-1.750713342058705768e+00 7.541324185449306550e-02
-1.730475769898034866e+00 7.611913656332645883e-02
-1.710587439002987376e+00 7.684311637579044341e-02
-1.691038411581845979e+00 7.756787577669446709e-02
-1.671819119624006422e+00 7.830816347671101796e-02
-1.652920347811601687e+00 7.904920875960495807e-02
-1.634333217369665192e+00 7.980291451681249815e-02
-1.616049170795219814e+00 8.055941560417842484e-02
-1.598059957409985854e+00 8.132141924116739751e-02
-1.580357619685341053e+00 8.208714457154436817e-02
-1.562934480291788830e+00 8.285916629373707432e-02
-1.545783129828541158e+00 8.365753496597069794e-02
-1.528896415191895786e+00 8.444694938568889087e-02
-1.512267428543951242e+00 8.523977641212054923e-02
-1.495889496845787869e+00 8.604368885025309721e-02
-1.479756171921722929e+00 8.686641282573366596e-02
-1.463861221023438519e+00 8.769281731129741075e-02
-1.448198617864899784e+00 8.851491805674205349e-02
-1.432762534100851859e+00 8.934926513114835323e-02
-1.417547331223529161e+00 9.018816501670158525e-02
-1.402547552853774304e+00 9.103893733375902075e-02
-1.387757917404398356e+00 9.188929314900294576e-02
-1.373173311094914473e+00 9.275067313755885889e-02
-1.358788781298216675e+00 9.361623580350134088e-02
-1.344599530200890625e+00 9.450389385210089532e-02
-1.330600908760077861e+00 9.538345275921517041e-02
-1.316788410940793463e+00 9.627764412893299872e-02
-1.303157668218648979e+00 9.717334507572752966e-02
-1.289704444333804600e+00 9.807098580983686364e-02
-1.276424630282860795e+00 9.897206849100104176e-02
-1.263314239536187600e+00 9.989891517429372314e-02
-1.250369403468921226e+00 1.008141881643168786e-01
-1.237586366994587683e+00 1.017423394101695938e-01
-1.224961484390919786e+00 1.026742889322942720e-01
-1.212491215308081349e+00 1.036148953612210932e-01
-1.200172120950044441e+00 1.045544601681300395e-01
-1.188000860420426852e+00 1.055141669762507534e-01
-1.175974187224572365e+00 1.064757283665677262e-01
-1.164088945920123352e+00 1.074426932209941316e-01
-1.152342068908791317e+00 1.084033303864689324e-01
-1.140730573362410238e+00 1.093774075399515100e-01
-1.129251558276758605e+00 1.103606963783099887e-01
-1.117902201646994165e+00 1.113459235084355708e-01
-1.106679757758871174e+00 1.123364671031535644e-01
-1.095581554590242757e+00 1.133268903004856915e-01
-1.084604991317632328e+00 1.143435899516766496e-01
-1.073747535922946250e+00 1.153537143826069283e-01
-1.063006722895662781e+00 1.163609931457388336e-01
-1.052380151026073518e+00 1.173758741133736211e-01
-1.041865481285389139e+00 1.183964695705628928e-01
-1.031460434788744385e+00 1.194189484289639586e-01
-1.021162790837329082e+00 1.204448882658742392e-01
-1.010970385036089381e+00 1.214840350308259709e-01
-1.000881107483597043e+00 1.225291664700666749e-01
-9.908929010308823448e-01 1.235672090312719129e-01
-9.810037596061752518e-01 1.246130969948685829e-01
-9.712117266026539797e-01 1.256559117428466821e-01
-9.615148933264523468e-01 1.267105829077789514e-01
-9.519113975022986951e-01 1.277751732090255665e-01
-9.423994218343084706e-01 1.288388854071224054e-01
-9.329771926195575826e-01 1.299023992468166244e-01
-9.236429784121844566e-01 1.309670040527033952e-01
-9.143950887358859303e-01 1.320403275132239485e-01
-9.052318728427537486e-01 1.331278521345881094e-01
-8.961517185165274180e-01 1.342017789764752000e-01
-8.871530509183994662e-01 1.352609944849914037e-01
-8.782343314736150708e-01 1.363524172814395141e-01
-8.693940567971949474e-01 1.374462339124822852e-01
-8.606307576571651241e-01 1.385457773025204342e-01
-8.519429979737824787e-01 1.396294478402700101e-01
-8.433293738532892103e-01 1.407069987932763611e-01
-8.347885126548113544e-01 1.417969346728994995e-01
-8.263190720890765117e-01 1.429000754822487562e-01
-8.179197393476813627e-01 1.440015844430400649e-01
-8.095892302617030412e-01 1.450983724272297826e-01
-8.013262884885015147e-01 1.461929451411900227e-01
-7.931296847256015248e-01 1.472975125431362498e-01
-7.849982159506153634e-01 1.483839252008996579e-01
-7.769307046861815280e-01 1.494967774726089216e-01
-7.689259982889686817e-01 1.506027612500258073e-01
-7.609829682618184377e-01 1.517060503594820919e-01
-7.531005095881461164e-01 1.528223489673623814e-01
-7.452775400877568179e-01 1.539243486023812169e-01
-7.375129997932672321e-01 1.550116657661242681e-01
-7.298058503463653590e-01 1.561129131458379171e-01
-7.221550744131645105e-01 1.572198924537802078e-01
-7.145596751179414952e-01 1.583276285586025789e-01
-7.070186754945858576e-01 1.594362257423230789e-01
-6.995311179551040315e-01 1.605340258823233501e-01
-6.920960637745565691e-01 1.616329463682090184e-01
-6.847125925918331468e-01 1.627347173434293692e-01
-6.773798019256889180e-01 1.638425198194988219e-01
-6.700968067054918764e-01 1.649460282753130724e-01
-6.628627388161604239e-01 1.660388949951027149e-01
-6.556767466567750002e-01 1.671345969507195273e-01
-6.485379947123881550e-01 1.682201229225723238e-01
-6.414456631385582197e-01 1.693157226571774809e-01
-6.343989473581652661e-01 1.704019806024230643e-01
-6.273970576700782509e-01 1.714820429180284045e-01
-6.204392188692551269e-01 1.725683939869576133e-01
-6.135246698778875629e-01 1.736493632998690750e-01
-6.066526633872033614e-01 1.747442841822499926e-01
-5.998224655095604207e-01 1.758192208611161211e-01
-5.930333554404829677e-01 1.768891373621764018e-01
-5.862846251302987755e-01 1.779545654558443712e-01
-5.795755789650526291e-01 1.790113628699140924e-01
-5.729055334563811774e-01 1.800681696114054264e-01
-5.662738169400507449e-01 1.811403501753590661e-01
-5.596797692828653359e-01 1.822095301907772080e-01
-5.531227415976648354e-01 1.832515698017939954e-01
-5.466020959661486156e-01 1.842869311238225505e-01
-5.401172051692616494e-01 1.853383835092150267e-01
-5.336674524248944396e-01 1.863763374283570196e-01
-5.272522311326585109e-01 1.874079160250826659e-01
-5.208709446255063158e-01 1.884327729481709846e-01
-5.145230059279665147e-01 1.894491185287172086e-01
-5.082078375207905729e-01 1.904778624143116661e-01
-5.019248711117934025e-01 1.914905197954274718e-01
-4.956735474126915397e-01 1.924883849218328447e-01
-4.894533159217509533e-01 1.934928086517755386e-01
-4.832636347120513043e-01 1.944875495519088338e-01
-4.771039702251920200e-01 1.954805570958266236e-01
-4.709737970702656540e-01 1.964655710876584971e-01
-4.648725978279327764e-01 1.974469046725859933e-01
-4.587998628594354700e-01 1.984168079776265636e-01
-4.527550901203954981e-01 1.993728182746266619e-01
-4.467377849792463773e-01 2.003444004164834924e-01
-4.407474600401539711e-01 2.013067694365310856e-01
-4.347836349702858816e-01 2.022331600714353250e-01
-4.288458363312943056e-01 2.031544455677791183e-01
-4.229335974148811239e-01 2.040947121486826332e-01
-4.170464580823190492e-01 2.050140585757897482e-01
-4.111839646078065957e-01 2.059297250775630750e-01
-4.053456695255387987e-01 2.068480709973646858e-01
-3.995311314803784430e-01 2.077440570083589344e-01
-3.937399150820194427e-01 2.086273576496865401e-01
-3.879715907625314597e-01 2.095208407469030254e-01
-3.822257346371890074e-01 2.103944569745533066e-01
-3.765019283684747919e-01 2.112590246354864865e-01
-3.707997590331714166e-01 2.121260660751960181e-01
-3.651188189924405858e-01 2.129708779633942561e-01
-3.594587057647975481e-01 2.138059533570255133e-01
-3.538190219019011762e-01 2.146353774030532457e-01
-3.481993748670658695e-01 2.154496984743899946e-01
-3.425993769164140668e-01 2.162704560542492160e-01
-3.370186449825951502e-01 2.170965110351044947e-01
-3.314568005609865864e-01 2.178995222009721122e-01
-3.259134695983023078e-01 2.186824306194765644e-01
-3.203882823835412230e-01 2.194570350880722942e-01
-3.148808734411985277e-01 2.202185008754613260e-01
-3.093908814266739249e-01 2.209830421145579094e-01
-3.039179490238102521e-01 2.217311040202387118e-01
-2.984617228444969572e-01 2.224653202365471094e-01
-2.930218533302758055e-01 2.231951759165650695e-01
-2.875979946558883671e-01 2.239129215719278532e-01
-2.821898046347048883e-01 2.246132117262247818e-01
-2.767969446259778143e-01 2.253141733225278998e-01
-2.714190794438640086e-01 2.260052004520515523e-01
-2.660558772681595463e-01 2.266768050614007268e-01
-2.607070095566988432e-01 2.273489883539958067e-01
-2.553721509593595007e-01 2.280038959473354443e-01
-2.500509792336281789e-01 2.286363360545203283e-01
-2.447431751616790663e-01 2.292647372648020099e-01
-2.394484224689141794e-01 2.298835856082622753e-01
-2.341664077439190861e-01 2.304885251538433266e-01
-2.288968203597947504e-01 2.310879427261785246e-01
-2.236393523968163433e-01 2.316683532419329117e-01
-2.183936985663748609e-01 2.322330123247849931e-01
-2.131595561361681324e-01 2.327996604053492180e-01
-2.079366248565912845e-01 2.333685629605539713e-01
-2.027246068882932184e-01 2.339204330383021779e-01
-1.975232067308573536e-01 2.344452401924296825e-01
-1.923321311525707789e-01 2.349517350915548142e-01
-1.871510891212436467e-01 2.354563561896277357e-01
-1.819797917360435890e-01 2.359436199536270595e-01
-1.768179521603098492e-01 2.364269384321961986e-01
-1.716652855553124635e-01 2.369076439735182116e-01
-1.665215090149229915e-01 2.373567427124702589e-01
-1.613863415011645708e-01 2.377867349996383439e-01
-1.562595037806076281e-01 2.382253867985795748e-01
-1.511407183615816052e-01 2.386480546913331280e-01
-1.460297094321691691e-01 2.390434792289459764e-01
-1.409262027989571786e-01 2.394329731944458972e-01
-1.358299258265084075e-01 2.398134936683112284e-01
-1.307406073775295718e-01 2.401763878238820649e-01
-1.256579777537080167e-01 2.405308431370046518e-01
-1.205817686371829095e-01 2.408725578960268510e-01
-1.155117130326291097e-01 2.412088556829669050e-01
-1.104475452099255434e-01 2.415155457773062175e-01
-1.053890006473798824e-01 2.418123186423996596e-01
-1.003358159754815099e-01 2.421120990312786436e-01
-9.528772892116385562e-02 2.423972579167819053e-01
-9.024447825254262867e-02 2.426607772036883381e-01
-8.520580372410961612e-02 2.428990064343021227e-01
-8.017144602235605488e-02 2.431369620139493537e-01
-7.514114671180081861e-02 2.433650819206539806e-01
-7.011464818139975796e-02 2.435675520049807030e-01
-6.509169359131213028e-02 2.437586147124843061e-01
-6.007202682000037375e-02 2.439560190149581698e-01
-5.505539241164043168e-02 2.441391091735394536e-01
-5.004153552381902792e-02 2.443021058433825221e-01
-4.503020187549407194e-02 2.444359787774018078e-01
-4.002113769519974329e-02 2.445497008764686842e-01
-3.501408966946639723e-02 2.446622249988991415e-01
-3.000880489143913435e-02 2.447713936304208859e-01
-2.500503080967274305e-02 2.448483533803997303e-01
-2.000251517707496776e-02 2.449180631770005445e-01
-1.500100599998219555e-02 2.449914105970503742e-01
-1.000025148734561345e-02 2.450481727535919751e-01
-5.000000000000051278e-03 2.450799295912475806e-01
-4.151058885056183785e-17 2.450944797241038919e-01
4.999999999999968012e-03 2.451014463651398079e-01
1.000025148734597427e-02 2.450969288277402847e-01
1.500100599998233260e-02 2.450868927378058448e-01
2.000251517707488449e-02 2.450545997882007110e-01
2.500503080967310041e-02 2.450029698848637527e-01
3.000880489143927313e-02 2.449326641444119768e-01
3.501408966946631396e-02 2.448538927885280381e-01
4.002113769520009717e-02 2.447725287361394719e-01
4.503020187549421072e-02 2.446771203161290653e-01
5.004153552381894465e-02 2.445647444845809870e-01
5.505539241164034842e-02 2.444351782952223773e-01
6.007202682000051253e-02 2.442867087570714801e-01
6.509169359131226906e-02 2.441266907556994548e-01
7.011464818139967470e-02 2.439593527888478386e-01
7.514114671180095739e-02 2.437813892599896559e-01
8.017144602235619366e-02 2.435777663728093678e-01
8.520580372410954673e-02 2.433648855371786657e-01
9.024447825254276745e-02 2.431523690875194710e-01
9.528772892116399440e-02 2.429276668518910998e-01
1.003358159754814266e-01 2.426837834538977945e-01
1.053890006473800073e-01 2.424217305357122543e-01
1.104475452099259181e-01 2.421393373469414578e-01
1.155117130326290265e-01 2.418427866587277708e-01
1.205817686371828262e-01 2.415388023925876537e-01
1.256579777537083775e-01 2.412282879572254513e-01
1.307406073775296829e-01 2.409039992505454530e-01
1.358299258265082687e-01 2.405642457830254877e-01
1.409262027989575117e-01 2.402115302424077670e-01
1.460297094321692801e-01 2.398403254764795434e-01
1.511407183615814942e-01 2.394504819520904548e-01
1.562595037806079612e-01 2.390588864074618680e-01
1.613863415011646818e-01 2.386538716625049572e-01
1.665215090149231025e-01 2.382383679443698110e-01
1.716652855553127688e-01 2.378086120459606545e-01
1.768179521603099880e-01 2.373605368703670671e-01
1.819797917360437278e-01 2.369007767373437212e-01
1.871510891212435357e-01 2.364318344921771953e-01
1.923321311525708899e-01 2.359388547580148210e-01
1.975232067308574646e-01 2.354303069972407958e-01
2.027246068882931074e-01 2.349268620347148007e-01
2.079366248565913955e-01 2.344277003081881861e-01
2.131595561361682156e-01 2.339095435801346601e-01
2.183936985663747499e-01 2.333687976955559629e-01
2.236393523968162322e-01 2.328168986721038392e-01
2.288968203597950835e-01 2.322576586418146349e-01
2.341664077439189473e-01 2.316869006986010671e-01
2.394484224689140683e-01 2.310958153982723973e-01
2.447431751616793993e-01 2.304888463028569312e-01
2.500509792336280679e-01 2.298754223266718522e-01
2.553721509593593342e-01 2.292588719211844372e-01
2.607070095566991763e-01 2.286292122564807794e-01
2.660558772681596018e-01 2.279825866153569747e-01
2.714190794438638976e-01 2.273265593451285482e-01
2.767969446259781474e-01 2.266557244492070355e-01
2.821898046347049993e-01 2.259742498825398627e-01
2.875979946558884781e-01 2.252858321779036554e-01
2.930218533302761941e-01 2.245884307203203922e-01
2.984617228444970682e-01 2.238858370099741646e-01
3.039179490238103631e-01 2.231735792760661252e-01
3.093908814266742580e-01 2.224410504906064179e-01
3.148808734411986388e-01 2.216927639628964442e-01
3.203882823835413340e-01 2.209402392210211841e-01
3.259134695983026964e-01 2.201869927710817798e-01
3.314568005609867529e-01 2.194207713417858363e-01
3.370186449825955388e-01 2.186439994951531740e-01
3.425993769164139557e-01 2.178609812622294695e-01
3.481993748670657585e-01 2.170516287833268720e-01
3.538190219019015648e-01 2.162322409459118688e-01
3.594587057647973816e-01 2.154181465825709407e-01
3.651188189924404193e-01 2.146037348975215475e-01
3.707997590331718607e-01 2.137711850428881399e-01
3.765019283684746809e-01 2.129215362423365066e-01
3.822257346371888964e-01 2.120632064120494542e-01
3.879715907625317928e-01 2.111941545870409109e-01
3.937399150820192761e-01 2.103239901046665694e-01
3.995311314803785541e-01 2.094566197718215061e-01
4.053456695255391318e-01 2.085752844290053865e-01
4.111839646078068178e-01 2.076780551125062546e-01
4.170464580823191603e-01 2.067649653946689314e-01
4.229335974148815125e-01 2.058476662202954333e-01
4.288458363312944166e-01 2.049252283645011108e-01
4.347836349702859926e-01 2.039982653601337681e-01
4.407474600401543041e-01 2.030766656662691405e-01
4.467377849792464883e-01 2.021400637247346421e-01
4.527550901203956091e-01 2.011803521701132358e-01
4.587998628594356365e-01 2.002221561393232596e-01
4.648725978279326654e-01 1.992631591065014696e-01
4.709737970702658205e-01 1.982973477574005439e-01
4.771039702251921866e-01 1.973268350524702286e-01
4.832636347120511933e-01 1.963484947640969924e-01
4.894533159217510643e-01 1.953527066731620687e-01
4.956735474126913732e-01 1.943659801187503366e-01
5.019248711117932915e-01 1.933731667200897786e-01
5.082078375207910170e-01 1.923625364314009989e-01
5.145230059279664037e-01 1.913310704199230050e-01
5.208709446255060938e-01 1.903141389484111490e-01
5.272522311326588440e-01 1.893048585174767484e-01
5.336674524248943285e-01 1.882794560589213240e-01
5.401172051692617604e-01 1.872521554563961743e-01
5.466020959661491707e-01 1.862201239359030924e-01
5.531227415976649464e-01 1.851837834439182540e-01
5.596797692828657800e-01 1.841206064330841996e-01
5.662738169400510779e-01 1.830508914989126268e-01
5.729055334563810664e-01 1.819986330701573451e-01
5.795755789650528511e-01 1.809500765456134586e-01
5.862846251302993306e-01 1.798841456908257530e-01
5.930333554404833007e-01 1.788165102049202315e-01
5.998224655095604207e-01 1.777527330096516367e-01
6.066526633872036944e-01 1.766783084753366928e-01
6.135246698778876739e-01 1.755937945802167333e-01
6.204392188692554599e-01 1.745189672934905345e-01
6.273970576700789170e-01 1.734423014382447392e-01
6.343989473581657101e-01 1.723558070436221890e-01
6.414456631385582197e-01 1.712683646327213816e-01
6.485379947123885991e-01 1.701753217096125259e-01
6.556767466567751113e-01 1.690843896229290433e-01
6.628627388161606460e-01 1.679821955049348170e-01
6.700968067054920985e-01 1.668699886575969737e-01
6.773798019256893621e-01 1.657756658758996748e-01
6.847125925918335909e-01 1.646817271278204209e-01
6.920960637745565691e-01 1.635817683813448054e-01
6.995311179551041425e-01 1.624854003142179037e-01
7.070186754945865237e-01 1.613815656846721569e-01
7.145596751179416062e-01 1.602686448646409301e-01
7.221550744131648436e-01 1.591595358578538066e-01
7.298058503463658031e-01 1.580634790280241175e-01
7.375129997932668990e-01 1.569586136940561705e-01
7.452775400877571510e-01 1.558535755828469593e-01
7.531005095881470046e-01 1.547422449481451190e-01
7.609829682618186597e-01 1.536270005782390813e-01
7.689259982889686817e-01 1.525130199074667681e-01
7.769307046861817501e-01 1.514091737940085891e-01
7.849982159506154744e-01 1.502963381279338873e-01
7.931296847256019689e-01 1.491848990904257044e-01
8.013262884885021808e-01 1.480855818809458935e-01
8.095892302617037073e-01 1.469862104264353930e-01
8.179197393476813627e-01 1.458807639363768338e-01
8.263190720890769558e-01 1.447766752891167519e-01
8.347885126548114654e-01 1.436713906739103819e-01
8.433293738532896544e-01 1.425720012513719825e-01
8.519429979737834779e-01 1.414696278125846529e-01
8.606307576571655682e-01 1.403802969508417542e-01
8.693940567971949474e-01 1.392819395047858455e-01
8.782343314736156259e-01 1.381828243776247744e-01
8.871530509183995772e-01 1.370907808279759610e-01
8.961517185165281951e-01 1.360011182011164610e-01
9.052318728427538597e-01 1.349247967990049313e-01
9.143950887358863744e-01 1.338319384182981020e-01
9.236429784121850117e-01 1.327470430300222437e-01
9.329771926195572496e-01 1.316764031416823300e-01
9.423994218343089146e-01 1.306078713038477390e-01
9.519113975022994723e-01 1.295471478238022778e-01
9.615148933264527908e-01 1.284762037662436351e-01
9.712117266026539797e-01 1.274080780454723838e-01
9.810037596061752518e-01 1.263458922610565249e-01
9.908929010308823448e-01 1.252865297028099567e-01
1.000881107483597487e+00 1.242277372347692366e-01
1.010970385036090269e+00 1.231765801879209921e-01
1.021162790837329526e+00 1.221171066963374491e-01
1.031460434788744385e+00 1.210771587593761217e-01
1.041865481285389805e+00 1.200453969718889846e-01
1.052380151026073518e+00 1.190151042152212818e-01
1.063006722895663447e+00 1.179970099472315848e-01
1.073747535922947360e+00 1.169641498692818027e-01
1.084604991317632772e+00 1.159479112058430517e-01
1.095581554590242979e+00 1.149414270732073973e-01
1.106679757758872062e+00 1.139238223701371372e-01
1.117902201646994387e+00 1.129247443409799878e-01
1.129251558276759493e+00 1.119192037274033269e-01
1.140730573362411571e+00 1.109297856529267434e-01
1.152342068908791983e+00 1.099330403293982683e-01
1.164088945920123352e+00 1.089522631987396017e-01
1.175974187224572143e+00 1.079758825481614282e-01
1.188000860420427740e+00 1.070034925693015004e-01
1.200172120950045329e+00 1.060389919663723146e-01
1.212491215308081793e+00 1.050790133783418567e-01
1.224961484390919786e+00 1.041285053688897067e-01
1.237586366994588349e+00 1.031835661519445030e-01
1.250369403468921226e+00 1.022352899360044476e-01
1.263314239536188044e+00 1.013003081059373062e-01
1.276424630282862127e+00 1.003754558279838782e-01
1.289704444333804823e+00 9.945276336898337122e-02
1.303157668218648979e+00 9.854140183780978057e-02
1.316788410940794352e+00 9.763021260268808788e-02
1.330600908760077861e+00 9.672271562535839085e-02
1.344599530200891291e+00 9.583211719744964829e-02
1.358788781298217785e+00 9.493076405790798478e-02
1.373173311094915583e+00 9.405246111209114579e-02
1.387757917404398356e+00 9.318252091729484210e-02
1.402547552853775414e+00 9.231146980193864759e-02
1.417547331223529161e+00 9.144823723949296879e-02
1.432762534100853413e+00 9.059388830382079927e-02
1.448198617864900895e+00 8.974008179232700888e-02
1.463861221023438519e+00 8.890367068637725079e-02
1.479756171921722929e+00 8.807105017056524043e-02
1.495889496845789424e+00 8.723919213485123447e-02
1.512267428543952130e+00 8.642348117574147337e-02
1.528896415191897562e+00 8.560881744492110368e-02
1.545783129828541158e+00 8.480942627406554135e-02
1.562934480291788830e+00 8.400460875713401665e-02
1.580357619685341941e+00 8.321107152739198876e-02
1.598059957409985854e+00 8.242253259134163512e-02
1.616049170795220702e+00 8.164227311457847303e-02
1.634333217369666968e+00 8.088247000565695899e-02
1.652920347811602131e+00 8.011442284509244505e-02
1.671819119624006422e+00 7.936372158732823978e-02
1.691038411581847090e+00 7.860666246640612975e-02
1.710587439002987376e+00 7.786426447902276837e-02
1.730475769898035976e+00 7.713191031619505422e-02
1.750713342058707767e+00 7.640607838509035077e-02
1.771310481148987259e+00 7.568423190333065098e-02
1.792277919868425329e+00 7.496558027933911128e-02
1.813626818262428664e+00 7.426201358425207899e-02
1.835368785260464763e+00 7.355965153691503000e-02
1.857515901529695146e+00 7.286888067049397677e-02
1.880080743738695492e+00 7.217851092892460518e-02
1.903076410333882196e+00 7.149556136758927760e-02
1.926516548939786855e+00 7.082589787591994646e-02
1.950415385503826426e+00 7.015562380109915952e-02
1.974787755316548266e+00 6.949241691608185056e-02
1.999649136049679532e+00 6.884279326871051152e-02
2.025015682966774921e+00 6.818494325571949899e-02
2.050904266475055859e+00 6.753924353911705536e-02
2.077332512202038295e+00 6.690508270229832133e-02
2.104318843797274852e+00 6.627963060010101659e-02
2.131882528677897515e+00 6.564900690521241478e-02
2.160043726956898613e+00 6.503029766839531212e-02
2.188823543815518136e+00 6.441598734235129409e-02
2.218244085606003058e+00 6.379771035856701689e-02
2.248328519998397557e+00 6.319361211932122968e-02
2.279101140515614965e+00 6.258857506185670772e-02
2.310587435834983161e+00 6.199388972109540208e-02
2.342814164271995292e+00 6.139646686909480677e-02
2.375809433904205292e+00 6.080221001604928927e-02
2.409602788839831256e+00 6.022120052213902897e-02
2.444225302188005156e+00 5.963373131321804410e-02
2.479709676346002034e+00 5.905100201897331424e-02
2.516090351284283599e+00 5.846691117566978763e-02
2.553403621583411720e+00 5.788883170495865566e-02
2.591687763059467020e+00 5.731252708816909902e-02
2.630983169907057384e+00 5.673374518054177806e-02
2.671332503393481606e+00 5.615254258854390779e-02
2.712780853255288172e+00 5.557367036814810785e-02
2.755375913081506312e+00 5.499677083855827875e-02
2.799168171118327830e+00 5.441523502648792920e-02
2.844211118100896218e+00 5.382414485798649867e-02
2.890561473911588131e+00 5.323840550092144575e-02
2.938279435084994340e+00 5.264858668150692450e-02
2.987428945431348293e+00 5.204823740997328863e-02
3.038077992337560040e+00 5.144714945996788080e-02
3.090298931633904456e+00 5.083373377980858476e-02
3.144168844291917342e+00 5.021957734607938179e-02
3.199769928652491213e+00 4.959359953487879613e-02
3.257189932382928088e+00 4.894962022487933662e-02
3.316522628938477268e+00 4.830233750552941768e-02
3.377868343971226484e+00 4.763508165130356242e-02
3.441334537903732116e+00 4.695685999259512078e-02
3.507036451785127795e+00 4.625868823893787563e-02
3.575097824597341933e+00 4.555037617048778020e-02
3.645651691406516903e+00 4.481816198178040916e-02
3.718841273193660868e+00 4.406229658661759557e-02
3.794820970889963174e+00 4.328719859122941160e-02
3.873757478137244359e+00 4.248068625289926764e-02
3.955831029653007924e+00 4.165165257412049848e-02
4.041236804879297928e+00 4.079117464537272697e-02
4.130186509927489702e+00 3.990054431154495262e-02
4.222910164812807565e+00 3.897126220738567071e-02
4.319658127746227372e+00 3.800950652173618050e-02
4.420703393996887165e+00 3.700358171025892873e-02
4.526344213778937586e+00 3.595957351207922092e-02
4.636907082037216021e+00 3.487295166199349400e-02
4.752750163264185979e+00 3.373778963948055598e-02
4.874267227033050709e+00 3.255746606778392449e-02
5.001892185363850274e+00 3.132697767958374235e-02
5.136104342104077958e+00 3.004297952890244011e-02
5.277434488177208394e+00 2.871134755216672024e-02
5.426472006104844148e+00 2.732597741659575225e-02
5.583873184308420612e+00 2.588967472138369030e-02
5.750370988549687645e+00 2.440218716717536956e-02
5.926786597410237611e+00 2.286739970843181674e-02
6.114043084875222078e+00 2.129038239675480962e-02
6.313181731196443103e+00 1.967257204881602689e-02
6.525381570524497299e+00 1.802634761344918193e-02
6.751982950306783415e+00 1.635790718394792426e-02
6.994516097029166879e+00 1.467921452897946386e-02
7.254735975022011729e+00 1.300723831555496840e-02
7.534665117411080359e+00 1.135617223877862653e-02
7.836646640587228596e+00 9.745350623907522714e-03
8.163410383531928716e+00 8.197385951228233075e-03
8.518156126042216059e+00 6.734009502054046775e-03
8.904659262506966044e+00 5.379249523369696549e-03
9.327406333425754426e+00 4.156563894523339353e-03
9.791770743284624601e+00 3.086036340702299607e-03
1.030424328906184073e+01 2.182925494478041469e-03
1.087273853939115398e+01 1.455221486016387757e-03
1.150700787033969874e+01 9.016404198669313638e-04
1.221920514335652008e+01 5.098138576001139902e-04
1.302467515755499861e+01 2.565792911222960809e-04
1.394307442116850204e+01 1.111919567665728826e-04
1.499999999999984546e+01 1.988521380360720064e-05
