-1.499999999999984546e+01 8.641828896187468917e-09
-1.394307442116845941e+01 4.147565287019713631e-09
-1.302467515755499861e+01 1.894009939820473165e-09
-1.221920514335648811e+01 6.145098250250373165e-09
-1.150700787033963834e+01 5.961102423401473021e-09
-1.087273853939112733e+01 3.995538640474167409e-09
-1.030424328906179277e+01 7.787244816387221312e-09
-9.791770743284603284e+00 8.890817220198011463e-10
-9.327406333425754426e+00 1.157956851117112204e-08
-8.904659262506948281e+00 9.382144668360019669e-10
-8.518156126042184084e+00 4.542060983089101190e-10
-8.163410383531914505e+00 7.055315394338329804e-09
-7.836646640587201063e+00 1.952264954414164102e-09
-7.534665117411080359e+00 4.154089440432507162e-10
-7.254735975022024164e+00 1.126617495257714914e-08
-6.994516097029166879e+00 1.015384692615201681e-08
-6.751982950306772757e+00 3.484188730115574574e-09
-6.525381570524497299e+00 7.600626577091695946e-09
-6.313181731196434221e+00 6.515830233788580076e-09
-6.114043084875222078e+00 7.591766589759250370e-09
-5.926786597410245605e+00 1.926634560124513802e-08
-5.750370988549687645e+00 2.737862718042095929e-08
-5.583873184308413506e+00 2.555772464661661494e-10
-5.426472006104829937e+00 2.383861320781563425e-09
-5.277434488177201288e+00 1.873798748372533701e-08
-5.136104342104077958e+00 3.832519693992805346e-09
-5.001892185363844057e+00 5.353322301862357637e-09
-4.874267227033040051e+00 3.906180881237747201e-09
-4.752750163264180649e+00 1.035880100973249103e-10
-4.636907082037206251e+00 9.046378779868847914e-09
-4.526344213778932257e+00 8.675346265382292315e-09
-4.420703393996887165e+00 4.773411024552106386e-09
-4.319658127746222931e+00 1.182408389210707483e-08
-4.222910164812799572e+00 1.686969753724565934e-08
-4.130186509927485261e+00 4.571697486503850859e-09
-4.041236804879289934e+00 7.935732464300775517e-09
-3.955831029653007924e+00 7.949063919600573444e-09
-3.873757478137248356e+00 4.752810001046911474e-09
-3.794820970889963174e+00 4.089206975522517227e-09
-3.718841273193658203e+00 9.666714080271258978e-09
-3.645651691406516903e+00 1.770712662523922436e-08
-3.575097824597338825e+00 5.728265321145334074e-10
-3.507036451785127795e+00 1.298897698074970785e-08
-3.441334537903729007e+00 1.979057728073438873e-09
-3.377868343971221154e+00 6.357255410223292910e-09
-3.316522628938475048e+00 2.485157154396071269e-09
-3.257189932382928088e+00 1.184837707149147236e-08
-3.199769928652489437e+00 1.312920906103072902e-08
-3.144168844291917342e+00 1.455667891777553677e-08
-3.090298931633901791e+00 1.023457730023070357e-08
-3.038077992337555155e+00 2.619686637950072074e-08
-2.987428945431346516e+00 7.699350877326042388e-12
-2.938279435084989455e+00 1.018622027607821637e-08
-2.890561473911585910e+00 1.731145838653854461e-08
-2.844211118100896218e+00 4.507657684469665609e-09
-2.799168171118325610e+00 1.775986637066407793e-09
-2.755375913081502315e+00 1.062248273675679699e-09
-2.712780853255288172e+00 7.363240955596020973e-10
-2.671332503393478053e+00 2.758317771764480302e-09
-2.630983169907057384e+00 1.206944320548564947e-08
-2.591687763059467020e+00 3.588831058095928819e-08
-2.553403621583411720e+00 3.014966891290349874e-08
-2.516090351284280491e+00 1.381385217329722316e-08
-2.479709676346002034e+00 2.258227398414800137e-09
-2.444225302188003379e+00 9.378608066320722582e-09
-2.409602788839831256e+00 6.527199219683381525e-09
-2.375809433904203960e+00 1.408174861652220736e-08
-2.342814164271992627e+00 8.752560472314911309e-09
-2.310587435834981385e+00 6.254863465627164697e-09
-2.279101140515614965e+00 1.093775914390003455e-08
-2.248328519998395780e+00 8.445816468687082275e-09
-2.218244085606003058e+00 1.144123454069249840e-08
-2.188823543815516803e+00 6.297567226425491251e-09
-2.160043726956895949e+00 1.305059504283463032e-08
-2.131882528677896183e+00 3.217754052471474664e-09
-2.104318843797272631e+00 2.124621818873921697e-10
-2.077332512202036963e+00 1.580448031823453454e-09
-2.050904266475055859e+00 1.279385578310406735e-08
-2.025015682966774033e+00 2.042212636957639940e-09
-1.999649136049677312e+00 2.078331176276084666e-08
-1.974787755316548266e+00 3.138869091229256541e-08
-1.950415385503824428e+00 4.369864866761434899e-09
-1.926516548939785745e+00 5.685125091521207603e-08
-1.903076410333882196e+00 8.860525104292376742e-08
-1.880080743738695492e+00 1.668958166066917643e-08
-1.857515901529694036e+00 4.633075239036459680e-09
-1.835368785260464763e+00 5.355477001345872149e-09
-1.813626818262426887e+00 2.570825162319138005e-09
-1.792277919868425329e+00 6.250390717834474103e-08
-1.771310481148986149e+00 6.762778353750602726e-09
-1.750713342058705768e+00 5.240356124354191033e-09
-1.730475769898034866e+00 9.681536203704605794e-09
-1.710587439002987376e+00 8.296986396589433829e-09
-1.691038411581845979e+00 2.952466321996936407e-09
-1.671819119624006422e+00 1.435790201883455558e-08
-1.652920347811601687e+00 1.456002652579780903e-08
-1.634333217369665192e+00 2.684682763624856993e-09
-1.616049170795219814e+00 8.646415085587597192e-10
-1.598059957409985854e+00 3.274911161035185448e-08
-1.580357619685341053e+00 1.053402073892859387e-08
-1.562934480291788830e+00 1.372954442562659954e-08
-1.545783129828541158e+00 4.751336538939160455e-09
-1.528896415191895786e+00 4.591994168024791945e-08
-1.512267428543951242e+00 3.786264014863723970e-09
-1.495889496845787869e+00 4.048147491843303454e-09
-1.479756171921722929e+00 5.945840483674971434e-09
-1.463861221023438519e+00 1.051821642531784766e-08
-1.448198617864899784e+00 1.737590855826465202e-08
-1.432762534100851859e+00 1.163250140859950916e-08
-1.417547331223529161e+00 9.568594993902128213e-09
-1.402547552853774304e+00 2.235241942423424319e-08
-1.387757917404398356e+00 4.709510875592063782e-08
-1.373173311094914473e+00 1.932952033154487610e-08
-1.358788781298216675e+00 1.563991678228801138e-08
-1.344599530200890625e+00 3.165337869105746180e-09
-1.330600908760077861e+00 3.716373683244896857e-08
-1.316788410940793463e+00 2.260390942777899080e-09
-1.303157668218648979e+00 1.345444190173837910e-09
-1.289704444333804600e+00 1.788046416955853357e-08
-1.276424630282860795e+00 5.457629072668537280e-09
-1.263314239536187600e+00 2.968595425984595407e-07
-1.250369403468921226e+00 4.724907331180423823e-09
-1.237586366994587683e+00 5.675879657816887415e-08
-1.224961484390919786e+00 2.672770341511791114e-08
-1.212491215308081349e+00 1.145172372899166983e-08
-1.200172120950044441e+00 3.464580580451097883e-07
-1.188000860420426852e+00 4.675319992091129565e-08
-1.175974187224572365e+00 7.118397640288693622e-08
-1.164088945920123352e+00 2.025170081743685502e-07
-1.152342068908791317e+00 3.516846288171530025e-07
-1.140730573362410238e+00 3.205623601426241928e-07
-1.129251558276758605e+00 3.080721578739698336e-07
-1.117902201646994165e+00 3.709173922397787900e-06
-1.106679757758871174e+00 2.171664586748198736e-05
-1.095581554590242757e+00 1.181931856837865143e-04
-1.084604991317632328e+00 6.713429720751032566e-04
-1.073747535922946250e+00 1.558881093380481541e-03
-1.063006722895662781e+00 7.921119450439891019e-03
-1.052380151026073518e+00 2.553883924308453582e-02
-1.041865481285389139e+00 8.244250544101477951e-02
-1.031460434788744385e+00 3.402070663462961053e-01
-1.021162790837329082e+00 8.052923806175806831e-01
-1.010970385036089381e+00 1.708128538158957044e+00
-1.000881107483597043e+00 3.325665967858132621e+00
-9.908929010308823448e-01 5.595260668644378654e+00
-9.810037596061752518e-01 6.345571633585044502e+00
-9.712117266026539797e-01 8.604228852033449115e+00
-9.615148933264523468e-01 1.021516286022183628e+01
-9.519113975022986951e-01 9.968142355622360284e+00
-9.423994218343084706e-01 1.057878939433123122e+01
-9.329771926195575826e-01 1.006064975111036475e+01
-9.236429784121844566e-01 8.002616229084564381e+00
-9.143950887358859303e-01 7.151372143609133758e+00
-9.052318728427537486e-01 5.052254435005831823e+00
-8.961517185165274180e-01 3.110032005520639409e+00
-8.871530509183994662e-01 2.278347689678684951e+00
-8.782343314736150708e-01 1.267866508921156710e+00
-8.693940567971949474e-01 3.364292940018717704e-01
-8.606307576571651241e-01 8.384816942909041615e-02
-8.519429979737824787e-01 2.341689121237955362e-02
-8.433293738532892103e-01 7.057311721770508084e-03
-8.347885126548113544e-01 1.601396553834570375e-03
-8.263190720890765117e-01 5.303672311051088042e-04
-8.179197393476813627e-01 7.336286168403478739e-05
-8.095892302617030412e-01 1.035239602680005985e-05
-8.013262884885015147e-01 3.164194296467493768e-06
-7.931296847256015248e-01 6.262288976758317455e-07
-7.849982159506153634e-01 1.195156073406643695e-07
-7.769307046861815280e-01 1.872367164957287586e-07
-7.689259982889686817e-01 2.415113411593387466e-08
-7.609829682618184377e-01 9.099562162972318170e-08
-7.531005095881461164e-01 5.187180852526726715e-08
-7.452775400877568179e-01 1.095631036515378120e-08
-7.375129997932672321e-01 2.482686400313618471e-07
-7.298058503463653590e-01 7.510984689001089553e-08
-7.221550744131645105e-01 5.485715024428267506e-08
-7.145596751179414952e-01 3.728711977534921383e-08
-7.070186754945858576e-01 1.807560781323022442e-08
-6.995311179551040315e-01 3.694655295357235037e-08
-6.920960637745565691e-01 1.294306898461402535e-07
-6.847125925918331468e-01 1.661721055975504613e-08
-6.773798019256889180e-01 4.691750403866914287e-08
-6.700968067054918764e-01 1.824051308368409369e-08
-6.628627388161604239e-01 2.900032870030197602e-08
-6.556767466567750002e-01 8.465222493664622846e-08
-6.485379947123881550e-01 1.570253665413758630e-07
-6.414456631385582197e-01 6.619247172941416659e-08
-6.343989473581652661e-01 9.206377667995471682e-09
-6.273970576700782509e-01 1.286827624674333967e-08
-6.204392188692551269e-01 4.409752896319576426e-08
-6.135246698778875629e-01 7.172627247143193353e-08
-6.066526633872033614e-01 4.318839159127917552e-08
-5.998224655095604207e-01 9.943249712380391005e-09
-5.930333554404829677e-01 2.947163011923350138e-08
-5.862846251302987755e-01 3.872727635864868735e-08
-5.795755789650526291e-01 1.427202082365239287e-08
-5.729055334563811774e-01 1.210683770447692385e-07
-5.662738169400507449e-01 3.769631611063431208e-08
-5.596797692828653359e-01 1.909990964443572224e-07
-5.531227415976648354e-01 1.997214632611284000e-09
-5.466020959661486156e-01 1.665762873805452524e-08
-5.401172051692616494e-01 4.146472842349602609e-08
-5.336674524248944396e-01 3.655755614305784914e-08
-5.272522311326585109e-01 6.671010601179229393e-08
-5.208709446255063158e-01 2.549989830959251152e-08
-5.145230059279665147e-01 2.566999817644357069e-09
-5.082078375207905729e-01 1.486794575949515954e-08
-5.019248711117934025e-01 2.342803356381954406e-08
-4.956735474126915397e-01 1.256917871304696824e-08
-4.894533159217509533e-01 2.924299495595045484e-07
-4.832636347120513043e-01 4.975731592829988022e-08
-4.771039702251920200e-01 3.416381062919134600e-08
-4.709737970702656540e-01 3.294279299918573277e-09
-4.648725978279327764e-01 1.517310586477758936e-08
-4.587998628594354700e-01 1.911683534583744651e-08
-4.527550901203954981e-01 2.364620632807456627e-08
-4.467377849792463773e-01 5.114060808833552612e-08
-4.407474600401539711e-01 6.034489602435256316e-09
-4.347836349702858816e-01 4.101837842258884531e-09
-4.288458363312943056e-01 8.666531961214645721e-08
-4.229335974148811239e-01 2.392650629522259478e-09
-4.170464580823190492e-01 1.523585586937789975e-08
-4.111839646078065957e-01 6.014352032154997737e-08
-4.053456695255387987e-01 3.051485606731650025e-08
-3.995311314803784430e-01 2.158967670937500494e-08
-3.937399150820194427e-01 2.209139248392789407e-08
-3.879715907625314597e-01 9.400241589587810160e-09
-3.822257346371890074e-01 1.483641207734333308e-08
-3.765019283684747919e-01 4.954461334015490589e-09
-3.707997590331714166e-01 4.321891199786695579e-08
-3.651188189924405858e-01 1.108379831107121900e-08
-3.594587057647975481e-01 2.132352334538574070e-08
-3.538190219019011762e-01 2.264351773866560243e-08
-3.481993748670658695e-01 1.173960825607023144e-08
-3.425993769164140668e-01 8.607472679851259071e-09
-3.370186449825951502e-01 4.544846992340538674e-09
-3.314568005609865864e-01 9.474610483962925750e-08
-3.259134695983023078e-01 9.198032661098777291e-09
-3.203882823835412230e-01 2.164007909689718360e-08
-3.148808734411985277e-01 9.754951672296248728e-10
-3.093908814266739249e-01 2.126523677489400123e-08
-3.039179490238102521e-01 1.504075656779558962e-08
-2.984617228444969572e-01 5.682281544090962941e-08
-2.930218533302758055e-01 1.470377203404455433e-08
-2.875979946558883671e-01 5.021730867971142654e-08
-2.821898046347048883e-01 1.381570229375395406e-07
-2.767969446259778143e-01 4.128097512860278843e-08
-2.714190794438640086e-01 4.469269246489229569e-08
-2.660558772681595463e-01 6.308207979282519845e-09
-2.607070095566988432e-01 3.091367459503880750e-09
-2.553721509593595007e-01 1.108344400078545428e-08
-2.500509792336281789e-01 3.781703122486617130e-09
-2.447431751616790663e-01 2.312565660376585668e-08
-2.394484224689141794e-01 1.359819449681267577e-08
-2.341664077439190861e-01 5.161182547922698167e-09
-2.288968203597947504e-01 1.628503783896647230e-08
-2.236393523968163433e-01 4.107769137219520038e-08
-2.183936985663748609e-01 3.141707751496649570e-08
-2.131595561361681324e-01 1.961524409237272044e-08
-2.079366248565912845e-01 6.500563878853532690e-09
-2.027246068882932184e-01 9.037939660561446414e-09
-1.975232067308573536e-01 2.293046057792532425e-08
-1.923321311525707789e-01 1.962869368776001317e-08
-1.871510891212436467e-01 4.707604483264281530e-08
-1.819797917360435890e-01 2.806580705874738222e-08
-1.768179521603098492e-01 4.757940665787199020e-09
-1.716652855553124635e-01 3.576161834419047843e-08
-1.665215090149229915e-01 2.595644173907830290e-08
-1.613863415011645708e-01 2.711972205748752200e-09
-1.562595037806076281e-01 4.126596020334377269e-08
-1.511407183615816052e-01 3.559303732515454271e-08
-1.460297094321691691e-01 4.467416167815625160e-08
-1.409262027989571786e-01 2.950273623887476389e-08
-1.358299258265084075e-01 4.471362979103296215e-08
-1.307406073775295718e-01 1.398829271776127663e-08
-1.256579777537080167e-01 2.353927542703312433e-08
-1.205817686371829095e-01 7.357972329155146896e-09
-1.155117130326291097e-01 7.807963499296316905e-09
-1.104475452099255434e-01 2.281148506551195244e-09
-1.053890006473798824e-01 1.272337201892520451e-08
-1.003358159754815099e-01 3.243800861278976914e-08
-9.528772892116385562e-02 2.445232402258770210e-08
-9.024447825254262867e-02 8.058038898514607869e-09
-8.520580372410961612e-02 8.224993477791936419e-09
-8.017144602235605488e-02 2.058298010546874748e-08
-7.514114671180081861e-02 3.171260072694525717e-09
-7.011464818139975796e-02 5.894476538724915552e-09
-6.509169359131213028e-02 7.364415648265299633e-09
-6.007202682000037375e-02 4.433230143590624575e-09
-5.505539241164043168e-02 3.646715244952666545e-08
-5.004153552381902792e-02 2.544504598142202833e-08
-4.503020187549407194e-02 7.067392674650370978e-09
-4.002113769519974329e-02 1.870387323410437132e-08
-3.501408966946639723e-02 7.416148837928006532e-09
-3.000880489143913435e-02 8.796769281025317366e-09
-2.500503080967274305e-02 1.203529168364935930e-08
-2.000251517707496776e-02 5.258788021165890459e-09
-1.500100599998219555e-02 2.833576754668637826e-09
-1.000025148734561345e-02 1.141062768173631283e-08
-5.000000000000051278e-03 2.925720073243163223e-09
-4.151058885056183785e-17 1.635712080837908247e-08
4.999999999999968012e-03 8.210550940534388447e-09
1.000025148734597427e-02 1.173627992955190905e-08
1.500100599998233260e-02 3.002973820433143284e-08
2.000251517707488449e-02 2.527854344478346666e-08
2.500503080967310041e-02 5.703816934432384478e-09
3.000880489143927313e-02 1.008810399302140884e-08
3.501408966946631396e-02 8.833812431978545704e-09
4.002113769520009717e-02 6.602044107278864129e-08
4.503020187549421072e-02 1.891725790007128087e-08
5.004153552381894465e-02 1.369543076086719817e-08
5.505539241164034842e-02 2.782294073531800457e-08
6.007202682000051253e-02 9.578114676143055624e-09
6.509169359131226906e-02 8.458715382102804395e-09
7.011464818139967470e-02 1.402750856272145511e-08
7.514114671180095739e-02 1.654940825471455570e-08
8.017144602235619366e-02 2.903849044040583650e-08
8.520580372410954673e-02 5.209495709636908624e-09
9.024447825254276745e-02 1.583875319323635042e-08
9.528772892116399440e-02 1.930901776620040766e-08
1.003358159754814266e-01 2.621973480034645371e-08
1.053890006473800073e-01 1.290466670310661249e-08
1.104475452099259181e-01 7.349502183570028905e-09
1.155117130326290265e-01 3.268027490147150345e-08
1.205817686371828262e-01 3.895556152923594344e-09
1.256579777537083775e-01 1.156308128778220998e-08
1.307406073775296829e-01 2.148747058364480649e-08
1.358299258265082687e-01 2.021575462425570664e-08
1.409262027989575117e-01 2.424590181670015716e-08
1.460297094321692801e-01 2.249931759802791257e-08
1.511407183615814942e-01 9.496642923910892333e-09
1.562595037806079612e-01 1.910858198156748609e-08
1.613863415011646818e-01 2.904266287567835300e-08
1.665215090149231025e-01 1.871899722199374930e-08
1.716652855553127688e-01 1.741883365612829934e-08
1.768179521603099880e-01 2.289199583070867601e-09
1.819797917360437278e-01 2.992496370018241811e-08
1.871510891212435357e-01 1.482776775357014800e-09
1.923321311525708899e-01 1.839969134737017052e-08
1.975232067308574646e-01 2.886973811632152153e-08
2.027246068882931074e-01 1.086530150256850185e-08
2.079366248565913955e-01 8.238312049182125263e-09
2.131595561361682156e-01 3.281556371554313884e-09
2.183936985663747499e-01 3.795115456381565889e-09
2.236393523968162322e-01 9.336441737467061674e-09
2.288968203597950835e-01 5.609635106444686334e-09
2.341664077439189473e-01 4.458084492396758223e-09
2.394484224689140683e-01 5.777782552963433961e-09
2.447431751616793993e-01 2.128087185070412935e-08
2.500509792336280679e-01 3.775772646760596627e-09
2.553721509593593342e-01 1.319366480013931499e-08
2.607070095566991763e-01 1.054774718695498293e-08
2.660558772681596018e-01 2.249658755127905905e-08
2.714190794438638976e-01 6.870970505434291720e-09
2.767969446259781474e-01 3.498913268332896632e-08
2.821898046347049993e-01 1.338635749918584056e-09
2.875979946558884781e-01 1.190719005092686635e-08
2.930218533302761941e-01 3.855017427288006180e-09
2.984617228444970682e-01 2.070932026363617235e-08
3.039179490238103631e-01 1.082201135002181312e-08
3.093908814266742580e-01 4.458724571221912001e-09
3.148808734411986388e-01 8.205090293983305293e-09
3.203882823835413340e-01 4.204714429289113429e-08
3.259134695983026964e-01 5.223571988648266482e-09
3.314568005609867529e-01 6.679181384045055173e-08
3.370186449825955388e-01 5.541509928506063552e-09
3.425993769164139557e-01 2.162143750615939629e-08
3.481993748670657585e-01 1.953612419122318051e-08
3.538190219019015648e-01 3.229302379676964732e-09
3.594587057647973816e-01 2.256284263023533180e-08
3.651188189924404193e-01 1.239710832817555329e-08
3.707997590331718607e-01 2.614688586125969498e-08
3.765019283684746809e-01 1.352074956853329381e-08
3.822257346371888964e-01 1.651885274936962130e-08
3.879715907625317928e-01 9.649759861444759217e-09
3.937399150820192761e-01 3.376223421498669295e-08
3.995311314803785541e-01 1.555739956557928750e-08
4.053456695255391318e-01 6.704216320949228611e-09
4.111839646078068178e-01 1.108930029766851105e-08
4.170464580823191603e-01 1.175172954517439433e-08
4.229335974148815125e-01 5.216625572522019012e-09
4.288458363312944166e-01 4.475492749213731190e-09
4.347836349702859926e-01 1.414746823939536465e-08
4.407474600401543041e-01 4.024871335839325517e-09
4.467377849792464883e-01 2.917023633432337317e-09
4.527550901203956091e-01 1.328690120024563631e-08
4.587998628594356365e-01 8.361575098520707496e-09
4.648725978279326654e-01 1.897111671380755761e-08
4.709737970702658205e-01 1.237146618023935508e-08
4.771039702251921866e-01 2.428961832797697237e-08
4.832636347120511933e-01 2.924065735308173024e-08
4.894533159217510643e-01 3.472970820990988538e-08
4.956735474126913732e-01 7.439952194072774885e-09
5.019248711117932915e-01 1.056596224641801562e-08
5.082078375207910170e-01 7.519231145837957462e-09
5.145230059279664037e-01 7.440484771631170684e-09
5.208709446255060938e-01 1.246059841038018949e-08
5.272522311326588440e-01 1.264861614395326393e-08
5.336674524248943285e-01 2.937332447443018654e-09
5.401172051692617604e-01 1.674067062379447405e-09
5.466020959661491707e-01 2.451822303505478595e-08
5.531227415976649464e-01 1.366402177276069871e-08
5.596797692828657800e-01 8.128595244844961172e-09
5.662738169400510779e-01 7.146729881724704327e-11
5.729055334563810664e-01 3.984081081407403983e-09
5.795755789650528511e-01 2.050754553372761428e-08
5.862846251302993306e-01 6.269859786362566928e-10
5.930333554404833007e-01 2.140479229036166212e-08
5.998224655095604207e-01 4.111888552114019605e-09
6.066526633872036944e-01 4.255032729146050892e-09
6.135246698778876739e-01 4.658956941696884331e-09
6.204392188692554599e-01 1.434797055587242007e-08
6.273970576700789170e-01 1.939705972206366220e-08
6.343989473581657101e-01 2.328207983492511916e-09
6.414456631385582197e-01 2.287621881666762591e-08
6.485379947123885991e-01 3.323360845616091078e-09
6.556767466567751113e-01 2.476980188238669184e-08
6.628627388161606460e-01 2.100933790874433130e-08
6.700968067054920985e-01 1.235516903499204748e-08
6.773798019256893621e-01 1.173832244673078205e-08
6.847125925918335909e-01 1.761381565742465379e-08
6.920960637745565691e-01 1.168788790355869065e-08
6.995311179551041425e-01 4.703357340322946117e-09
7.070186754945865237e-01 1.871491991367796589e-09
7.145596751179416062e-01 1.414291345730848087e-08
7.221550744131648436e-01 1.848548225951398536e-08
7.298058503463658031e-01 1.533670159558550693e-08
7.375129997932668990e-01 6.810677191481287322e-09
7.452775400877571510e-01 2.405060646545799978e-08
7.531005095881470046e-01 2.286908638076301381e-09
7.609829682618186597e-01 1.419682372966082210e-08
7.689259982889686817e-01 7.449704644956469891e-08
7.769307046861817501e-01 7.080481260549874687e-10
7.849982159506154744e-01 1.307072684315829468e-08
7.931296847256019689e-01 3.689203979959453577e-08
8.013262884885021808e-01 3.844000817935199504e-09
8.095892302617037073e-01 5.877082388036787973e-09
8.179197393476813627e-01 7.488204683680280415e-09
8.263190720890769558e-01 9.490314979428195616e-09
8.347885126548114654e-01 9.604117875594354360e-09
8.433293738532896544e-01 1.059061291358625068e-08
8.519429979737834779e-01 2.139349887102322814e-08
8.606307576571655682e-01 2.278786166799968509e-09
8.693940567971949474e-01 5.125367076058597326e-08
8.782343314736156259e-01 2.666268660947764813e-08
8.871530509183995772e-01 6.456919199312914237e-11
8.961517185165281951e-01 5.095806793374430922e-08
9.052318728427538597e-01 9.222117029276968251e-09
9.143950887358863744e-01 1.498907150953279405e-08
9.236429784121850117e-01 2.400468013724872168e-09
9.329771926195572496e-01 2.321814275634767635e-08
9.423994218343089146e-01 6.721995672350379463e-08
9.519113975022994723e-01 6.743324356713390796e-09
9.615148933264527908e-01 1.724200883694811372e-09
9.712117266026539797e-01 3.328345065937067905e-08
9.810037596061752518e-01 1.492544242496151672e-08
9.908929010308823448e-01 3.031077303922750167e-08
1.000881107483597487e+00 2.290902938743808083e-08
1.010970385036090269e+00 7.483064393278200230e-09
1.021162790837329526e+00 6.987699482634915943e-09
1.031460434788744385e+00 2.355325862162384017e-08
1.041865481285389805e+00 6.100235270255646207e-09
1.052380151026073518e+00 1.222132039456647913e-08
1.063006722895663447e+00 1.368353940069097447e-08
1.073747535922947360e+00 5.433348114519900855e-08
1.084604991317632772e+00 2.725313454835679079e-10
1.095581554590242979e+00 1.737436218509031455e-08
1.106679757758872062e+00 2.234883501834423306e-08
1.117902201646994387e+00 1.127634331527773121e-08
1.129251558276759493e+00 4.408855447441461927e-09
1.140730573362411571e+00 5.897725825665269908e-09
1.152342068908791983e+00 1.684148084039957338e-08
1.164088945920123352e+00 1.607775322184128140e-08
1.175974187224572143e+00 1.107924154916917604e-08
1.188000860420427740e+00 4.034210185339470133e-09
1.200172120950045329e+00 8.013074217821147227e-09
1.212491215308081793e+00 1.059335933628193964e-08
1.224961484390919786e+00 1.204146447533090914e-08
1.237586366994588349e+00 8.028057997299433423e-09
1.250369403468921226e+00 6.198646777577808392e-09
1.263314239536188044e+00 1.510496646526554739e-09
1.276424630282862127e+00 1.648375191819325778e-09
1.289704444333804823e+00 2.064053182244824152e-08
1.303157668218648979e+00 1.236060500742735113e-10
1.316788410940794352e+00 8.928646153617186981e-09
1.330600908760077861e+00 5.096595719114378166e-10
1.344599530200891291e+00 4.314391680254691460e-10
1.358788781298217785e+00 4.799214903677836419e-09
1.373173311094915583e+00 3.846530256044139862e-08
1.387757917404398356e+00 1.975302441057107319e-08
1.402547552853775414e+00 1.757774396159128043e-09
1.417547331223529161e+00 6.637872354409954076e-09
1.432762534100853413e+00 7.574104752672036568e-09
1.448198617864900895e+00 4.861736156085252009e-09
1.463861221023438519e+00 4.832281796262733493e-08
1.479756171921722929e+00 1.066548795270572341e-09
1.495889496845789424e+00 6.100979505049210966e-09
1.512267428543952130e+00 9.365585675959366540e-09
1.528896415191897562e+00 4.870889286635021679e-09
1.545783129828541158e+00 8.936831088251540506e-09
1.562934480291788830e+00 2.785025205645304078e-08
1.580357619685341941e+00 9.693451019247762629e-09
1.598059957409985854e+00 1.109265796344136215e-08
1.616049170795220702e+00 7.821294697650655515e-09
1.634333217369666968e+00 5.567354264978844697e-08
1.652920347811602131e+00 3.578163607608065698e-08
1.671819119624006422e+00 2.290166206557601724e-08
1.691038411581847090e+00 4.165707793815738215e-09
1.710587439002987376e+00 1.304568549550153423e-08
1.730475769898035976e+00 5.965427646130146989e-09
1.750713342058707767e+00 1.435928227331820282e-08
1.771310481148987259e+00 4.947623148177873822e-09
1.792277919868425329e+00 1.016165003504063588e-08
1.813626818262428664e+00 1.374037517613782103e-09
1.835368785260464763e+00 5.666327418446284879e-08
1.857515901529695146e+00 3.288688260427377181e-08
1.880080743738695492e+00 3.443741331394660294e-09
1.903076410333882196e+00 2.959994308667371708e-10
1.926516548939786855e+00 7.710804836903527483e-09
1.950415385503826426e+00 1.322228347940367615e-09
1.974787755316548266e+00 2.426152920885650828e-09
1.999649136049679532e+00 2.649610093685862734e-08
2.025015682966774921e+00 2.567112072328747266e-09
2.050904266475055859e+00 9.159007885934191089e-09
2.077332512202038295e+00 8.723820591402648627e-09
2.104318843797274852e+00 2.744399238832367233e-09
2.131882528677897515e+00 2.674957105009338643e-08
2.160043726956898613e+00 8.932436539764152313e-09
2.188823543815518136e+00 2.415319441845220285e-08
2.218244085606003058e+00 1.250073473114967009e-08
2.248328519998397557e+00 2.521343633606651132e-09
2.279101140515614965e+00 2.633100544145074617e-08
2.310587435834983161e+00 2.281897159359827877e-09
2.342814164271995292e+00 4.569198952718981526e-10
2.375809433904205292e+00 1.852477454471740181e-08
2.409602788839831256e+00 1.321916924774535907e-07
2.444225302188005156e+00 3.623758834746729235e-08
2.479709676346002034e+00 5.219741685559296071e-09
2.516090351284283599e+00 1.477738332731147922e-08
2.553403621583411720e+00 4.230373831377491346e-08
2.591687763059467020e+00 3.021272305398050479e-08
2.630983169907057384e+00 3.486734647923634230e-09
2.671332503393481606e+00 1.172507401040877218e-08
2.712780853255288172e+00 3.821436826957073565e-09
2.755375913081506312e+00 2.959952277543259066e-08
2.799168171118327830e+00 7.757988998137616602e-09
2.844211118100896218e+00 1.649018120975828835e-08
2.890561473911588131e+00 6.328953604709174028e-11
2.938279435084994340e+00 3.777960252892288842e-09
2.987428945431348293e+00 1.707433010487567276e-08
3.038077992337560040e+00 7.060367399447853311e-09
3.090298931633904456e+00 2.618066470375201711e-08
3.144168844291917342e+00 1.538638666407020120e-08
3.199769928652491213e+00 1.512438063329606696e-08
3.257189932382928088e+00 9.764469320442292812e-11
3.316522628938477268e+00 1.484809190113969228e-08
3.377868343971226484e+00 3.316581455259805546e-08
3.441334537903732116e+00 2.237249962833103908e-08
3.507036451785127795e+00 1.572237315836134918e-09
3.575097824597341933e+00 3.899387860905601568e-09
3.645651691406516903e+00 2.568289604799802096e-08
3.718841273193660868e+00 9.510520461534532466e-09
3.794820970889963174e+00 1.927789099768229019e-08
3.873757478137244359e+00 4.978086125318743179e-08
3.955831029653007924e+00 2.788516991289717589e-08
4.041236804879297928e+00 2.993441740519775741e-09
4.130186509927489702e+00 3.589118701615293514e-08
4.222910164812807565e+00 1.085805759251381248e-08
4.319658127746227372e+00 9.186845604810939246e-08
4.420703393996887165e+00 4.432550115989505705e-08
4.526344213778937586e+00 3.985593975400173056e-08
4.636907082037216021e+00 7.308849516427806439e-08
4.752750163264185979e+00 2.751686419378287136e-08
4.874267227033050709e+00 1.446493313198604958e-09
5.001892185363850274e+00 5.135527187194666643e-07
5.136104342104077958e+00 3.046450657732783469e-06
5.277434488177208394e+00 2.139133327692704079e-05
5.426472006104844148e+00 1.325411165120994107e-04
5.583873184308420612e+00 6.464315603387760754e-04
5.750370988549687645e+00 2.498533163298153909e-03
5.926786597410237611e+00 8.047032229928653344e-03
6.114043084875222078e+00 2.078373450374830164e-02
6.313181731196443103e+00 4.391679414043323654e-02
6.525381570524497299e+00 7.540529094750059169e-02
6.751982950306783415e+00 1.054523848788158497e-01
6.994516097029166879e+00 1.202116582597553968e-01
7.254735975022011729e+00 1.119415464915688024e-01
7.534665117411080359e+00 8.533519169324157994e-02
7.836646640587228596e+00 5.339302379845743685e-02
8.163410383531928716e+00 2.747550972379025208e-02
8.518156126042216059e+00 1.168188792512974208e-02
8.904659262506966044e+00 4.122543672022772714e-03
9.327406333425754426e+00 1.202049941490268949e-03
9.791770743284624601e+00 2.950937603815465883e-04
1.030424328906184073e+01 6.120322348367113403e-05
1.087273853939115398e+01 9.948593458890343978e-06
1.150700787033969874e+01 1.849374355898847082e-06
1.221920514335652008e+01 2.523594624184686057e-07
1.302467515755499861e+01 3.652139966035464602e-08
1.394307442116850204e+01 5.009505749143176845e-09
1.499999999999984546e+01 1.060761751472552908e-08
