-1.499999999999984546e+01 1.387734581344326669e-08
-1.394307442116845941e+01 5.465497152382070182e-09
-1.302467515755499861e+01 2.539814554015963056e-09
-1.221920514335648811e+01 7.950475506209538404e-10
-1.150700787033963834e+01 7.220671809308713627e-09
-1.087273853939112733e+01 9.296215910622061491e-09
-1.030424328906179277e+01 1.471370408325883244e-09
-9.791770743284603284e+00 1.801224791175167625e-08
-9.327406333425754426e+00 1.259784761284340253e-08
-8.904659262506948281e+00 3.715341261957833052e-09
-8.518156126042184084e+00 1.501194921031662245e-08
-8.163410383531914505e+00 2.358182713607585632e-08
-7.836646640587201063e+00 1.427374881099976702e-08
-7.534665117411080359e+00 1.590773553589725892e-08
-7.254735975022024164e+00 2.389392912484266668e-08
-6.994516097029166879e+00 2.354260248711113156e-08
-6.751982950306772757e+00 3.410319125753904649e-08
-6.525381570524497299e+00 3.773912659752279454e-08
-6.313181731196434221e+00 2.172184921916728270e-10
-6.114043084875222078e+00 8.598780620576550499e-09
-5.926786597410245605e+00 1.337901201035104114e-08
-5.750370988549687645e+00 1.757798989784607667e-08
-5.583873184308413506e+00 1.029636043262721688e-08
-5.426472006104829937e+00 6.129623062865460098e-09
-5.277434488177201288e+00 1.459301210913801901e-08
-5.136104342104077958e+00 1.569347575360236917e-07
-5.001892185363844057e+00 2.532345193136067486e-08
-4.874267227033040051e+00 3.130884735351471304e-08
-4.752750163264180649e+00 3.089979388372254294e-07
-4.636907082037206251e+00 1.071922054263794878e-06
-4.526344213778932257e+00 4.653792032749624538e-03
-4.420703393996887165e+00 1.325100790617646851e+00
-4.319658127746222931e+00 5.963214573855492029e-01
-4.222910164812799572e+00 3.175080503011736910e-05
-4.130186509927485261e+00 8.067218932684947781e-07
-4.041236804879289934e+00 8.819187760524944753e-08
-3.955831029653007924e+00 3.017475652196141168e-07
-3.873757478137248356e+00 5.482535935805488378e-08
-3.794820970889963174e+00 1.475725504700774805e-07
-3.718841273193658203e+00 5.873382042201083012e-08
-3.645651691406516903e+00 1.674582747086970924e-08
-3.575097824597338825e+00 6.278139942936918306e-08
-3.507036451785127795e+00 9.850063831304697941e-08
-3.441334537903729007e+00 2.179428333196854457e-08
-3.377868343971221154e+00 3.830403483296440597e-08
-3.316522628938475048e+00 1.358560991020436449e-08
-3.257189932382928088e+00 9.671802122880213086e-09
-3.199769928652489437e+00 5.068596415579272005e-09
-3.144168844291917342e+00 2.690988361177771524e-08
-3.090298931633901791e+00 8.665414300427574837e-08
-3.038077992337555155e+00 4.765986513510845650e-08
-2.987428945431346516e+00 1.562418657667437831e-08
-2.938279435084989455e+00 2.421348208690089651e-08
-2.890561473911585910e+00 9.271565918014150289e-08
-2.844211118100896218e+00 3.288076412701524334e-08
-2.799168171118325610e+00 7.384776811509468409e-09
-2.755375913081502315e+00 2.731953174187010291e-08
-2.712780853255288172e+00 2.733808963021357105e-08
-2.671332503393478053e+00 4.076391466498914171e-08
-2.630983169907057384e+00 3.117117945345234098e-09
-2.591687763059467020e+00 2.699742314692382303e-08
-2.553403621583411720e+00 4.455419867693780609e-08
-2.516090351284280491e+00 5.043994696044315770e-08
-2.479709676346002034e+00 4.945312413460732542e-09
-2.444225302188003379e+00 3.530339513997610418e-08
-2.409602788839831256e+00 1.361341128558558832e-09
-2.375809433904203960e+00 4.839804714162838822e-08
-2.342814164271992627e+00 2.084512889156185325e-08
-2.310587435834981385e+00 1.841510251736380257e-08
-2.279101140515614965e+00 1.044624481107482177e-08
-2.248328519998395780e+00 1.799322360603915915e-08
-2.218244085606003058e+00 1.691817707714873346e-08
-2.188823543815516803e+00 1.459651325863562941e-08
-2.160043726956895949e+00 4.662988118651776649e-08
-2.131882528677896183e+00 4.606756198497733995e-08
-2.104318843797272631e+00 4.596338183213784481e-09
-2.077332512202036963e+00 1.848256283289315509e-08
-2.050904266475055859e+00 2.646086169422338925e-08
-2.025015682966774033e+00 3.649190289765955924e-08
-1.999649136049677312e+00 3.162770181144086537e-09
-1.974787755316548266e+00 2.349245779272620370e-08
-1.950415385503824428e+00 1.212138960860806655e-08
-1.926516548939785745e+00 1.294383485300535671e-08
-1.903076410333882196e+00 6.481889925845060758e-09
-1.880080743738695492e+00 2.907891646156740869e-08
-1.857515901529694036e+00 7.845645998191984247e-10
-1.835368785260464763e+00 3.641980760121368846e-09
-1.813626818262426887e+00 4.067259833403930837e-08
-1.792277919868425329e+00 4.127033064030379414e-08
-1.771310481148986149e+00 3.948931330875100778e-08
-1.750713342058705768e+00 2.155985907074883113e-08
-1.730475769898034866e+00 1.354810980012393172e-08
-1.710587439002987376e+00 9.869354071451425468e-09
-1.691038411581845979e+00 2.488193829178584762e-08
-1.671819119624006422e+00 4.141848694646070219e-08
-1.652920347811601687e+00 2.970686195374893218e-08
-1.634333217369665192e+00 5.451896037142799775e-09
-1.616049170795219814e+00 1.924907266598826967e-08
-1.598059957409985854e+00 1.955785958409609325e-08
-1.580357619685341053e+00 1.958535485564380564e-09
-1.562934480291788830e+00 5.411018578623314287e-09
-1.545783129828541158e+00 3.438670132357470160e-11
-1.528896415191895786e+00 3.490762588423915422e-08
-1.512267428543951242e+00 1.403235810953695192e-08
-1.495889496845787869e+00 3.863280763061344902e-08
-1.479756171921722929e+00 5.191265584470699701e-08
-1.463861221023438519e+00 4.501794497190032934e-09
-1.448198617864899784e+00 2.630001772459458227e-08
-1.432762534100851859e+00 1.288110636568909298e-08
-1.417547331223529161e+00 4.365666960415646247e-09
-1.402547552853774304e+00 3.055112260605393252e-08
-1.387757917404398356e+00 2.041009560147405850e-08
-1.373173311094914473e+00 3.778032977831751237e-09
-1.358788781298216675e+00 1.496827419070384333e-08
-1.344599530200890625e+00 6.596111239908417898e-09
-1.330600908760077861e+00 1.209259646264283600e-08
-1.316788410940793463e+00 3.814320611803274979e-09
-1.303157668218648979e+00 1.146577383034530334e-08
-1.289704444333804600e+00 7.908342507664483896e-09
-1.276424630282860795e+00 1.293545739553466721e-08
-1.263314239536187600e+00 9.411447728361445186e-11
-1.250369403468921226e+00 2.606620554613088762e-08
-1.237586366994587683e+00 3.927552296744708513e-09
-1.224961484390919786e+00 1.345927996317217696e-08
-1.212491215308081349e+00 2.231645003318435267e-08
-1.200172120950044441e+00 1.770195629329015531e-08
-1.188000860420426852e+00 1.004726733405764442e-08
-1.175974187224572365e+00 1.534499852844167622e-08
-1.164088945920123352e+00 2.135413379382098743e-08
-1.152342068908791317e+00 1.961757315570045510e-08
-1.140730573362410238e+00 1.336938259154425373e-08
-1.129251558276758605e+00 1.147355722129078707e-08
-1.117902201646994165e+00 2.155689011861955644e-08
-1.106679757758871174e+00 1.877538333343626077e-09
-1.095581554590242757e+00 7.015897574545622856e-09
-1.084604991317632328e+00 1.438547847285726407e-08
-1.073747535922946250e+00 7.921710437391419177e-09
-1.063006722895662781e+00 2.951737161261155119e-08
-1.052380151026073518e+00 1.112479196698293222e-08
-1.041865481285389139e+00 1.343599599485604904e-08
-1.031460434788744385e+00 6.367632669699917450e-09
-1.021162790837329082e+00 3.195741555851249137e-08
-1.010970385036089381e+00 8.828497489347233368e-11
-1.000881107483597043e+00 4.767230985738725755e-08
-9.908929010308823448e-01 6.636160748825239537e-09
-9.810037596061752518e-01 5.916379078060620699e-09
-9.712117266026539797e-01 3.802498599270147463e-08
-9.615148933264523468e-01 5.328599232152995693e-09
-9.519113975022986951e-01 3.039339372139263865e-08
-9.423994218343084706e-01 3.803542747609611322e-09
-9.329771926195575826e-01 1.697694999142925513e-08
-9.236429784121844566e-01 1.134720388137429419e-08
-9.143950887358859303e-01 1.257358316358571953e-08
-9.052318728427537486e-01 1.705321453381524382e-08
-8.961517185165274180e-01 6.511355792725398615e-09
-8.871530509183994662e-01 2.343929154506530362e-09
-8.782343314736150708e-01 1.104064931510016069e-08
-8.693940567971949474e-01 8.009054268437500866e-09
-8.606307576571651241e-01 1.361013931530502725e-08
-8.519429979737824787e-01 4.092138548326161823e-09
-8.433293738532892103e-01 2.011628082008660857e-08
-8.347885126548113544e-01 4.489380472127850043e-09
-8.263190720890765117e-01 1.064704301943131280e-08
-8.179197393476813627e-01 1.000304760447344793e-08
-8.095892302617030412e-01 2.418942096670292071e-08
-8.013262884885015147e-01 1.935066649125083813e-08
-7.931296847256015248e-01 1.363220888839070671e-08
-7.849982159506153634e-01 1.373292360935710357e-08
-7.769307046861815280e-01 2.860196437057592385e-09
-7.689259982889686817e-01 1.191676191204603139e-08
-7.609829682618184377e-01 1.086294188084177148e-09
-7.531005095881461164e-01 3.531513808342015220e-08
-7.452775400877568179e-01 1.884848098361976475e-08
-7.375129997932672321e-01 4.444313574974676933e-08
-7.298058503463653590e-01 3.984438989753384986e-09
-7.221550744131645105e-01 6.906856384814546310e-09
-7.145596751179414952e-01 3.277261709731533610e-08
-7.070186754945858576e-01 4.563721965135454630e-08
-6.995311179551040315e-01 1.388468136180684363e-08
-6.920960637745565691e-01 2.094567478105931427e-08
-6.847125925918331468e-01 9.258927356453775201e-09
-6.773798019256889180e-01 2.545416864220609167e-08
-6.700968067054918764e-01 7.464785363932379653e-09
-6.628627388161604239e-01 2.398448494705947529e-08
-6.556767466567750002e-01 2.394772327546757326e-08
-6.485379947123881550e-01 3.711600455897740468e-08
-6.414456631385582197e-01 1.789642037460600212e-09
-6.343989473581652661e-01 1.206240156596668077e-08
-6.273970576700782509e-01 3.213713343182295969e-08
-6.204392188692551269e-01 1.711265428648911288e-08
-6.135246698778875629e-01 9.530806411102261620e-09
-6.066526633872033614e-01 2.265209679647826633e-08
-5.998224655095604207e-01 2.401666867423035388e-09
-5.930333554404829677e-01 2.155872376687268965e-08
-5.862846251302987755e-01 5.999535763321604008e-09
-5.795755789650526291e-01 4.218287199682723973e-09
-5.729055334563811774e-01 8.048501001668877809e-09
-5.662738169400507449e-01 5.288565462321334850e-08
-5.596797692828653359e-01 6.099421555651230213e-11
-5.531227415976648354e-01 3.003460898933232318e-08
-5.466020959661486156e-01 2.077397385001858877e-08
-5.401172051692616494e-01 7.506082716793908241e-09
-5.336674524248944396e-01 2.040798943321675083e-08
-5.272522311326585109e-01 1.694407170557884759e-08
-5.208709446255063158e-01 6.180455165775904354e-09
-5.145230059279665147e-01 2.503132565755042822e-08
-5.082078375207905729e-01 2.785086612991504745e-08
-5.019248711117934025e-01 3.588923605425803919e-09
-4.956735474126915397e-01 2.448528658456022976e-09
-4.894533159217509533e-01 1.422295694733631602e-08
-4.832636347120513043e-01 2.211098165283104570e-08
-4.771039702251920200e-01 2.473867577237018885e-08
-4.709737970702656540e-01 1.565558360568447878e-09
-4.648725978279327764e-01 3.635272650168245411e-08
-4.587998628594354700e-01 1.904295130181230628e-08
-4.527550901203954981e-01 6.126860524973137969e-09
-4.467377849792463773e-01 2.978443949792027275e-09
-4.407474600401539711e-01 1.577620725217641725e-08
-4.347836349702858816e-01 1.985633971181008775e-08
-4.288458363312943056e-01 1.456432404826130488e-08
-4.229335974148811239e-01 2.309493626603087578e-09
-4.170464580823190492e-01 1.984435416372772578e-09
-4.111839646078065957e-01 1.444039376276260396e-09
-4.053456695255387987e-01 1.787692008636863050e-08
-3.995311314803784430e-01 6.407166631242943502e-09
-3.937399150820194427e-01 3.308074793998706979e-08
-3.879715907625314597e-01 1.348708606830584319e-08
-3.822257346371890074e-01 6.265301597358634004e-09
-3.765019283684747919e-01 3.056346098877850602e-08
-3.707997590331714166e-01 1.482778136668335394e-08
-3.651188189924405858e-01 1.160953574750845207e-08
-3.594587057647975481e-01 4.955356216827232720e-08
-3.538190219019011762e-01 1.791740425772366154e-08
-3.481993748670658695e-01 1.827972081238254229e-09
-3.425993769164140668e-01 3.141202848076336010e-08
-3.370186449825951502e-01 3.709371155936561454e-09
-3.314568005609865864e-01 4.852448762737164621e-09
-3.259134695983023078e-01 1.502585992585724411e-08
-3.203882823835412230e-01 3.406838980531527029e-09
-3.148808734411985277e-01 2.478940413690462259e-08
-3.093908814266739249e-01 6.265789334855000787e-09
-3.039179490238102521e-01 2.078208184476833163e-09
-2.984617228444969572e-01 4.966646993220569853e-09
-2.930218533302758055e-01 8.693712812198273076e-09
-2.875979946558883671e-01 8.874464271899966220e-09
-2.821898046347048883e-01 3.194345871884486432e-09
-2.767969446259778143e-01 3.684386405034548794e-09
-2.714190794438640086e-01 9.634608762895947685e-09
-2.660558772681595463e-01 1.279551134542311022e-08
-2.607070095566988432e-01 1.121145020721160031e-08
-2.553721509593595007e-01 2.024715974503742228e-08
-2.500509792336281789e-01 6.729405777093033432e-09
-2.447431751616790663e-01 1.412208674975484950e-08
-2.394484224689141794e-01 1.569656555154981008e-08
-2.341664077439190861e-01 3.305283922609262488e-08
-2.288968203597947504e-01 1.548248365000795955e-08
-2.236393523968163433e-01 2.352768774290181381e-09
-2.183936985663748609e-01 9.082824790117706052e-09
-2.131595561361681324e-01 5.892783174311756130e-09
-2.079366248565912845e-01 2.703692858585742133e-08
-2.027246068882932184e-01 9.086845091054689354e-09
-1.975232067308573536e-01 7.500244011485680093e-10
-1.923321311525707789e-01 5.772634284462592451e-09
-1.871510891212436467e-01 1.883760530446543321e-08
-1.819797917360435890e-01 1.047606627657046675e-08
-1.768179521603098492e-01 3.881786818826681847e-08
-1.716652855553124635e-01 1.139769269322729019e-08
-1.665215090149229915e-01 2.544446825655307431e-09
-1.613863415011645708e-01 9.191995269512730569e-09
-1.562595037806076281e-01 2.912489654503627809e-08
-1.511407183615816052e-01 2.384052930341025263e-08
-1.460297094321691691e-01 3.357545567687334949e-08
-1.409262027989571786e-01 1.686274430734416582e-08
-1.358299258265084075e-01 4.015388938680196068e-09
-1.307406073775295718e-01 3.536517674732385760e-09
-1.256579777537080167e-01 1.375794098742991284e-08
-1.205817686371829095e-01 4.791901891132317107e-09
-1.155117130326291097e-01 1.977571334715442423e-08
-1.104475452099255434e-01 7.406627280684342128e-08
-1.053890006473798824e-01 1.542127307900690609e-09
-1.003358159754815099e-01 6.051521403456549383e-09
-9.528772892116385562e-02 4.751092701028491984e-08
-9.024447825254262867e-02 8.237327163577379435e-09
-8.520580372410961612e-02 4.629403699952360290e-09
-8.017144602235605488e-02 1.351150351614961724e-09
-7.514114671180081861e-02 3.229135063581050527e-08
-7.011464818139975796e-02 1.358415084124544169e-09
-6.509169359131213028e-02 1.121909563787604449e-08
-6.007202682000037375e-02 1.568244547252496018e-08
-5.505539241164043168e-02 2.075548991982100298e-09
-5.004153552381902792e-02 1.479213977787587589e-08
-4.503020187549407194e-02 1.388134343393162930e-08
-4.002113769519974329e-02 7.441039195146497422e-09
-3.501408966946639723e-02 1.573363596062303002e-08
-3.000880489143913435e-02 2.494531449094552752e-08
-2.500503080967274305e-02 6.407014813304873070e-09
-2.000251517707496776e-02 4.357073371777829148e-09
-1.500100599998219555e-02 5.102899704551901845e-09
-1.000025148734561345e-02 1.714050922666458078e-08
-5.000000000000051278e-03 1.373311267168991640e-08
-4.151058885056183785e-17 1.133185150032895895e-08
4.999999999999968012e-03 2.966984531662176160e-09
1.000025148734597427e-02 1.966983991697468290e-08
1.500100599998233260e-02 4.029969935701623810e-09
2.000251517707488449e-02 5.907767050688798312e-08
2.500503080967310041e-02 2.505298398514472055e-09
3.000880489143927313e-02 2.659010287165543531e-08
3.501408966946631396e-02 4.988524133347099545e-11
4.002113769520009717e-02 2.335914938235295088e-09
4.503020187549421072e-02 2.485697786324382589e-08
5.004153552381894465e-02 1.113920188800940278e-08
5.505539241164034842e-02 4.330685012584341740e-09
6.007202682000051253e-02 3.726610874635797843e-08
6.509169359131226906e-02 3.442922838635137775e-08
7.011464818139967470e-02 1.989960824704093131e-08
7.514114671180095739e-02 1.652562271799268616e-08
8.017144602235619366e-02 1.178649273705916086e-08
8.520580372410954673e-02 1.456091464490208646e-08
9.024447825254276745e-02 9.391973178523499858e-09
9.528772892116399440e-02 1.022138527619702562e-08
1.003358159754814266e-01 3.175633369149143371e-08
1.053890006473800073e-01 3.191626958583509379e-08
1.104475452099259181e-01 1.525496584988949841e-08
1.155117130326290265e-01 2.394325285344865503e-08
1.205817686371828262e-01 2.633255173337834508e-08
1.256579777537083775e-01 2.848322871521169542e-09
1.307406073775296829e-01 2.931519906735889094e-08
1.358299258265082687e-01 7.224247727753286226e-09
1.409262027989575117e-01 6.896540430401936057e-09
1.460297094321692801e-01 2.828151729275348893e-08
1.511407183615814942e-01 2.624522391106134833e-08
1.562595037806079612e-01 1.082317268272604434e-07
1.613863415011646818e-01 3.568863672650660351e-08
1.665215090149231025e-01 1.518482085281118981e-09
1.716652855553127688e-01 9.937845613476439577e-09
1.768179521603099880e-01 5.628139204087185970e-09
1.819797917360437278e-01 3.964434996494624944e-08
1.871510891212435357e-01 8.816468097081861968e-09
1.923321311525708899e-01 2.210821455386807843e-08
1.975232067308574646e-01 6.229968366892492255e-09
2.027246068882931074e-01 2.862709529115978955e-08
2.079366248565913955e-01 1.044264803286351837e-08
2.131595561361682156e-01 2.899960989902974494e-08
2.183936985663747499e-01 2.529222044132523190e-08
2.236393523968162322e-01 1.035372854872625428e-08
2.288968203597950835e-01 4.462115416102776844e-08
2.341664077439189473e-01 6.520423615556396198e-09
2.394484224689140683e-01 7.628190736049295530e-09
2.447431751616793993e-01 5.544645986917959284e-08
2.500509792336280679e-01 1.557979939020541736e-08
2.553721509593593342e-01 2.154517510684228575e-08
2.607070095566991763e-01 1.526710253933750865e-08
2.660558772681596018e-01 2.000076658063791534e-08
2.714190794438638976e-01 3.693285770734341157e-08
2.767969446259781474e-01 3.289185289971333435e-08
2.821898046347049993e-01 3.796660435221708281e-08
2.875979946558884781e-01 3.302017628020171873e-08
2.930218533302761941e-01 1.003342248638256225e-07
2.984617228444970682e-01 3.087475995013708262e-09
3.039179490238103631e-01 2.869893930180881563e-08
3.093908814266742580e-01 4.149805226011253747e-08
3.148808734411986388e-01 4.345828313154700793e-09
3.203882823835413340e-01 9.847212184617094444e-09
3.259134695983026964e-01 4.369144748301383883e-08
3.314568005609867529e-01 1.559209438006381093e-08
3.370186449825955388e-01 2.786819822641509183e-09
3.425993769164139557e-01 2.475556620787939245e-08
3.481993748670657585e-01 7.197610233063260900e-08
3.538190219019015648e-01 1.255345568808401460e-08
3.594587057647973816e-01 2.042406405831449147e-08
3.651188189924404193e-01 2.061298770220659865e-08
3.707997590331718607e-01 2.115289911485780508e-08
3.765019283684746809e-01 2.413458385689131902e-08
3.822257346371888964e-01 3.583602436112378697e-08
3.879715907625317928e-01 3.858841212308005484e-08
3.937399150820192761e-01 6.509436650206585359e-08
3.995311314803785541e-01 7.658086987402803013e-09
4.053456695255391318e-01 1.025339911351198114e-07
4.111839646078068178e-01 1.810699085837466025e-08
4.170464580823191603e-01 3.060480374492601910e-08
4.229335974148815125e-01 1.832828072857456603e-09
4.288458363312944166e-01 1.989207239506129529e-08
4.347836349702859926e-01 1.448784726017437625e-09
4.407474600401543041e-01 6.215511835012713787e-08
4.467377849792464883e-01 3.070739542864375113e-08
4.527550901203956091e-01 1.560907768604195678e-08
4.587998628594356365e-01 5.215375713438990031e-08
4.648725978279326654e-01 4.594372292907438309e-09
4.709737970702658205e-01 6.032991085701226857e-08
4.771039702251921866e-01 4.175123833790329102e-08
4.832636347120511933e-01 1.495187446476261728e-08
4.894533159217510643e-01 2.395786925137008973e-08
4.956735474126913732e-01 1.154495209025953943e-08
5.019248711117932915e-01 7.135718802823393948e-08
5.082078375207910170e-01 1.487147349724450092e-08
5.145230059279664037e-01 8.421850190244069200e-09
5.208709446255060938e-01 2.946931310476448382e-08
5.272522311326588440e-01 1.457747474447607503e-08
5.336674524248943285e-01 2.194455449127167379e-08
5.401172051692617604e-01 5.401614069448430237e-09
5.466020959661491707e-01 2.425552039143714700e-08
5.531227415976649464e-01 7.420875022826817225e-09
5.596797692828657800e-01 2.191563390969239083e-07
5.662738169400510779e-01 5.536823759915695027e-08
5.729055334563810664e-01 7.963533834272109108e-10
5.795755789650528511e-01 3.112656733240584020e-08
5.862846251302993306e-01 9.324496857632055745e-08
5.930333554404833007e-01 1.553570287028693178e-08
5.998224655095604207e-01 6.577426609835323329e-09
6.066526633872036944e-01 4.267624007581357958e-08
6.135246698778876739e-01 1.556016953053947625e-08
6.204392188692554599e-01 9.381759791051589016e-08
6.273970576700789170e-01 7.835741407844727920e-09
6.343989473581657101e-01 1.104396003729639656e-07
6.414456631385582197e-01 6.521234299577718544e-08
6.485379947123885991e-01 1.729868164631701160e-08
6.556767466567751113e-01 8.310670927346366805e-08
6.628627388161606460e-01 2.094619203165763414e-08
6.700968067054920985e-01 1.488540620743178277e-07
6.773798019256893621e-01 9.307544110523732180e-08
6.847125925918335909e-01 4.217415602720266535e-07
6.920960637745565691e-01 1.066373995050816126e-07
6.995311179551041425e-01 4.098010169348664884e-09
7.070186754945865237e-01 8.192074708043727109e-08
7.145596751179416062e-01 3.241327311797535585e-08
7.221550744131648436e-01 8.023613568073306750e-08
7.298058503463658031e-01 1.178715511462210187e-07
7.375129997932668990e-01 1.080530206255630819e-07
7.452775400877571510e-01 6.757306627386366545e-08
7.531005095881470046e-01 1.760284949546823761e-07
7.609829682618186597e-01 5.341456062067820746e-07
7.689259982889686817e-01 6.103185454418178293e-08
7.769307046861817501e-01 1.181929850576376838e-07
7.849982159506154744e-01 3.037787218153859736e-08
7.931296847256019689e-01 7.505842966455022706e-07
8.013262884885021808e-01 2.477361662732366117e-07
8.095892302617037073e-01 6.933774357582013119e-07
8.179197393476813627e-01 4.282095006611298528e-06
8.263190720890769558e-01 5.362685435150258692e-07
8.347885126548114654e-01 1.985571722787354609e+00
8.433293738532896544e-01 7.528945053380589059e+00
8.519429979737834779e-01 1.514906351326768785e+01
8.606307576571655682e-01 2.195189123580871637e+01
8.693940567971949474e-01 2.426137895238911213e+01
8.782343314736156259e-01 1.596263505590414766e+01
8.871530509183995772e-01 8.270370639296624304e+00
8.961517185165281951e-01 2.338807800621645061e+00
9.052318728427538597e-01 4.648363029983014635e-06
9.143950887358863744e-01 6.645089059832741313e-08
9.236429784121850117e-01 7.185915515916920521e-08
9.329771926195572496e-01 1.152387647775600487e-06
9.423994218343089146e-01 1.749673482484224809e-07
9.519113975022994723e-01 2.233146264804060434e-07
9.615148933264527908e-01 4.111240054360610457e-08
9.712117266026539797e-01 1.001537469828339708e-07
9.810037596061752518e-01 4.403491890476899322e-08
9.908929010308823448e-01 9.013574970001976155e-08
1.000881107483597487e+00 2.702580192875010345e-07
1.010970385036090269e+00 1.065063170581205415e-07
1.021162790837329526e+00 2.511611668044993746e-08
1.031460434788744385e+00 1.008872029985888999e-07
1.041865481285389805e+00 3.022091889755043238e-08
1.052380151026073518e+00 2.630735334311260758e-08
1.063006722895663447e+00 3.686107208300186836e-09
1.073747535922947360e+00 6.183017069917799912e-08
1.084604991317632772e+00 2.200480033781935112e-08
1.095581554590242979e+00 1.532517259227077804e-07
1.106679757758872062e+00 2.210763916908694295e-08
1.117902201646994387e+00 1.063647691005599722e-07
1.129251558276759493e+00 1.740358196787370192e-08
1.140730573362411571e+00 2.682341291140608840e-08
1.152342068908791983e+00 3.852175525799632654e-08
1.164088945920123352e+00 1.372934608140693482e-08
1.175974187224572143e+00 6.529504424293843694e-08
1.188000860420427740e+00 9.627563338860495203e-09
1.200172120950045329e+00 7.663234412277864137e-09
1.212491215308081793e+00 5.282270440736832736e-09
1.224961484390919786e+00 3.136596395593582360e-08
1.237586366994588349e+00 3.436010211412048169e-08
1.250369403468921226e+00 3.066094763670445445e-09
1.263314239536188044e+00 4.482286858456228014e-08
1.276424630282862127e+00 1.101541138627643686e-09
1.289704444333804823e+00 1.726131785295909745e-08
1.303157668218648979e+00 1.394842655438357719e-08
1.316788410940794352e+00 1.047267691131916774e-08
1.330600908760077861e+00 1.747987139732907720e-08
1.344599530200891291e+00 4.986501158697310367e-08
1.358788781298217785e+00 2.237311346294807832e-09
1.373173311094915583e+00 3.021215432227714588e-09
1.387757917404398356e+00 2.440021747265367526e-08
1.402547552853775414e+00 2.011472372913376247e-08
1.417547331223529161e+00 4.715747306486731693e-09
1.432762534100853413e+00 1.195822460154752496e-08
1.448198617864900895e+00 4.882927321155716346e-10
1.463861221023438519e+00 1.482727847708926636e-08
1.479756171921722929e+00 3.298549646172014756e-09
1.495889496845789424e+00 5.804618212961191044e-09
1.512267428543952130e+00 1.016616108596526285e-08
1.528896415191897562e+00 2.112585096334733145e-08
1.545783129828541158e+00 1.464162090376036433e-08
1.562934480291788830e+00 2.650843813417283674e-08
1.580357619685341941e+00 3.027145858813272842e-08
1.598059957409985854e+00 7.340355279082670078e-09
1.616049170795220702e+00 1.230265539392432570e-08
1.634333217369666968e+00 1.659206730910926749e-08
1.652920347811602131e+00 1.979304141541894167e-08
1.671819119624006422e+00 2.772387827766649392e-09
1.691038411581847090e+00 7.626248921704233136e-09
1.710587439002987376e+00 9.049932368022272786e-09
1.730475769898035976e+00 4.442733734014776825e-09
1.750713342058707767e+00 1.252500707160187571e-08
1.771310481148987259e+00 2.248932320953098598e-09
1.792277919868425329e+00 1.890175512321976296e-08
1.813626818262428664e+00 2.790232787417042935e-09
1.835368785260464763e+00 3.231006728783604382e-08
1.857515901529695146e+00 2.109607580893906637e-08
1.880080743738695492e+00 1.407042328532122396e-08
1.903076410333882196e+00 4.305795541107896911e-09
1.926516548939786855e+00 9.903151079958326562e-10
1.950415385503826426e+00 8.400148679488113033e-09
1.974787755316548266e+00 1.119906858127648254e-08
1.999649136049679532e+00 4.921134308072686205e-08
2.025015682966774921e+00 2.694802477023579044e-08
2.050904266475055859e+00 2.590462244392276255e-08
2.077332512202038295e+00 5.457015234623469672e-09
2.104318843797274852e+00 1.057611389804901490e-08
2.131882528677897515e+00 9.749619692571022254e-09
2.160043726956898613e+00 9.742167575753965747e-09
2.188823543815518136e+00 5.524617090838376045e-09
2.218244085606003058e+00 3.816133094539470056e-09
2.248328519998397557e+00 3.149602978834110020e-08
2.279101140515614965e+00 3.060182789310839574e-08
2.310587435834983161e+00 1.384822253649278576e-08
2.342814164271995292e+00 6.460710092869771927e-08
2.375809433904205292e+00 2.518435189045164944e-08
2.409602788839831256e+00 1.342066836178684151e-09
2.444225302188005156e+00 1.212353170138733030e-08
2.479709676346002034e+00 3.355004501246724016e-09
2.516090351284283599e+00 9.244693619104096238e-09
2.553403621583411720e+00 8.596030669046419600e-09
2.591687763059467020e+00 9.785826535150608371e-09
2.630983169907057384e+00 2.853397436593388439e-09
2.671332503393481606e+00 2.065860980398950989e-08
2.712780853255288172e+00 1.419881759514790581e-08
2.755375913081506312e+00 1.546015048714219947e-08
2.799168171118327830e+00 2.485324948489358699e-09
2.844211118100896218e+00 2.892812762930094786e-08
2.890561473911588131e+00 2.838500761067239164e-08
2.938279435084994340e+00 9.886757614831576632e-10
2.987428945431348293e+00 8.612057116784513345e-09
3.038077992337560040e+00 3.247202199173268540e-09
3.090298931633904456e+00 8.905917228188241254e-09
3.144168844291917342e+00 8.242593680748000840e-09
3.199769928652491213e+00 9.017555794148877487e-10
3.257189932382928088e+00 7.834085908668649456e-09
3.316522628938477268e+00 1.934056278226385854e-08
3.377868343971226484e+00 4.447077025360257210e-09
3.441334537903732116e+00 6.290181613704933922e-09
3.507036451785127795e+00 8.249098812458287984e-09
3.575097824597341933e+00 9.188832266464765699e-10
3.645651691406516903e+00 1.823234471401248898e-11
3.718841273193660868e+00 1.432028043981178125e-10
3.794820970889963174e+00 1.425681984117084738e-08
3.873757478137244359e+00 6.477025653070313050e-09
3.955831029653007924e+00 1.050034609413032227e-08
4.041236804879297928e+00 3.164150333822153973e-09
4.130186509927489702e+00 4.336055872258509153e-09
4.222910164812807565e+00 3.039943412310706129e-09
4.319658127746227372e+00 8.535601388681048893e-09
4.420703393996887165e+00 1.282207612835391675e-09
4.526344213778937586e+00 3.650501113627895405e-09
4.636907082037216021e+00 7.060073628159622234e-11
4.752750163264185979e+00 8.242640309107436467e-09
4.874267227033050709e+00 1.459828959800675521e-08
5.001892185363850274e+00 1.283139500022756175e-08
5.136104342104077958e+00 1.791008805289591831e-08
5.277434488177208394e+00 9.417340770941873328e-09
5.426472006104844148e+00 7.759209583777675458e-09
5.583873184308420612e+00 1.753509279358811377e-08
5.750370988549687645e+00 1.454585730350862143e-10
5.926786597410237611e+00 1.813112489544065372e-09
6.114043084875222078e+00 1.826631303942849374e-09
6.313181731196443103e+00 1.651885239164726896e-08
6.525381570524497299e+00 2.096964207199595445e-09
6.751982950306783415e+00 3.901989090375960997e-10
6.994516097029166879e+00 2.346347771254380171e-09
7.254735975022011729e+00 9.900627922274844914e-10
7.534665117411080359e+00 3.407576112586701489e-09
7.836646640587228596e+00 1.346943173474554959e-09
8.163410383531928716e+00 3.218274283675720498e-09
8.518156126042216059e+00 9.642997361476661861e-09
8.904659262506966044e+00 2.288494352415927767e-09
9.327406333425754426e+00 1.897756682179134084e-09
9.791770743284624601e+00 5.446549712662050148e-09
1.030424328906184073e+01 2.758736862888268613e-09
1.087273853939115398e+01 3.925720783191980512e-09
1.150700787033969874e+01 5.833123188334850435e-09
1.221920514335652008e+01 1.668908607038369143e-09
1.302467515755499861e+01 1.074687330451597637e-09
1.394307442116850204e+01 2.347371438325400700e-09
1.499999999999984546e+01 1.440484462135905647e-09
