-1.499999999999984546e+01 1.462236406492942347e-08
-1.394307442116845941e+01 7.601980332138196399e-09
-1.302467515755499861e+01 6.319480798568818334e-10
-1.221920514335648811e+01 3.047293877319960092e-09
-1.150700787033963834e+01 2.016993399615634987e-08
-1.087273853939112733e+01 3.621824865428352037e-09
-1.030424328906179277e+01 8.070495470240162047e-09
-9.791770743284603284e+00 4.922223807791969776e-09
-9.327406333425754426e+00 1.022724917232161975e-08
-8.904659262506948281e+00 9.877065000247559185e-09
-8.518156126042184084e+00 6.920598398151605957e-10
-8.163410383531914505e+00 6.488316315523034998e-09
-7.836646640587201063e+00 3.501454401119790272e-09
-7.534665117411080359e+00 2.319542344687557709e-08
-7.254735975022024164e+00 1.734107661728061446e-08
-6.994516097029166879e+00 1.050380074265820078e-08
-6.751982950306772757e+00 6.560889013211063036e-09
-6.525381570524497299e+00 1.895727763920332327e-08
-6.313181731196434221e+00 2.419002648349844531e-08
-6.114043084875222078e+00 5.429709005677053238e-08
-5.926786597410245605e+00 1.805799978416487645e-08
-5.750370988549687645e+00 4.231752316475899806e-08
-5.583873184308413506e+00 6.871268991688322615e-09
-5.426472006104829937e+00 8.178524814657598146e-09
-5.277434488177201288e+00 1.404289455184704208e-08
-5.136104342104077958e+00 7.166828716046694988e-08
-5.001892185363844057e+00 7.655752673288505763e-08
-4.874267227033040051e+00 3.364159736295488679e-07
-4.752750163264180649e+00 1.069906007913548907e-07
-4.636907082037206251e+00 4.206767309742032203e-07
-4.526344213778932257e+00 1.986990761871056110e-02
-4.420703393996887165e+00 1.266752507391689875e+00
-4.319658127746222931e+00 6.401955029549891707e-01
-4.222910164812799572e+00 4.322114213423190661e-05
-4.130186509927485261e+00 6.491507003516617795e-07
-4.041236804879289934e+00 3.488522862776595023e-07
-3.955831029653007924e+00 3.773693188876703170e-09
-3.873757478137248356e+00 1.535623607353354978e-07
-3.794820970889963174e+00 3.741785510053912233e-07
-3.718841273193658203e+00 1.524686127542750928e-08
-3.645651691406516903e+00 3.409145741735924631e-08
-3.575097824597338825e+00 6.557810201791488521e-09
-3.507036451785127795e+00 9.484704286833619220e-10
-3.441334537903729007e+00 9.152790711229296195e-08
-3.377868343971221154e+00 1.245666674262170688e-08
-3.316522628938475048e+00 1.892454648167867909e-08
-3.257189932382928088e+00 6.842450964387607914e-07
-3.199769928652489437e+00 1.276546659899876934e-09
-3.144168844291917342e+00 1.165153483339984053e-08
-3.090298931633901791e+00 2.631967253011121387e-08
-3.038077992337555155e+00 4.076369063997166104e-08
-2.987428945431346516e+00 2.776205804407135520e-08
-2.938279435084989455e+00 1.174910644478627386e-08
-2.890561473911585910e+00 2.714314532729763379e-08
-2.844211118100896218e+00 1.191272636501395031e-08
-2.799168171118325610e+00 1.908660169150198434e-08
-2.755375913081502315e+00 2.405329489803074113e-08
-2.712780853255288172e+00 1.513201913054157343e-09
-2.671332503393478053e+00 8.108792938164947314e-09
-2.630983169907057384e+00 3.537891238878765999e-09
-2.591687763059467020e+00 7.123202395465073602e-09
-2.553403621583411720e+00 9.699038228334736342e-09
-2.516090351284280491e+00 1.342737773560690733e-08
-2.479709676346002034e+00 4.351221058152131824e-10
-2.444225302188003379e+00 1.810115387279154697e-09
-2.409602788839831256e+00 7.033790220695561902e-08
-2.375809433904203960e+00 3.755731494979701357e-09
-2.342814164271992627e+00 8.833630870630663856e-08
-2.310587435834981385e+00 4.163679425256289568e-08
-2.279101140515614965e+00 3.856729017210171294e-08
-2.248328519998395780e+00 2.327869607606264404e-08
-2.218244085606003058e+00 1.270372247439557542e-08
-2.188823543815516803e+00 2.237711897729371750e-08
-2.160043726956895949e+00 2.312398924006314202e-09
-2.131882528677896183e+00 2.673242418249539940e-08
-2.104318843797272631e+00 1.096580969356585926e-08
-2.077332512202036963e+00 8.469208835845382142e-09
-2.050904266475055859e+00 1.556153858230052442e-08
-2.025015682966774033e+00 1.779059470125117864e-09
-1.999649136049677312e+00 2.694579981331315855e-08
-1.974787755316548266e+00 4.757110110084064090e-09
-1.950415385503824428e+00 1.081741825879154554e-08
-1.926516548939785745e+00 1.192290172948148173e-09
-1.903076410333882196e+00 2.468247751650242256e-08
-1.880080743738695492e+00 2.200605596421216642e-08
-1.857515901529694036e+00 9.754020296913597934e-10
-1.835368785260464763e+00 5.109035355823960457e-11
-1.813626818262426887e+00 2.379642398092854990e-08
-1.792277919868425329e+00 9.504639719681135483e-09
-1.771310481148986149e+00 1.418612174561634348e-08
-1.750713342058705768e+00 1.460314248745143277e-08
-1.730475769898034866e+00 1.150567044261040741e-08
-1.710587439002987376e+00 2.406942634622499393e-11
-1.691038411581845979e+00 3.476395287685690526e-09
-1.671819119624006422e+00 1.690124880518055955e-09
-1.652920347811601687e+00 2.520393431954597592e-08
-1.634333217369665192e+00 3.138119158157834010e-08
-1.616049170795219814e+00 3.487330776395679546e-09
-1.598059957409985854e+00 1.329145278024019880e-08
-1.580357619685341053e+00 8.318263028235578497e-09
-1.562934480291788830e+00 6.552215669447697262e-08
-1.545783129828541158e+00 2.445767900762129139e-09
-1.528896415191895786e+00 8.439967428417744617e-09
-1.512267428543951242e+00 4.551583815170575488e-08
-1.495889496845787869e+00 7.771192584047695250e-09
-1.479756171921722929e+00 3.381013663496316776e-08
-1.463861221023438519e+00 7.187551031100404881e-10
-1.448198617864899784e+00 6.761058990535597034e-09
-1.432762534100851859e+00 5.752361396011534487e-08
-1.417547331223529161e+00 7.631743282774662888e-09
-1.402547552853774304e+00 6.829140775993798873e-09
-1.387757917404398356e+00 3.316893111825414926e-08
-1.373173311094914473e+00 3.444733769231731932e-08
-1.358788781298216675e+00 4.267661593026827957e-09
-1.344599530200890625e+00 2.698044008501235788e-08
-1.330600908760077861e+00 9.335827776928334325e-09
-1.316788410940793463e+00 1.861055865148273063e-08
-1.303157668218648979e+00 1.070191728993104862e-08
-1.289704444333804600e+00 1.054892925312394235e-09
-1.276424630282860795e+00 1.001004586172615590e-09
-1.263314239536187600e+00 2.096072794527165697e-10
-1.250369403468921226e+00 1.366367472765103620e-08
-1.237586366994587683e+00 9.741551330046404068e-09
-1.224961484390919786e+00 1.821665068036030342e-08
-1.212491215308081349e+00 1.699311941063215645e-08
-1.200172120950044441e+00 1.322019400069962694e-09
-1.188000860420426852e+00 1.940716369714214780e-08
-1.175974187224572365e+00 2.565168423395689466e-08
-1.164088945920123352e+00 6.699295616675439260e-09
-1.152342068908791317e+00 3.923723121860255427e-08
-1.140730573362410238e+00 1.077984509720595578e-08
-1.129251558276758605e+00 3.847133486440877743e-09
-1.117902201646994165e+00 7.046246718966800761e-10
-1.106679757758871174e+00 1.144576713278007308e-08
-1.095581554590242757e+00 8.963721098464197412e-09
-1.084604991317632328e+00 6.965634276721973917e-09
-1.073747535922946250e+00 6.057916111538261406e-09
-1.063006722895662781e+00 1.021129938500943496e-08
-1.052380151026073518e+00 2.356074665986121827e-09
-1.041865481285389139e+00 6.038444325111063202e-08
-1.031460434788744385e+00 4.720183231744164508e-08
-1.021162790837329082e+00 2.553703283143297528e-08
-1.010970385036089381e+00 9.096251361118125423e-09
-1.000881107483597043e+00 1.423345693337335706e-08
-9.908929010308823448e-01 6.977685586562337177e-09
-9.810037596061752518e-01 1.186727107155717796e-09
-9.712117266026539797e-01 1.507616938060753458e-09
-9.615148933264523468e-01 3.783606128340265093e-08
-9.519113975022986951e-01 7.458595379449014545e-09
-9.423994218343084706e-01 3.477503616716141309e-08
-9.329771926195575826e-01 3.093589624699732186e-08
-9.236429784121844566e-01 1.695091953114377675e-08
-9.143950887358859303e-01 7.529516939203247522e-09
-9.052318728427537486e-01 4.265376294084530995e-08
-8.961517185165274180e-01 1.045452855145275139e-10
-8.871530509183994662e-01 2.658793477262905210e-08
-8.782343314736150708e-01 1.428045299537141986e-08
-8.693940567971949474e-01 9.432833201624095278e-09
-8.606307576571651241e-01 4.307182232627618435e-09
-8.519429979737824787e-01 4.368558719078270558e-08
-8.433293738532892103e-01 2.667011788190158875e-08
-8.347885126548113544e-01 3.029572959586943913e-09
-8.263190720890765117e-01 1.274436204590627680e-08
-8.179197393476813627e-01 1.395698495024578333e-08
-8.095892302617030412e-01 1.110966045480519145e-08
-8.013262884885015147e-01 1.651947227716293351e-08
-7.931296847256015248e-01 5.749556361276372838e-09
-7.849982159506153634e-01 1.465756287926453015e-08
-7.769307046861815280e-01 3.989870368405418652e-08
-7.689259982889686817e-01 1.604111018955049853e-08
-7.609829682618184377e-01 1.384831483379077181e-08
-7.531005095881461164e-01 4.282374646793549543e-09
-7.452775400877568179e-01 2.481901713521748184e-09
-7.375129997932672321e-01 1.851160639600579301e-09
-7.298058503463653590e-01 3.387405056578527773e-08
-7.221550744131645105e-01 1.401826385299093530e-08
-7.145596751179414952e-01 4.406768652039627768e-08
-7.070186754945858576e-01 3.353909070418873100e-08
-6.995311179551040315e-01 4.605909019666486204e-09
-6.920960637745565691e-01 3.088008309944565756e-10
-6.847125925918331468e-01 1.864474885099832035e-08
-6.773798019256889180e-01 8.458986236709748252e-09
-6.700968067054918764e-01 1.466095889349327143e-09
-6.628627388161604239e-01 8.829171322978689494e-09
-6.556767466567750002e-01 1.419451446325769413e-08
-6.485379947123881550e-01 1.589696390524982426e-08
-6.414456631385582197e-01 1.384310419416364892e-09
-6.343989473581652661e-01 9.775455551190506770e-09
-6.273970576700782509e-01 1.780668505274790881e-08
-6.204392188692551269e-01 2.701244252828098855e-08
-6.135246698778875629e-01 1.415689315017880385e-08
-6.066526633872033614e-01 1.987923253251274611e-08
-5.998224655095604207e-01 1.229495164927656162e-08
-5.930333554404829677e-01 1.906063678914152510e-08
-5.862846251302987755e-01 3.254781500929474261e-08
-5.795755789650526291e-01 8.755646487519102465e-10
-5.729055334563811774e-01 1.004744877913196827e-09
-5.662738169400507449e-01 5.476941548596178949e-09
-5.596797692828653359e-01 2.412064030869271289e-10
-5.531227415976648354e-01 7.076506354647228143e-09
-5.466020959661486156e-01 1.042896280235235773e-08
-5.401172051692616494e-01 2.678467760585391527e-08
-5.336674524248944396e-01 3.354721020329614275e-09
-5.272522311326585109e-01 1.480556567336217293e-08
-5.208709446255063158e-01 2.285594276006175261e-08
-5.145230059279665147e-01 8.586880001601445681e-09
-5.082078375207905729e-01 2.652746621391028901e-09
-5.019248711117934025e-01 3.329274881379880702e-08
-4.956735474126915397e-01 7.870762302746716225e-10
-4.894533159217509533e-01 2.703982389333531750e-08
-4.832636347120513043e-01 2.673712040400543530e-08
-4.771039702251920200e-01 2.280635297270588122e-08
-4.709737970702656540e-01 2.032986114346352812e-08
-4.648725978279327764e-01 1.922761610976705443e-08
-4.587998628594354700e-01 2.450261004587469482e-08
-4.527550901203954981e-01 1.539901848342554919e-08
-4.467377849792463773e-01 2.538474158324761300e-08
-4.407474600401539711e-01 3.390965238619510230e-08
-4.347836349702858816e-01 5.254770375482289886e-10
-4.288458363312943056e-01 6.662156878578486226e-09
-4.229335974148811239e-01 3.797504130534257677e-08
-4.170464580823190492e-01 2.946504538968177291e-08
-4.111839646078065957e-01 4.312582024651886163e-08
-4.053456695255387987e-01 8.082016341506258265e-10
-3.995311314803784430e-01 2.090719708470605069e-08
-3.937399150820194427e-01 3.324881700382576331e-09
-3.879715907625314597e-01 8.391017270395559300e-09
-3.822257346371890074e-01 3.064339890072322214e-08
-3.765019283684747919e-01 2.349110834381411079e-08
-3.707997590331714166e-01 1.129502646896694925e-10
-3.651188189924405858e-01 1.817991005558557012e-08
-3.594587057647975481e-01 1.195450225918931271e-08
-3.538190219019011762e-01 5.524846607556750419e-09
-3.481993748670658695e-01 2.356878361791200853e-09
-3.425993769164140668e-01 6.471558976839004087e-09
-3.370186449825951502e-01 6.658301756752161388e-09
-3.314568005609865864e-01 1.024128879633294449e-08
-3.259134695983023078e-01 2.108960365407310596e-08
-3.203882823835412230e-01 1.663354182344353415e-08
-3.148808734411985277e-01 6.155387104580020144e-09
-3.093908814266739249e-01 2.659951459172057793e-08
-3.039179490238102521e-01 1.058988839602442607e-08
-2.984617228444969572e-01 3.145435169004701171e-09
-2.930218533302758055e-01 1.722316092627308410e-08
-2.875979946558883671e-01 4.228771182864974330e-09
-2.821898046347048883e-01 1.163734062063660743e-08
-2.767969446259778143e-01 2.566640620894234201e-08
-2.714190794438640086e-01 1.146909242928268470e-08
-2.660558772681595463e-01 1.997300706413676748e-09
-2.607070095566988432e-01 1.318996232211720870e-08
-2.553721509593595007e-01 1.607440568066923327e-08
-2.500509792336281789e-01 1.570927876706875011e-08
-2.447431751616790663e-01 3.340828489495723263e-08
-2.394484224689141794e-01 2.936310639343856230e-08
-2.341664077439190861e-01 1.691831567233423245e-08
-2.288968203597947504e-01 1.869920491145304187e-08
-2.236393523968163433e-01 1.108498452662301946e-08
-2.183936985663748609e-01 1.383955801546662135e-08
-2.131595561361681324e-01 1.750337270427159309e-08
-2.079366248565912845e-01 2.594401403430595775e-08
-2.027246068882932184e-01 4.369159985960100339e-09
-1.975232067308573536e-01 2.177173057457163565e-08
-1.923321311525707789e-01 2.845576700608831600e-09
-1.871510891212436467e-01 6.142611558640845710e-08
-1.819797917360435890e-01 1.850350997500045860e-08
-1.768179521603098492e-01 1.060341605744252463e-08
-1.716652855553124635e-01 5.244602830291395150e-08
-1.665215090149229915e-01 1.343214108368072682e-08
-1.613863415011645708e-01 3.440132544491282284e-08
-1.562595037806076281e-01 1.236843053370541816e-08
-1.511407183615816052e-01 4.315206928396486606e-09
-1.460297094321691691e-01 4.473265485762580546e-10
-1.409262027989571786e-01 1.653797443342358662e-08
-1.358299258265084075e-01 8.840243996389002697e-09
-1.307406073775295718e-01 5.869099449661829291e-09
-1.256579777537080167e-01 2.954290338101546467e-09
-1.205817686371829095e-01 2.090694872867077658e-08
-1.155117130326291097e-01 1.472255201394656458e-09
-1.104475452099255434e-01 5.976188133508498440e-08
-1.053890006473798824e-01 6.074680397607493070e-10
-1.003358159754815099e-01 3.220828964406668985e-08
-9.528772892116385562e-02 1.994232967894066159e-08
-9.024447825254262867e-02 3.401543378601594909e-09
-8.520580372410961612e-02 4.926028818150867016e-10
-8.017144602235605488e-02 5.896222883124624039e-09
-7.514114671180081861e-02 3.469219732403584590e-09
-7.011464818139975796e-02 1.043696177671253690e-08
-6.509169359131213028e-02 1.999194931197786313e-09
-6.007202682000037375e-02 4.204564837313525673e-09
-5.505539241164043168e-02 5.021444221348501022e-09
-5.004153552381902792e-02 1.040019047596214794e-09
-4.503020187549407194e-02 2.111986216678745327e-09
-4.002113769519974329e-02 2.863861299876033579e-08
-3.501408966946639723e-02 7.381804776380443424e-09
-3.000880489143913435e-02 1.864104626886699416e-08
-2.500503080967274305e-02 2.070025816575151284e-08
-2.000251517707496776e-02 8.427939215421649189e-09
-1.500100599998219555e-02 1.677787132689687289e-08
-1.000025148734561345e-02 2.068137750778956439e-08
-5.000000000000051278e-03 8.451615587789283940e-09
-4.151058885056183785e-17 7.907328517301637016e-09
4.999999999999968012e-03 4.344008226620523363e-09
1.000025148734597427e-02 8.016709332611033067e-09
1.500100599998233260e-02 2.847600815473391971e-08
2.000251517707488449e-02 2.215426947249742843e-08
2.500503080967310041e-02 2.148428569272465114e-11
3.000880489143927313e-02 4.142752218758892453e-08
3.501408966946631396e-02 1.122431690371719604e-08
4.002113769520009717e-02 2.528227650761424863e-09
4.503020187549421072e-02 7.187623347944624379e-11
5.004153552381894465e-02 3.843711397003868966e-08
5.505539241164034842e-02 2.170022323435845628e-08
6.007202682000051253e-02 2.146060695378005229e-08
6.509169359131226906e-02 1.248235131644787769e-08
7.011464818139967470e-02 1.252119572699114949e-08
7.514114671180095739e-02 5.375365949069719772e-10
8.017144602235619366e-02 1.937099561636369762e-08
8.520580372410954673e-02 3.346024223588092209e-08
9.024447825254276745e-02 1.380690696489169462e-08
9.528772892116399440e-02 3.738455274866257381e-09
1.003358159754814266e-01 7.692405731324614065e-09
1.053890006473800073e-01 1.626160466366657634e-08
1.104475452099259181e-01 4.558413401966935188e-08
1.155117130326290265e-01 1.783276426399638903e-08
1.205817686371828262e-01 2.376780148644903396e-09
1.256579777537083775e-01 3.249422438917728308e-09
1.307406073775296829e-01 2.318721972530264760e-09
1.358299258265082687e-01 5.776996660294096432e-09
1.409262027989575117e-01 2.074375569326951612e-09
1.460297094321692801e-01 1.061029247985374088e-08
1.511407183615814942e-01 6.448447933789039018e-09
1.562595037806079612e-01 1.103750618431759268e-08
1.613863415011646818e-01 1.597897957654131380e-08
1.665215090149231025e-01 4.744943764216802396e-08
1.716652855553127688e-01 5.880938783776075055e-08
1.768179521603099880e-01 1.945462318270939419e-09
1.819797917360437278e-01 3.834985342803371895e-09
1.871510891212435357e-01 1.146463269651677963e-08
1.923321311525708899e-01 2.383422766499087925e-08
1.975232067308574646e-01 9.042130295575089309e-09
2.027246068882931074e-01 1.455185128744507661e-08
2.079366248565913955e-01 1.043132704599958425e-08
2.131595561361682156e-01 4.307016163838864467e-08
2.183936985663747499e-01 1.261394866081466422e-08
2.236393523968162322e-01 9.906263904974701505e-09
2.288968203597950835e-01 1.230088689730305118e-08
2.341664077439189473e-01 1.420928286752057216e-08
2.394484224689140683e-01 1.722856375715012343e-08
2.447431751616793993e-01 5.238574200940780356e-08
2.500509792336280679e-01 4.446330091912486985e-08
2.553721509593593342e-01 1.402494883284328902e-08
2.607070095566991763e-01 1.935914435182202448e-08
2.660558772681596018e-01 7.135844831655141266e-08
2.714190794438638976e-01 2.349260658188698889e-08
2.767969446259781474e-01 1.619116693610246770e-09
2.821898046347049993e-01 6.294641798887969574e-08
2.875979946558884781e-01 6.961235355373297771e-08
2.930218533302761941e-01 3.645843164707048104e-08
2.984617228444970682e-01 1.127555922981345503e-08
3.039179490238103631e-01 4.985798531334011292e-09
3.093908814266742580e-01 1.603276793334454302e-08
3.148808734411986388e-01 2.891479453808850425e-08
3.203882823835413340e-01 1.647862735961685906e-08
3.259134695983026964e-01 3.289047832897216372e-08
3.314568005609867529e-01 8.309589443347369437e-08
3.370186449825955388e-01 9.249728483646858911e-09
3.425993769164139557e-01 3.186104168011611823e-09
3.481993748670657585e-01 2.433316158878375727e-08
3.538190219019015648e-01 1.985607592319387501e-09
3.594587057647973816e-01 4.634968212790654041e-08
3.651188189924404193e-01 2.198398560179256216e-08
3.707997590331718607e-01 5.821209786013450866e-08
3.765019283684746809e-01 1.533982159114179537e-08
3.822257346371888964e-01 7.881659496051251205e-09
3.879715907625317928e-01 4.330809700351614385e-09
3.937399150820192761e-01 2.496564217697723929e-08
3.995311314803785541e-01 7.037364561653805185e-08
4.053456695255391318e-01 4.635258909212892443e-09
4.111839646078068178e-01 1.551874557868624875e-08
4.170464580823191603e-01 8.011842852756886682e-09
4.229335974148815125e-01 2.317675042676043054e-08
4.288458363312944166e-01 1.197398588487595279e-08
4.347836349702859926e-01 4.104002200402631416e-08
4.407474600401543041e-01 9.578179873681552341e-08
4.467377849792464883e-01 3.307755132638077269e-09
4.527550901203956091e-01 3.142309858954157620e-08
4.587998628594356365e-01 1.928033670588239671e-08
4.648725978279326654e-01 6.704270266101283010e-08
4.709737970702658205e-01 1.597339136240754740e-07
4.771039702251921866e-01 9.088859415417165343e-08
4.832636347120511933e-01 1.007732648697685721e-07
4.894533159217510643e-01 9.267261627163966323e-11
4.956735474126913732e-01 3.629294555770649549e-09
5.019248711117932915e-01 1.657621918024402131e-07
5.082078375207910170e-01 1.333729503974350088e-08
5.145230059279664037e-01 7.832261454027344921e-08
5.208709446255060938e-01 6.768492013039538979e-09
5.272522311326588440e-01 1.225202949053572097e-08
5.336674524248943285e-01 1.415153368007857241e-07
5.401172051692617604e-01 3.280489578569864755e-08
5.466020959661491707e-01 3.641786115854246641e-09
5.531227415976649464e-01 2.097080959593010115e-08
5.596797692828657800e-01 4.014778732271869744e-09
5.662738169400510779e-01 1.833649787341464120e-08
5.729055334563810664e-01 1.349331505753670309e-07
5.795755789650528511e-01 2.894623739682520752e-08
5.862846251302993306e-01 1.788109521680775783e-08
5.930333554404833007e-01 1.073540001798501712e-07
5.998224655095604207e-01 1.371772167252869967e-08
6.066526633872036944e-01 2.530761695476436530e-08
6.135246698778876739e-01 6.463161881972486640e-08
6.204392188692554599e-01 5.961557125241845351e-08
6.273970576700789170e-01 6.011296953077762925e-08
6.343989473581657101e-01 2.585591532954822607e-08
6.414456631385582197e-01 9.422594469948978182e-08
6.485379947123885991e-01 1.763746096001908445e-08
6.556767466567751113e-01 9.937045956297400945e-09
6.628627388161606460e-01 1.153741894580370453e-07
6.700968067054920985e-01 3.547208282935469724e-07
6.773798019256893621e-01 2.028672547331275639e-08
6.847125925918335909e-01 1.033863186117848314e-07
6.920960637745565691e-01 5.025775627963863078e-08
6.995311179551041425e-01 1.408434997416490747e-07
7.070186754945865237e-01 3.369484072118138777e-08
7.145596751179416062e-01 3.762030594280099034e-08
7.221550744131648436e-01 3.129499896171007381e-07
7.298058503463658031e-01 8.383344575201340656e-08
7.375129997932668990e-01 2.278854690683940056e-07
7.452775400877571510e-01 2.262141508895554088e-07
7.531005095881470046e-01 3.574363711390954834e-07
7.609829682618186597e-01 2.712329176124403111e-06
7.689259982889686817e-01 6.849277692539189176e-07
7.769307046861817501e-01 2.208291250016649509e-08
7.849982159506154744e-01 9.426851085966025428e-07
7.931296847256019689e-01 4.553435335248848811e-07
8.013262884885021808e-01 1.902422090965352090e-06
8.095892302617037073e-01 4.750375377280896682e-06
8.179197393476813627e-01 1.426064049230518790e-05
8.263190720890769558e-01 9.296112559066899150e-01
8.347885126548114654e-01 3.462334102698355842e+00
8.433293738532896544e-01 8.643155801772088864e+00
8.519429979737834779e-01 1.397309095702682669e+01
8.606307576571655682e-01 1.984670777469698066e+01
8.693940567971949474e-01 2.147100201556765953e+01
8.782343314736156259e-01 1.506102743670050614e+01
8.871530509183995772e-01 9.572915902194157667e+00
8.961517185165281951e-01 4.070838238285693578e+00
9.052318728427538597e-01 4.196640537712145180e-01
9.143950887358863744e-01 3.315315151814783706e-06
9.236429784121850117e-01 1.982592302075587638e-06
9.329771926195572496e-01 3.075273831631221719e-07
9.423994218343089146e-01 7.879838377740383359e-07
9.519113975022994723e-01 2.426146409180379425e-07
9.615148933264527908e-01 2.227808045226417139e-07
9.712117266026539797e-01 1.255685249824084245e-07
9.810037596061752518e-01 1.662297102954606103e-07
9.908929010308823448e-01 4.633197899043541793e-07
1.000881107483597487e+00 1.060866884228833252e-07
1.010970385036090269e+00 8.983982564324145526e-08
1.021162790837329526e+00 3.381032391343558237e-08
1.031460434788744385e+00 6.892186536191240264e-08
1.041865481285389805e+00 6.172744820481414621e-08
1.052380151026073518e+00 7.897076881534674671e-08
1.063006722895663447e+00 1.721520025445576134e-08
1.073747535922947360e+00 5.326691021373374352e-08
1.084604991317632772e+00 3.204153072971465457e-08
1.095581554590242979e+00 9.201715509266268049e-08
1.106679757758872062e+00 8.635542383157370313e-08
1.117902201646994387e+00 4.960860652037601913e-08
1.129251558276759493e+00 2.324397296755690522e-08
1.140730573362411571e+00 1.134195959473139909e-07
1.152342068908791983e+00 8.967100603047701769e-08
1.164088945920123352e+00 4.117862027623912183e-08
1.175974187224572143e+00 1.669215805781263794e-09
1.188000860420427740e+00 2.036576953466867753e-08
1.200172120950045329e+00 6.331797428852255303e-08
1.212491215308081793e+00 4.525053583950647720e-08
1.224961484390919786e+00 1.195881737983619485e-07
1.237586366994588349e+00 2.947147080422019361e-08
1.250369403468921226e+00 8.024975471280216863e-08
1.263314239536188044e+00 1.868163743935611040e-08
1.276424630282862127e+00 7.366973728260954792e-08
1.289704444333804823e+00 1.263357273463397974e-08
1.303157668218648979e+00 4.450504196808069560e-08
1.316788410940794352e+00 2.421656047321376583e-08
1.330600908760077861e+00 2.194895201083911480e-08
1.344599530200891291e+00 3.578521415808965476e-08
1.358788781298217785e+00 2.070234166292333014e-08
1.373173311094915583e+00 4.808525502423797551e-08
1.387757917404398356e+00 1.036540830819515953e-08
1.402547552853775414e+00 5.708044541049308249e-08
1.417547331223529161e+00 2.640783156612103780e-08
1.432762534100853413e+00 3.722002717193852025e-08
1.448198617864900895e+00 3.075520071854553746e-08
1.463861221023438519e+00 3.133270230600719352e-08
1.479756171921722929e+00 3.639209024626438192e-09
1.495889496845789424e+00 7.338595094101439944e-10
1.512267428543952130e+00 4.684559938947344784e-09
1.528896415191897562e+00 1.438360488645219083e-08
1.545783129828541158e+00 3.172509771538995427e-09
1.562934480291788830e+00 3.828670463165594309e-09
1.580357619685341941e+00 1.271540905040033943e-08
1.598059957409985854e+00 7.721731304912016823e-10
1.616049170795220702e+00 2.607372835669604130e-08
1.634333217369666968e+00 3.491738834652040997e-08
1.652920347811602131e+00 2.772692632165625884e-08
1.671819119624006422e+00 5.430708983343617231e-09
1.691038411581847090e+00 2.150566246363928177e-08
1.710587439002987376e+00 3.452771110646776700e-08
1.730475769898035976e+00 2.068241085781748109e-08
1.750713342058707767e+00 1.852049912000184431e-08
1.771310481148987259e+00 7.808710621303867310e-09
1.792277919868425329e+00 1.876676663418662391e-09
1.813626818262428664e+00 3.158578701000449788e-09
1.835368785260464763e+00 4.974096254717500846e-09
1.857515901529695146e+00 1.999362337820384310e-08
1.880080743738695492e+00 2.250948845154533976e-09
1.903076410333882196e+00 2.154645464544065326e-08
1.926516548939786855e+00 1.033426116944737830e-08
1.950415385503826426e+00 1.904656651428531740e-08
1.974787755316548266e+00 8.072167480666049340e-09
1.999649136049679532e+00 6.056356815941629259e-09
2.025015682966774921e+00 1.541730328023898016e-08
2.050904266475055859e+00 4.846930569028759460e-09
2.077332512202038295e+00 5.779918654900341215e-10
2.104318843797274852e+00 8.930081247284890301e-09
2.131882528677897515e+00 6.932375054255486988e-09
2.160043726956898613e+00 1.744892422471438846e-08
2.188823543815518136e+00 4.463918751305166973e-09
2.218244085606003058e+00 1.413079886992519824e-08
2.248328519998397557e+00 9.278390270413854604e-09
2.279101140515614965e+00 1.198224091978336444e-08
2.310587435834983161e+00 7.586012523891866175e-09
2.342814164271995292e+00 2.263557518872588087e-09
2.375809433904205292e+00 2.160573223394238272e-08
2.409602788839831256e+00 1.565828928708014845e-08
2.444225302188005156e+00 1.811934569101110869e-08
2.479709676346002034e+00 2.961447882410146898e-08
2.516090351284283599e+00 5.444383057729328994e-09
2.553403621583411720e+00 2.942986487404800016e-08
2.591687763059467020e+00 7.777040749937229906e-09
2.630983169907057384e+00 6.744555239188322422e-09
2.671332503393481606e+00 1.140456991178440421e-08
2.712780853255288172e+00 9.470784572446119206e-09
2.755375913081506312e+00 2.765003917020116124e-09
2.799168171118327830e+00 4.807769729450935367e-09
2.844211118100896218e+00 5.249710373176499133e-09
2.890561473911588131e+00 6.382220090122003866e-09
2.938279435084994340e+00 1.467926517135507498e-08
2.987428945431348293e+00 8.833450647155963768e-09
3.038077992337560040e+00 1.278887551629314321e-08
3.090298931633904456e+00 2.240131151030257581e-08
3.144168844291917342e+00 1.021691588433952160e-09
3.199769928652491213e+00 1.373474006798056651e-08
3.257189932382928088e+00 7.935060091831984080e-09
3.316522628938477268e+00 2.034359524449879984e-08
3.377868343971226484e+00 5.432643049130725106e-10
3.441334537903732116e+00 6.742003504577622020e-09
3.507036451785127795e+00 1.667818315374388580e-08
3.575097824597341933e+00 1.500583299435279474e-09
3.645651691406516903e+00 3.932365153517236322e-09
3.718841273193660868e+00 1.141151244582350302e-09
3.794820970889963174e+00 2.109836192762389106e-10
3.873757478137244359e+00 8.478613736566210798e-09
3.955831029653007924e+00 4.618797237351739003e-09
4.041236804879297928e+00 6.444287231798147292e-09
4.130186509927489702e+00 2.858454334824299564e-09
4.222910164812807565e+00 4.732546684393381077e-09
4.319658127746227372e+00 3.039711401307531087e-10
4.420703393996887165e+00 7.700978776739774279e-09
4.526344213778937586e+00 2.551016424234831302e-09
4.636907082037216021e+00 5.177340937936254972e-10
4.752750163264185979e+00 2.676510961532651555e-09
4.874267227033050709e+00 4.246672573832505054e-09
5.001892185363850274e+00 1.499564828378927448e-08
5.136104342104077958e+00 9.681780117876773940e-10
5.277434488177208394e+00 5.143155017872919526e-09
5.426472006104844148e+00 6.866426255489615031e-09
5.583873184308420612e+00 4.619012208051759989e-09
5.750370988549687645e+00 3.252902274185767770e-09
5.926786597410237611e+00 5.011858530265299535e-09
6.114043084875222078e+00 4.425993927259689873e-09
6.313181731196443103e+00 5.912450461653741430e-09
6.525381570524497299e+00 1.252029378996434699e-09
6.751982950306783415e+00 1.383993608216797586e-10
6.994516097029166879e+00 2.749792813678276742e-09
7.254735975022011729e+00 4.451783316483609731e-10
7.534665117411080359e+00 1.237038423314890998e-08
7.836646640587228596e+00 1.346943173474554959e-09
8.163410383531928716e+00 1.426208392931046096e-09
8.518156126042216059e+00 3.993625699186753933e-09
8.904659262506966044e+00 2.235456658129753799e-09
9.327406333425754426e+00 1.445429364995581621e-09
9.791770743284624601e+00 8.226764797561698318e-10
1.030424328906184073e+01 9.854623548801930965e-11
1.087273853939115398e+01 2.669379680030294208e-10
1.150700787033969874e+01 4.786683274706233079e-10
1.221920514335652008e+01 5.450625780100033065e-10
1.302467515755499861e+01 1.074687330451597637e-09
1.394307442116850204e+01 8.866958533738668207e-10
1.499999999999984546e+01 3.045944595167737986e-09
