-1.499999999999984546e+01 2.880501188438571407e-05
-1.394307442116845941e+01 1.792526845845795330e-04
-1.302467515755499861e+01 7.202322338137666455e-04
-1.221920514335648811e+01 1.113224650340810832e-03
-1.150700787033963834e+01 1.831119448942578618e-03
-1.087273853939112733e+01 2.042076460541413039e-03
-1.030424328906179277e+01 2.592173923006087059e-03
-9.791770743284603284e+00 2.820360052921485391e-03
-9.327406333425754426e+00 3.195820885788059045e-03
-8.904659262506948281e+00 3.644412459001870885e-03
-8.518156126042184084e+00 4.078436868881154045e-03
-8.163410383531914505e+00 5.293544301127765805e-03
-7.836646640587201063e+00 6.242942099991240570e-03
-7.534665117411080359e+00 1.271912911388478444e-02
-7.254735975022024164e+00 1.738489861349155549e-02
-6.994516097029166879e+00 2.014233405992995815e-02
-6.751982950306772757e+00 1.999102361176709891e-02
-6.525381570524497299e+00 2.103296017198900622e-02
-6.313181731196434221e+00 1.971766314269257636e-02
-6.114043084875222078e+00 3.000694529088461168e-02
-5.926786597410245605e+00 3.293104781775330059e-02
-5.750370988549687645e+00 4.853044782625963449e-02
-5.583873184308413506e+00 3.509823460238828408e-02
-5.426472006104829937e+00 3.344426811450679216e-02
-5.277434488177201288e+00 4.826593141373315687e-02
-5.136104342104077958e+00 3.500789288107273439e-02
-5.001892185363844057e+00 3.621369868229165623e-02
-4.874267227033040051e+00 4.497908024843721986e-02
-4.752750163264180649e+00 4.781205935272385410e-02
-4.636907082037206251e+00 5.683560877924886262e-02
-4.526344213778932257e+00 4.613701251257044250e-02
-4.420703393996887165e+00 4.860964889397991623e-02
-4.319658127746222931e+00 4.614451378251196306e-02
-4.222910164812799572e+00 5.279874427899566847e-02
-4.130186509927485261e+00 5.162432866784649743e-02
-4.041236804879289934e+00 4.365862397706832265e-02
-3.955831029653007924e+00 5.185048884501063104e-02
-3.873757478137248356e+00 4.950950276082583673e-02
-3.794820970889963174e+00 4.558924580176935970e-02
-3.718841273193658203e+00 5.067909695910460810e-02
-3.645651691406516903e+00 4.573973187194901868e-02
-3.575097824597338825e+00 4.879119426614322852e-02
-3.507036451785127795e+00 4.547936590408335755e-02
-3.441334537903729007e+00 4.694210776274359426e-02
-3.377868343971221154e+00 4.330170158725867718e-02
-3.316522628938475048e+00 4.347136752146264771e-02
-3.257189932382928088e+00 3.931199267385983298e-02
-3.199769928652489437e+00 4.156964851115223930e-02
-3.144168844291917342e+00 4.326847505120537396e-02
-3.090298931633901791e+00 4.189338348821174118e-02
-3.038077992337555155e+00 4.009378305661553954e-02
-2.987428945431346516e+00 4.256387485884485788e-02
-2.938279435084989455e+00 4.217261413259081743e-02
-2.890561473911585910e+00 4.328632061852520641e-02
-2.844211118100896218e+00 4.008555543689144157e-02
-2.799168171118325610e+00 4.102049109843629998e-02
-2.755375913081502315e+00 3.849121316211675387e-02
-2.712780853255288172e+00 3.911519702175213220e-02
-2.671332503393478053e+00 3.966089869144826668e-02
-2.630983169907057384e+00 4.239542984404520709e-02
-2.591687763059467020e+00 3.938322621218595665e-02
-2.553403621583411720e+00 3.963080646485302172e-02
-2.516090351284280491e+00 4.137907225211971685e-02
-2.479709676346002034e+00 4.186605778118197840e-02
-2.444225302188003379e+00 3.933108764599765883e-02
-2.409602788839831256e+00 3.951925622377279457e-02
-2.375809433904203960e+00 4.157701992063558144e-02
-2.342814164271992627e+00 3.885085468786352719e-02
-2.310587435834981385e+00 4.121466557143951825e-02
-2.279101140515614965e+00 4.024084465549820216e-02
-2.248328519998395780e+00 3.937320891345658797e-02
-2.218244085606003058e+00 4.015416355419405142e-02
-2.188823543815516803e+00 3.933832592883319129e-02
-2.160043726956895949e+00 4.231150245480913563e-02
-2.131882528677896183e+00 3.898301591169026081e-02
-2.104318843797272631e+00 4.010523469094898902e-02
-2.077332512202036963e+00 4.042287106209167119e-02
-2.050904266475055859e+00 3.971992549187835370e-02
-2.025015682966774033e+00 3.928872183653455558e-02
-1.999649136049677312e+00 4.209576896815898223e-02
-1.974787755316548266e+00 4.139166187907955541e-02
-1.950415385503824428e+00 4.165420178421428560e-02
-1.926516548939785745e+00 4.113491397460809079e-02
-1.903076410333882196e+00 4.384029403935402885e-02
-1.880080743738695492e+00 4.012499502467182372e-02
-1.857515901529694036e+00 4.411203391232886017e-02
-1.835368785260464763e+00 4.386370194688755941e-02
-1.813626818262426887e+00 4.535535546339791030e-02
-1.792277919868425329e+00 4.747931521386173498e-02
-1.771310481148986149e+00 4.397283556591603110e-02
-1.750713342058705768e+00 4.851214730663328673e-02
-1.730475769898034866e+00 4.821326984279047934e-02
-1.710587439002987376e+00 4.823795952937628279e-02
-1.691038411581845979e+00 4.606508574925881339e-02
-1.671819119624006422e+00 4.834601424081084314e-02
-1.652920347811601687e+00 5.117589867358947331e-02
-1.634333217369665192e+00 4.801698284264481476e-02
-1.616049170795219814e+00 5.105293033856025259e-02
-1.598059957409985854e+00 5.441436979839445881e-02
-1.580357619685341053e+00 5.641990250736290263e-02
-1.562934480291788830e+00 5.399281890586542232e-02
-1.545783129828541158e+00 5.750141520445855442e-02
-1.528896415191895786e+00 5.551416573466824017e-02
-1.512267428543951242e+00 5.696204737953237951e-02
-1.495889496845787869e+00 5.723058230850169154e-02
-1.479756171921722929e+00 6.773088807894188379e-02
-1.463861221023438519e+00 6.180767571150023315e-02
-1.448198617864899784e+00 6.556943891837437033e-02
-1.432762534100851859e+00 6.354725972829880498e-02
-1.417547331223529161e+00 7.032691546647977521e-02
-1.402547552853774304e+00 7.377172256670158634e-02
-1.387757917404398356e+00 6.995225180182376712e-02
-1.373173311094914473e+00 7.420559567548569435e-02
-1.358788781298216675e+00 8.705413483749904757e-02
-1.344599530200890625e+00 8.521052575265514184e-02
-1.330600908760077861e+00 8.536518668107893892e-02
-1.316788410940793463e+00 8.830316219428326063e-02
-1.303157668218648979e+00 8.790920411901195775e-02
-1.289704444333804600e+00 9.725644516916188975e-02
-1.276424630282860795e+00 1.488884171255585032e-01
-1.263314239536187600e+00 1.455748502140224443e-01
-1.250369403468921226e+00 1.573132748960681948e-01
-1.237586366994587683e+00 1.573305066614558156e-01
-1.224961484390919786e+00 1.164095848033893793e-01
-1.212491215308081349e+00 1.188894877733479710e-01
-1.200172120950044441e+00 1.191111366087747730e-01
-1.188000860420426852e+00 1.416484325352873330e-01
-1.175974187224572365e+00 1.290871417392779330e-01
-1.164088945920123352e+00 1.336445113718386923e-01
-1.152342068908791317e+00 1.369040413933464151e-01
-1.140730573362410238e+00 1.394346432266480584e-01
-1.129251558276758605e+00 1.439716966953123733e-01
-1.117902201646994165e+00 1.433674697190951697e-01
-1.106679757758871174e+00 1.536586376723604042e-01
-1.095581554590242757e+00 1.597221410637707506e-01
-1.084604991317632328e+00 1.666127285652514722e-01
-1.073747535922946250e+00 1.544423605604175187e-01
-1.063006722895662781e+00 1.659768385738930041e-01
-1.052380151026073518e+00 1.568474959143306147e-01
-1.041865481285389139e+00 1.563798490599406510e-01
-1.031460434788744385e+00 1.391115888181936877e-01
-1.021162790837329082e+00 1.524742978091371826e-01
-1.010970385036089381e+00 1.495966325526942309e-01
-1.000881107483597043e+00 1.589226200646966791e-01
-9.908929010308823448e-01 1.626918827048305927e-01
-9.810037596061752518e-01 1.631749883788025657e-01
-9.712117266026539797e-01 1.477946261014746743e-01
-9.615148933264523468e-01 2.103120656239778619e-01
-9.519113975022986951e-01 1.510857658265145065e-01
-9.423994218343084706e-01 1.533152565168952597e-01
-9.329771926195575826e-01 1.503697652211498370e-01
-9.236429784121844566e-01 1.492331534428194273e-01
-9.143950887358859303e-01 1.432871735983521355e-01
-9.052318728427537486e-01 1.528117469172388665e-01
-8.961517185165274180e-01 1.567691648153626272e-01
-8.871530509183994662e-01 1.401998741061976916e-01
-8.782343314736150708e-01 1.504094417715346466e-01
-8.693940567971949474e-01 1.466323350284013671e-01
-8.606307576571651241e-01 1.546705042863908142e-01
-8.519429979737824787e-01 1.552768268462182688e-01
-8.433293738532892103e-01 1.486147642349246178e-01
-8.347885126548113544e-01 1.451200717817384411e-01
-8.263190720890765117e-01 1.506819374744726714e-01
-8.179197393476813627e-01 1.557369328500658179e-01
-8.095892302617030412e-01 1.465039049734881693e-01
-8.013262884885015147e-01 1.414035146859251024e-01
-7.931296847256015248e-01 1.753633281043264491e-01
-7.849982159506153634e-01 1.552617762326652939e-01
-7.769307046861815280e-01 1.545215532073047626e-01
-7.689259982889686817e-01 1.534111811109579449e-01
-7.609829682618184377e-01 1.399138633987782876e-01
-7.531005095881461164e-01 1.575473175648829938e-01
-7.452775400877568179e-01 1.517985613338012074e-01
-7.375129997932672321e-01 1.483123131703812103e-01
-7.298058503463653590e-01 1.563401934004282900e-01
-7.221550744131645105e-01 1.554610217472594813e-01
-7.145596751179414952e-01 1.488506205379789005e-01
-7.070186754945858576e-01 1.543045109320455577e-01
-6.995311179551040315e-01 1.548212438022783244e-01
-6.920960637745565691e-01 1.561424987267790720e-01
-6.847125925918331468e-01 1.525626486017409023e-01
-6.773798019256889180e-01 1.482932064022218499e-01
-6.700968067054918764e-01 1.584096081538068357e-01
-6.628627388161604239e-01 1.607598655097621232e-01
-6.556767466567750002e-01 1.618614381127893853e-01
-6.485379947123881550e-01 1.695611127393974182e-01
-6.414456631385582197e-01 1.664867231478482645e-01
-6.343989473581652661e-01 1.672354082792530117e-01
-6.273970576700782509e-01 1.596656672136830546e-01
-6.204392188692551269e-01 1.626114239527308158e-01
-6.135246698778875629e-01 1.558984753518894151e-01
-6.066526633872033614e-01 1.584809404987655435e-01
-5.998224655095604207e-01 1.657660118936640503e-01
-5.930333554404829677e-01 1.609079067577287581e-01
-5.862846251302987755e-01 1.681110848298238702e-01
-5.795755789650526291e-01 1.633287392494098267e-01
-5.729055334563811774e-01 1.684709230670982105e-01
-5.662738169400507449e-01 1.698117835945054943e-01
-5.596797692828653359e-01 1.625318070452517194e-01
-5.531227415976648354e-01 1.741909223106397897e-01
-5.466020959661486156e-01 1.711791590434425525e-01
-5.401172051692616494e-01 1.690699558765758614e-01
-5.336674524248944396e-01 1.807194884268104873e-01
-5.272522311326585109e-01 1.762807848676842815e-01
-5.208709446255063158e-01 1.832703357171221181e-01
-5.145230059279665147e-01 1.844683270426730193e-01
-5.082078375207905729e-01 1.763590376865922238e-01
-5.019248711117934025e-01 1.902438601706125110e-01
-4.956735474126915397e-01 1.819697105098126988e-01
-4.894533159217509533e-01 1.829368007469818758e-01
-4.832636347120513043e-01 1.897800763709198979e-01
-4.771039702251920200e-01 1.760153704780135220e-01
-4.709737970702656540e-01 1.853442082156863124e-01
-4.648725978279327764e-01 1.963973270604253418e-01
-4.587998628594354700e-01 1.894586044735542818e-01
-4.527550901203954981e-01 2.021617362929954698e-01
-4.467377849792463773e-01 1.882788443203625706e-01
-4.407474600401539711e-01 1.916067729245972684e-01
-4.347836349702858816e-01 1.997279723573394949e-01
-4.288458363312943056e-01 1.934388639059525794e-01
-4.229335974148811239e-01 2.060336144368876410e-01
-4.170464580823190492e-01 1.951579496122005375e-01
-4.111839646078065957e-01 2.043563943067573940e-01
-4.053456695255387987e-01 2.097297136508411153e-01
-3.995311314803784430e-01 2.085384463772218533e-01
-3.937399150820194427e-01 2.008167951786015148e-01
-3.879715907625314597e-01 1.963637097079372895e-01
-3.822257346371890074e-01 2.021817706421126792e-01
-3.765019283684747919e-01 2.134735449077082847e-01
-3.707997590331714166e-01 2.064491819386077287e-01
-3.651188189924405858e-01 2.012410857061972536e-01
-3.594587057647975481e-01 2.122852423442074532e-01
-3.538190219019011762e-01 2.156591532197716654e-01
-3.481993748670658695e-01 2.300367916740886087e-01
-3.425993769164140668e-01 2.222079688246428042e-01
-3.370186449825951502e-01 2.189510606870600229e-01
-3.314568005609865864e-01 2.270331726494643210e-01
-3.259134695983023078e-01 2.174038528589267993e-01
-3.203882823835412230e-01 2.251863476373407169e-01
-3.148808734411985277e-01 2.285229531061806763e-01
-3.093908814266739249e-01 2.119031237073216167e-01
-3.039179490238102521e-01 2.149018081257805524e-01
-2.984617228444969572e-01 2.296170817446710755e-01
-2.930218533302758055e-01 2.153586365885960807e-01
-2.875979946558883671e-01 2.320178998538598159e-01
-2.821898046347048883e-01 2.222624954259224406e-01
-2.767969446259778143e-01 2.289459579242001663e-01
-2.714190794438640086e-01 2.410310580312061135e-01
-2.660558772681595463e-01 2.267797811798045182e-01
-2.607070095566988432e-01 2.418582674822575551e-01
-2.553721509593595007e-01 2.314176124849384453e-01
-2.500509792336281789e-01 2.257017474939907453e-01
-2.447431751616790663e-01 2.385366893457112336e-01
-2.394484224689141794e-01 2.387016564317457346e-01
-2.341664077439190861e-01 2.327455994524082750e-01
-2.288968203597947504e-01 2.467850872319533040e-01
-2.236393523968163433e-01 2.421749037190195075e-01
-2.183936985663748609e-01 2.490965411561432974e-01
-2.131595561361681324e-01 2.449796487594684269e-01
-2.079366248565912845e-01 2.508516152740169480e-01
-2.027246068882932184e-01 2.355141781465961426e-01
-1.975232067308573536e-01 2.477479457133149598e-01
-1.923321311525707789e-01 2.505858218473951959e-01
-1.871510891212436467e-01 2.540419033566022056e-01
-1.819797917360435890e-01 2.577201464550247234e-01
-1.768179521603098492e-01 2.573399164381791060e-01
-1.716652855553124635e-01 2.489137168128245925e-01
-1.665215090149229915e-01 2.444442036727607626e-01
-1.613863415011645708e-01 2.514860267564053009e-01
-1.562595037806076281e-01 2.507281760834443318e-01
-1.511407183615816052e-01 2.457901304927372632e-01
-1.460297094321691691e-01 2.587471655287431616e-01
-1.409262027989571786e-01 2.370257975895175839e-01
-1.358299258265084075e-01 2.397570915162652028e-01
-1.307406073775295718e-01 2.580904302487697644e-01
-1.256579777537080167e-01 2.631149179753539680e-01
-1.205817686371829095e-01 2.414562475581734091e-01
-1.155117130326291097e-01 2.660583062815691791e-01
-1.104475452099255434e-01 2.529260505788722413e-01
-1.053890006473798824e-01 2.665162162797063417e-01
-1.003358159754815099e-01 2.569370150212246795e-01
-9.528772892116385562e-02 2.605387680076966528e-01
-9.024447825254262867e-02 2.519123028998120906e-01
-8.520580372410961612e-02 2.626568196431626201e-01
-8.017144602235605488e-02 2.695223670846156883e-01
-7.514114671180081861e-02 2.606796798513086877e-01
-7.011464818139975796e-02 2.630227138517549079e-01
-6.509169359131213028e-02 2.645621933704045414e-01
-6.007202682000037375e-02 2.614444314962431903e-01
-5.505539241164043168e-02 2.731157748229244286e-01
-5.004153552381902792e-02 2.527262251341733656e-01
-4.503020187549407194e-02 2.672715512413619821e-01
-4.002113769519974329e-02 2.607775806030290244e-01
-3.501408966946639723e-02 2.597418155515514027e-01
-3.000880489143913435e-02 2.830587125802764836e-01
-2.500503080967274305e-02 2.660659579648974038e-01
-2.000251517707496776e-02 2.531234115725309874e-01
-1.500100599998219555e-02 2.663423189560293891e-01
-1.000025148734561345e-02 2.848714164508420188e-01
-5.000000000000051278e-03 2.698885109227245338e-01
-4.151058885056183785e-17 2.616597927800602963e-01
4.999999999999968012e-03 2.779115631112026863e-01
1.000025148734597427e-02 2.694221164104880772e-01
1.500100599998233260e-02 2.678785164151433196e-01
2.000251517707488449e-02 2.721882023700396003e-01
2.500503080967310041e-02 2.674942265396947350e-01
3.000880489143927313e-02 2.456183467813822796e-01
3.501408966946631396e-02 2.578918036908672273e-01
4.002113769520009717e-02 2.681580323318761283e-01
4.503020187549421072e-02 2.547709350671340522e-01
5.004153552381894465e-02 2.753682215559508095e-01
5.505539241164034842e-02 2.765085707825142847e-01
6.007202682000051253e-02 2.606534503192344809e-01
6.509169359131226906e-02 2.605262986751810117e-01
7.011464818139967470e-02 2.720266352133559606e-01
7.514114671180095739e-02 2.678093529831762631e-01
8.017144602235619366e-02 2.696630636147348548e-01
8.520580372410954673e-02 2.549853945484087392e-01
9.024447825254276745e-02 2.639119903725720695e-01
9.528772892116399440e-02 2.665599745818587607e-01
1.003358159754814266e-01 2.540251920750157821e-01
1.053890006473800073e-01 2.640126259873680215e-01
1.104475452099259181e-01 2.578268079177243877e-01
1.155117130326290265e-01 2.561926718236410827e-01
1.205817686371828262e-01 2.532908902249288441e-01
1.256579777537083775e-01 2.556303775963164604e-01
1.307406073775296829e-01 2.504958030014367565e-01
1.358299258265082687e-01 2.516492624035362446e-01
1.409262027989575117e-01 2.611674186051570756e-01
1.460297094321692801e-01 2.494650427986919994e-01
1.511407183615814942e-01 2.529887305701927769e-01
1.562595037806079612e-01 2.708779943774171084e-01
1.613863415011646818e-01 2.496457817665231060e-01
1.665215090149231025e-01 2.644592557088714657e-01
1.716652855553127688e-01 2.512528055681589323e-01
1.768179521603099880e-01 2.498645594800046055e-01
1.819797917360437278e-01 2.528921356100877760e-01
1.871510891212435357e-01 2.556618332043635311e-01
1.923321311525708899e-01 2.466445794776359890e-01
1.975232067308574646e-01 2.518984255962843921e-01
2.027246068882931074e-01 2.491440445209243681e-01
2.079366248565913955e-01 2.530706960594933941e-01
2.131595561361682156e-01 2.460083610826150902e-01
2.183936985663747499e-01 2.380433583946553744e-01
2.236393523968162322e-01 2.449343762993839713e-01
2.288968203597950835e-01 2.451310289025600275e-01
2.341664077439189473e-01 2.236683167256228177e-01
2.394484224689140683e-01 2.425781693435324349e-01
2.447431751616793993e-01 2.315387298712405506e-01
2.500509792336280679e-01 2.353560633337580255e-01
2.553721509593593342e-01 2.333197579862514859e-01
2.607070095566991763e-01 2.261831876931333918e-01
2.660558772681596018e-01 2.464862028557704143e-01
2.714190794438638976e-01 2.194414839258430339e-01
2.767969446259781474e-01 2.271220052347593388e-01
2.821898046347049993e-01 2.276244194395887765e-01
2.875979946558884781e-01 2.326416089325738790e-01
2.930218533302761941e-01 2.249079814963771962e-01
2.984617228444970682e-01 2.159421198752113358e-01
3.039179490238103631e-01 2.284701494089594054e-01
3.093908814266742580e-01 2.142254112875664196e-01
3.148808734411986388e-01 2.258294979017818893e-01
3.203882823835413340e-01 2.255627041327082083e-01
3.259134695983026964e-01 2.241822596000101475e-01
3.314568005609867529e-01 2.149635902326620107e-01
3.370186449825955388e-01 2.228100689591643035e-01
3.425993769164139557e-01 2.137446964888909950e-01
3.481993748670657585e-01 2.208331303058469197e-01
3.538190219019015648e-01 2.132883031799926166e-01
3.594587057647973816e-01 2.044130181406522695e-01
3.651188189924404193e-01 2.059272123861642656e-01
3.707997590331718607e-01 1.996683636049080002e-01
3.765019283684746809e-01 2.056955562507118140e-01
3.822257346371888964e-01 2.013631954479313535e-01
3.879715907625317928e-01 2.073955768851020176e-01
3.937399150820192761e-01 1.916776774411960982e-01
3.995311314803785541e-01 2.053276772842560216e-01
4.053456695255391318e-01 2.079727761909417605e-01
4.111839646078068178e-01 2.010606474884267802e-01
4.170464580823191603e-01 1.917596316289681413e-01
4.229335974148815125e-01 1.996779395733393470e-01
4.288458363312944166e-01 1.952793119811876421e-01
4.347836349702859926e-01 2.069042390722656555e-01
4.407474600401543041e-01 1.979711120867066465e-01
4.467377849792464883e-01 1.829510458769821046e-01
4.527550901203956091e-01 1.867574751383226928e-01
4.587998628594356365e-01 1.902613277444940298e-01
4.648725978279326654e-01 1.859711285526808311e-01
4.709737970702658205e-01 1.853498784181367431e-01
4.771039702251921866e-01 1.865227787053909403e-01
4.832636347120511933e-01 1.796270709775661945e-01
4.894533159217510643e-01 1.856717170319474586e-01
4.956735474126913732e-01 1.844196598967672296e-01
5.019248711117932915e-01 1.873023057512678557e-01
5.082078375207910170e-01 1.842694525298014530e-01
5.145230059279664037e-01 1.913687271922055455e-01
5.208709446255060938e-01 1.769670939679912902e-01
5.272522311326588440e-01 1.837812803767357173e-01
5.336674524248943285e-01 1.678811082169361646e-01
5.401172051692617604e-01 1.729052783262245152e-01
5.466020959661491707e-01 1.697237334626831295e-01
5.531227415976649464e-01 1.765053153025080701e-01
5.596797692828657800e-01 1.839749587984711998e-01
5.662738169400510779e-01 1.716676207557701894e-01
5.729055334563810664e-01 1.724395616438892109e-01
5.795755789650528511e-01 1.625116717119845511e-01
5.862846251302993306e-01 1.650836177559634188e-01
5.930333554404833007e-01 1.625527294737866280e-01
5.998224655095604207e-01 1.644211151055907372e-01
6.066526633872036944e-01 1.653559181880608353e-01
6.135246698778876739e-01 1.577681283994360473e-01
6.204392188692554599e-01 1.623868046637124141e-01
6.273970576700789170e-01 1.543262439713830037e-01
6.343989473581657101e-01 1.622687688138331197e-01
6.414456631385582197e-01 1.556385976449611852e-01
6.485379947123885991e-01 1.555940898604686595e-01
6.556767466567751113e-01 1.615410071239566370e-01
6.628627388161606460e-01 1.506039619919589956e-01
6.700968067054920985e-01 1.505706419925583739e-01
6.773798019256893621e-01 1.559571465018902703e-01
6.847125925918335909e-01 1.525496975621595253e-01
6.920960637745565691e-01 1.495401467761202086e-01
6.995311179551041425e-01 1.593248659398153744e-01
7.070186754945865237e-01 1.673090050764372005e-01
7.145596751179416062e-01 1.461690718574620296e-01
7.221550744131648436e-01 1.486932635810479797e-01
7.298058503463658031e-01 1.625004748121645637e-01
7.375129997932668990e-01 1.633231201665600041e-01
7.452775400877571510e-01 1.511650579134700689e-01
7.531005095881470046e-01 1.464317112040922075e-01
7.609829682618186597e-01 1.421886433897240343e-01
7.689259982889686817e-01 1.545619553898672505e-01
7.769307046861817501e-01 1.520471282799060464e-01
7.849982159506154744e-01 1.516077249100057922e-01
7.931296847256019689e-01 1.438865038826536991e-01
8.013262884885021808e-01 1.497959971628866627e-01
8.095892302617037073e-01 1.484733772819988584e-01
8.179197393476813627e-01 1.511398218430422824e-01
8.263190720890769558e-01 1.519558146130938481e-01
8.347885126548114654e-01 1.472201656263236735e-01
8.433293738532896544e-01 1.508903506061557709e-01
8.519429979737834779e-01 1.589868268055162348e-01
8.606307576571655682e-01 1.401509630297210762e-01
8.693940567971949474e-01 1.619163511889383789e-01
8.782343314736156259e-01 1.578899778101613693e-01
8.871530509183995772e-01 1.498932704868030097e-01
8.961517185165281951e-01 1.686047709270671879e-01
9.052318728427538597e-01 1.650819521496195152e-01
9.143950887358863744e-01 1.653746894618242647e-01
9.236429784121850117e-01 1.586090109781833624e-01
9.329771926195572496e-01 1.689604882600268532e-01
9.423994218343089146e-01 1.638860770625699681e-01
9.519113975022994723e-01 1.886309743349630086e-01
9.615148933264527908e-01 1.710007051062701067e-01
9.712117266026539797e-01 1.634793857005244488e-01
9.810037596061752518e-01 1.908116931225522506e-01
9.908929010308823448e-01 1.587536452992745484e-01
1.000881107483597487e+00 1.719205080880133185e-01
1.010970385036090269e+00 2.047714377388170359e-01
1.021162790837329526e+00 1.738202537434697381e-01
1.031460434788744385e+00 1.616636492586228657e-01
1.041865481285389805e+00 1.610588809180228953e-01
1.052380151026073518e+00 1.952156776478041755e-01
1.063006722895663447e+00 1.500882561219680777e-01
1.073747535922947360e+00 1.766273345549164431e-01
1.084604991317632772e+00 1.520799546718011597e-01
1.095581554590242979e+00 1.627663916384237686e-01
1.106679757758872062e+00 1.552158889628168781e-01
1.117902201646994387e+00 1.633827566978011681e-01
1.129251558276759493e+00 1.549643400652903902e-01
1.140730573362411571e+00 1.510536677754953649e-01
1.152342068908791983e+00 1.380568590704254195e-01
1.164088945920123352e+00 1.449607468770299223e-01
1.175974187224572143e+00 1.339200462656290613e-01
1.188000860420427740e+00 1.405194119971582833e-01
1.200172120950045329e+00 1.354891084623513209e-01
1.212491215308081793e+00 1.285210832515442936e-01
1.224961484390919786e+00 1.119608154007681877e-01
1.237586366994588349e+00 1.142204189403126929e-01
1.250369403468921226e+00 1.137437680404447538e-01
1.263314239536188044e+00 1.068982165603853812e-01
1.276424630282862127e+00 1.328834626659199936e-01
1.289704444333804823e+00 9.548719429542883164e-02
1.303157668218648979e+00 1.222865209856757313e-01
1.316788410940794352e+00 8.744532046031222583e-02
1.330600908760077861e+00 8.510601472946788260e-02
1.344599530200891291e+00 8.494709539621955741e-02
1.358788781298217785e+00 8.290087509712230907e-02
1.373173311094915583e+00 7.751650699997530980e-02
1.387757917404398356e+00 7.450473457760278806e-02
1.402547552853775414e+00 7.171858423963818618e-02
1.417547331223529161e+00 6.769016377937848994e-02
1.432762534100853413e+00 6.831650006891351601e-02
1.448198617864900895e+00 6.423098192888876401e-02
1.463861221023438519e+00 6.269695188955126675e-02
1.479756171921722929e+00 6.116860624176243683e-02
1.495889496845789424e+00 5.813056649152379546e-02
1.512267428543952130e+00 5.617542575772146995e-02
1.528896415191897562e+00 5.758373743483707202e-02
1.545783129828541158e+00 5.697729435556488781e-02
1.562934480291788830e+00 5.669907377915891361e-02
1.580357619685341941e+00 5.507606096719051131e-02
1.598059957409985854e+00 5.400525664925630298e-02
1.616049170795220702e+00 5.074047048670924515e-02
1.634333217369666968e+00 5.131572217338152553e-02
1.652920347811602131e+00 4.905490591073147222e-02
1.671819119624006422e+00 5.126117832912886058e-02
1.691038411581847090e+00 5.008233021588919670e-02
1.710587439002987376e+00 4.718280535435345757e-02
1.730475769898035976e+00 4.675365858438972066e-02
1.750713342058707767e+00 4.487897305755893240e-02
1.771310481148987259e+00 4.679945415732533059e-02
1.792277919868425329e+00 4.736523222083875717e-02
1.813626818262428664e+00 4.606674829363689022e-02
1.835368785260464763e+00 4.507760194234668866e-02
1.857515901529695146e+00 4.436304839128949601e-02
1.880080743738695492e+00 4.682360305255222482e-02
1.903076410333882196e+00 4.215587765936402304e-02
1.926516548939786855e+00 4.204603549934810003e-02
1.950415385503826426e+00 4.541603298432427688e-02
1.974787755316548266e+00 4.431076402921733243e-02
1.999649136049679532e+00 4.354811305418616191e-02
2.025015682966774921e+00 4.236779811862653733e-02
2.050904266475055859e+00 4.040643306664577772e-02
2.077332512202038295e+00 4.102287495302800457e-02
2.104318843797274852e+00 4.097442261404927316e-02
2.131882528677897515e+00 3.675478378040011873e-02
2.160043726956898613e+00 3.949477836682480786e-02
2.188823543815518136e+00 4.021270215330029207e-02
2.218244085606003058e+00 3.693739080730034513e-02
2.248328519998397557e+00 3.936356760764446461e-02
2.279101140515614965e+00 3.991931735837402767e-02
2.310587435834983161e+00 4.264048997584101580e-02
2.342814164271995292e+00 4.112172126685378903e-02
2.375809433904205292e+00 4.005410676336048498e-02
2.409602788839831256e+00 3.955333937831340130e-02
2.444225302188005156e+00 4.143225143129893734e-02
2.479709676346002034e+00 4.251004822154563073e-02
2.516090351284283599e+00 4.044376985742976355e-02
2.553403621583411720e+00 4.121391902159914078e-02
2.591687763059467020e+00 4.086834872074111141e-02
2.630983169907057384e+00 4.124673035900032481e-02
2.671332503393481606e+00 4.286441842990351692e-02
2.712780853255288172e+00 4.148469603788510623e-02
2.755375913081506312e+00 4.166138412219869830e-02
2.799168171118327830e+00 4.042775764137514910e-02
2.844211118100896218e+00 4.413865552311595220e-02
2.890561473911588131e+00 4.219189707523673949e-02
2.938279435084994340e+00 4.246957273569067909e-02
2.987428945431348293e+00 4.373961580019181811e-02
3.038077992337560040e+00 4.190241202917668190e-02
3.090298931633904456e+00 4.497713198530309958e-02
3.144168844291917342e+00 4.391358294920540140e-02
3.199769928652491213e+00 4.431198578113138692e-02
3.257189932382928088e+00 4.524171348286355754e-02
3.316522628938477268e+00 4.588054655583358177e-02
3.377868343971226484e+00 4.605132556820195483e-02
3.441334537903732116e+00 4.581901245821405622e-02
3.507036451785127795e+00 4.512048790783525221e-02
3.575097824597341933e+00 4.412441871919619424e-02
3.645651691406516903e+00 4.361865714329522803e-02
3.718841273193660868e+00 4.182072613588735249e-02
3.794820970889963174e+00 4.619513955466812011e-02
3.873757478137244359e+00 4.669476323166694975e-02
3.955831029653007924e+00 4.940386931832724260e-02
4.041236804879297928e+00 4.918109413764028964e-02
4.130186509927489702e+00 4.738055032718070658e-02
4.222910164812807565e+00 4.797366698544435620e-02
4.319658127746227372e+00 4.965186737615890494e-02
4.420703393996887165e+00 5.405710196260771899e-02
4.526344213778937586e+00 5.069246819276686244e-02
4.636907082037216021e+00 4.654202666908985320e-02
4.752750163264185979e+00 3.970987066865364068e-02
4.874267227033050709e+00 4.834590954894334158e-02
5.001892185363850274e+00 4.861578820465160822e-02
5.136104342104077958e+00 4.170632836067086902e-02
5.277434488177208394e+00 4.181499707128812082e-02
5.426472006104844148e+00 4.010142118572233155e-02
5.583873184308420612e+00 3.752371682921169099e-02
5.750370988549687645e+00 2.402254323084275500e-02
5.926786597410237611e+00 3.585724021660125632e-02
6.114043084875222078e+00 2.994044581369734864e-02
6.313181731196443103e+00 2.856857582752806574e-02
6.525381570524497299e+00 2.434627534503857813e-02
6.751982950306783415e+00 2.657700572932289798e-02
6.994516097029166879e+00 2.031315947241277634e-02
7.254735975022011729e+00 1.637886037715444859e-02
7.534665117411080359e+00 9.822978227085329278e-03
7.836646640587228596e+00 5.729526870308975471e-03
8.163410383531928716e+00 5.227228124413558878e-03
8.518156126042216059e+00 3.993994810317040740e-03
8.904659262506966044e+00 3.594754833353073099e-03
9.327406333425754426e+00 3.225346029588369544e-03
9.791770743284624601e+00 2.577154739917782329e-03
1.030424328906184073e+01 2.448489747860338635e-03
1.087273853939115398e+01 2.043525767197084102e-03
1.150700787033969874e+01 1.789321682224107469e-03
1.221920514335652008e+01 1.298078846692998518e-03
1.302467515755499861e+01 6.815572763998834025e-04
1.394307442116850204e+01 2.252796626211643681e-04
1.499999999999984546e+01 3.580053306353876789e-05
