-1.499999999999984546e+01 8.457115602501888511e-09
-1.394307442116845941e+01 1.051574304005444319e-09
-1.302467515755499861e+01 1.220859659245013143e-08
-1.221920514335648811e+01 1.692874824029207159e-08
-1.150700787033963834e+01 9.273704188493498333e-09
-1.087273853939112733e+01 3.258917120997062980e-09
-1.030424328906179277e+01 1.024364303299148758e-08
-9.791770743284603284e+00 3.812962958606353268e-09
-9.327406333425754426e+00 5.875310050244263195e-09
-8.904659262506948281e+00 1.637220789877999567e-08
-8.518156126042184084e+00 7.544229562695191648e-10
-8.163410383531914505e+00 9.431879367760254418e-09
-7.836646640587201063e+00 5.658752667038847500e-10
-7.534665117411080359e+00 1.338014890867314508e-08
-7.254735975022024164e+00 2.209619873547547387e-09
-6.994516097029166879e+00 6.476534316843975898e-09
-6.751982950306772757e+00 7.246348275343123381e-10
-6.525381570524497299e+00 1.220641091989866727e-08
-6.313181731196434221e+00 1.277609187276841607e-08
-6.114043084875222078e+00 4.107409701222763086e-09
-5.926786597410245605e+00 1.780806309211787533e-09
-5.750370988549687645e+00 9.172199549338435099e-09
-5.583873184308413506e+00 1.292006617980518984e-09
-5.426472006104829937e+00 1.928572411168367255e-09
-5.277434488177201288e+00 1.346783918931008712e-09
-5.136104342104077958e+00 4.244698005942027753e-09
-5.001892185363844057e+00 1.021257080852542205e-08
-4.874267227033040051e+00 2.865322284365487052e-09
-4.752750163264180649e+00 7.146305754399714737e-09
-4.636907082037206251e+00 1.465176680340125705e-09
-4.526344213778932257e+00 2.958164586798949606e-09
-4.420703393996887165e+00 3.084743595689104552e-09
-4.319658127746222931e+00 1.893340246430712261e-08
-4.222910164812799572e+00 1.659969322384487534e-08
-4.130186509927485261e+00 5.824035809593317716e-09
-4.041236804879289934e+00 4.083325116492783958e-10
-3.955831029653007924e+00 8.965025537655221302e-09
-3.873757478137248356e+00 7.161251912146011208e-09
-3.794820970889963174e+00 3.571447603937329844e-10
-3.718841273193658203e+00 9.141418522390867622e-09
-3.645651691406516903e+00 8.534405869557027935e-09
-3.575097824597338825e+00 1.495870169908294557e-08
-3.507036451785127795e+00 6.255116811208234040e-10
-3.441334537903729007e+00 1.494287901611514065e-09
-3.377868343971221154e+00 3.736720925726022153e-08
-3.316522628938475048e+00 1.029088791433499863e-08
-3.257189932382928088e+00 3.902902807701829775e-09
-3.199769928652489437e+00 2.612316609288823534e-10
-3.144168844291917342e+00 6.832773014636153917e-09
-3.090298931633901791e+00 4.716148928781349219e-09
-3.038077992337555155e+00 7.078983920547543501e-10
-2.987428945431346516e+00 1.827630543675829085e-09
-2.938279435084989455e+00 4.681670471539508697e-09
-2.890561473911585910e+00 8.068856838406677441e-09
-2.844211118100896218e+00 1.363517916585452220e-08
-2.799168171118325610e+00 2.921156597084847215e-09
-2.755375913081502315e+00 6.227219588611768381e-09
-2.712780853255288172e+00 5.960218519150151272e-09
-2.671332503393478053e+00 7.413735471668272713e-09
-2.630983169907057384e+00 5.688999826663580201e-09
-2.591687763059467020e+00 1.774205522356840924e-08
-2.553403621583411720e+00 2.893441870870661098e-10
-2.516090351284280491e+00 1.634743589425751603e-08
-2.479709676346002034e+00 1.134855148291578440e-09
-2.444225302188003379e+00 5.627181569406701567e-09
-2.409602788839831256e+00 2.835676865621765225e-08
-2.375809433904203960e+00 1.927225191766173679e-08
-2.342814164271992627e+00 1.279273131102836436e-09
-2.310587435834981385e+00 1.418043986526002713e-09
-2.279101140515614965e+00 2.341713702598921199e-08
-2.248328519998395780e+00 3.930324920159930870e-08
-2.218244085606003058e+00 1.847768732892461641e-09
-2.188823543815516803e+00 6.308293360075544932e-08
-2.160043726956895949e+00 1.242937027923494320e-08
-2.131882528677896183e+00 2.735141533153926475e-09
-2.104318843797272631e+00 2.472418182470813499e-09
-2.077332512202036963e+00 1.602338454965773246e-08
-2.050904266475055859e+00 1.576160116983594349e-08
-2.025015682966774033e+00 1.253620501480183430e-08
-1.999649136049677312e+00 1.923888322757024439e-09
-1.974787755316548266e+00 2.249904243024816407e-09
-1.950415385503824428e+00 1.529735561877105624e-08
-1.926516548939785745e+00 9.399080778269852419e-09
-1.903076410333882196e+00 9.864199896660958780e-10
-1.880080743738695492e+00 4.467477689738868150e-08
-1.857515901529694036e+00 1.701621172263135513e-08
-1.835368785260464763e+00 1.197032100885610706e-08
-1.813626818262426887e+00 5.120575211368575365e-09
-1.792277919868425329e+00 3.146744495428090636e-08
-1.771310481148986149e+00 3.327332684803757391e-09
-1.750713342058705768e+00 1.454462430587841516e-09
-1.730475769898034866e+00 8.239772447300199038e-09
-1.710587439002987376e+00 1.729501268669423018e-08
-1.691038411581845979e+00 6.384639463423962422e-09
-1.671819119624006422e+00 2.084361069452806580e-08
-1.652920347811601687e+00 1.046033307585230597e-08
-1.634333217369665192e+00 3.399835144728761998e-10
-1.616049170795219814e+00 1.477088199240435363e-08
-1.598059957409985854e+00 5.752549220671607991e-10
-1.580357619685341053e+00 7.051182495469222435e-09
-1.562934480291788830e+00 1.994205917128227421e-08
-1.545783129828541158e+00 6.749268982533783055e-09
-1.528896415191895786e+00 2.423916118276314551e-08
-1.512267428543951242e+00 1.960177894463919195e-08
-1.495889496845787869e+00 6.488949138484589307e-09
-1.479756171921722929e+00 5.722331981111168424e-08
-1.463861221023438519e+00 8.978418125652988372e-08
-1.448198617864899784e+00 1.811007317450299626e-08
-1.432762534100851859e+00 8.773984592180486048e-09
-1.417547331223529161e+00 7.906406677344502797e-09
-1.402547552853774304e+00 5.972686009886162028e-08
-1.387757917404398356e+00 1.290609645804232144e-08
-1.373173311094914473e+00 5.326105207687931721e-08
-1.358788781298216675e+00 4.817903585375674647e-09
-1.344599530200890625e+00 4.327529562549040138e-09
-1.330600908760077861e+00 1.994813516758504613e-09
-1.316788410940793463e+00 8.831250025738701909e-08
-1.303157668218648979e+00 4.914286241947489007e-09
-1.289704444333804600e+00 5.992572501801416575e-08
-1.276424630282860795e+00 3.009516984388785512e-07
-1.263314239536187600e+00 5.590447532381282566e-08
-1.250369403468921226e+00 2.509880303836792107e-08
-1.237586366994587683e+00 2.031330286660723177e-08
-1.224961484390919786e+00 8.332108640826064566e-09
-1.212491215308081349e+00 3.436746646582497751e-08
-1.200172120950044441e+00 6.712222081811877724e-08
-1.188000860420426852e+00 3.197626840885884706e-08
-1.175974187224572365e+00 5.379735112748763493e-08
-1.164088945920123352e+00 4.825354459148918525e-08
-1.152342068908791317e+00 6.963765947554389591e-08
-1.140730573362410238e+00 3.323639871491535056e-08
-1.129251558276758605e+00 1.593888906775650241e-07
-1.117902201646994165e+00 5.542908298774411771e-08
-1.106679757758871174e+00 1.117099999892978007e-08
-1.095581554590242757e+00 1.901969631132640716e-08
-1.084604991317632328e+00 1.404862655900262235e-07
-1.073747535922946250e+00 1.200979243057081238e-07
-1.063006722895662781e+00 5.765613598392466256e-07
-1.052380151026073518e+00 2.275431559108048878e-06
-1.041865481285389139e+00 1.267863700313356155e-05
-1.031460434788744385e+00 3.182422264196416281e-05
-1.021162790837329082e+00 1.013161306262357704e-04
-1.010970385036089381e+00 3.464712196467251214e-04
-1.000881107483597043e+00 1.134699971907096117e-03
-9.908929010308823448e-01 3.884089202946707474e-03
-9.810037596061752518e-01 1.073996396727836845e-02
-9.712117266026539797e-01 2.747971640815235345e-02
-9.615148933264523468e-01 6.810844391985804158e-02
-9.519113975022986951e-01 1.515797173458637015e-01
-9.423994218343084706e-01 4.144414214024547682e-01
-9.329771926195575826e-01 8.167311748902321700e-01
-9.236429784121844566e-01 1.743986550728984009e+00
-9.143950887358859303e-01 2.995463759956726424e+00
-9.052318728427537486e-01 4.204349254518720436e+00
-8.961517185165274180e-01 5.967425205405377575e+00
-8.871530509183994662e-01 7.370216032129723871e+00
-8.782343314736150708e-01 8.457496901026281932e+00
-8.693940567971949474e-01 9.328200923919991894e+00
-8.606307576571651241e-01 9.847765589391684671e+00
-8.519429979737824787e-01 9.365003569677897488e+00
-8.433293738532892103e-01 9.038074129175948102e+00
-8.347885126548113544e-01 8.418853735348656997e+00
-8.263190720890765117e-01 6.521358856773544765e+00
-8.179197393476813627e-01 5.295754908313552889e+00
-8.095892302617030412e-01 4.252977887431098836e+00
-8.013262884885015147e-01 3.052499578500264654e+00
-7.931296847256015248e-01 1.960945845582808822e+00
-7.849982159506153634e-01 9.258588369048897926e-01
-7.769307046861815280e-01 6.186359853455196678e-01
-7.689259982889686817e-01 1.769787389998203897e-01
-7.609829682618184377e-01 7.630763408813427684e-02
-7.531005095881461164e-01 2.812216633658330342e-02
-7.452775400877568179e-01 1.075279467037655416e-02
-7.375129997932672321e-01 3.783647453356516182e-03
-7.298058503463653590e-01 1.023946923703198970e-03
-7.221550744131645105e-01 4.382003831154137143e-04
-7.145596751179414952e-01 9.569971730528936422e-05
-7.070186754945858576e-01 2.606036890006805637e-05
-6.995311179551040315e-01 5.469749307888511033e-06
-6.920960637745565691e-01 1.095734844007165820e-06
-6.847125925918331468e-01 7.938507165933903420e-08
-6.773798019256889180e-01 2.583310492479998166e-07
-6.700968067054918764e-01 1.734602872670376309e-06
-6.628627388161604239e-01 1.766341411649187977e-07
-6.556767466567750002e-01 9.142979990457589651e-09
-6.485379947123881550e-01 1.355769665675037427e-08
-6.414456631385582197e-01 3.626076838971946371e-08
-6.343989473581652661e-01 2.453160093223660265e-08
-6.273970576700782509e-01 1.638748952582613577e-08
-6.204392188692551269e-01 1.257160547431651048e-07
-6.135246698778875629e-01 9.163004612676197659e-08
-6.066526633872033614e-01 8.408223270224198819e-08
-5.998224655095604207e-01 5.838788441979485822e-08
-5.930333554404829677e-01 3.654630865392462304e-09
-5.862846251302987755e-01 2.061297612851013772e-08
-5.795755789650526291e-01 1.121167102173427557e-08
-5.729055334563811774e-01 2.706641398868120982e-08
-5.662738169400507449e-01 2.670548834155062722e-08
-5.596797692828653359e-01 2.441988899789884277e-08
-5.531227415976648354e-01 8.391274179059112374e-08
-5.466020959661486156e-01 4.191624324040728425e-08
-5.401172051692616494e-01 4.699384291597416294e-10
-5.336674524248944396e-01 8.736046301747630283e-09
-5.272522311326585109e-01 1.267811304919488186e-08
-5.208709446255063158e-01 3.530127453782993013e-08
-5.145230059279665147e-01 2.504244161773126030e-08
-5.082078375207905729e-01 4.226550816237037088e-09
-5.019248711117934025e-01 2.060042564979013769e-08
-4.956735474126915397e-01 3.859165123116393732e-08
-4.894533159217509533e-01 8.548498522514802712e-08
-4.832636347120513043e-01 6.063701707537231136e-08
-4.771039702251920200e-01 3.099827158520119415e-08
-4.709737970702656540e-01 2.915809966857107985e-08
-4.648725978279327764e-01 4.330461756377541197e-08
-4.587998628594354700e-01 2.519479637070660586e-08
-4.527550901203954981e-01 1.375795713787775605e-08
-4.467377849792463773e-01 2.857883886033717662e-08
-4.407474600401539711e-01 7.156129197907163084e-09
-4.347836349702858816e-01 6.509637063613903629e-08
-4.288458363312943056e-01 1.965424113800320282e-08
-4.229335974148811239e-01 4.735260279305110682e-08
-4.170464580823190492e-01 1.096283480803161661e-07
-4.111839646078065957e-01 5.472452992012545258e-09
-4.053456695255387987e-01 2.911066617043116959e-08
-3.995311314803784430e-01 2.557417020142572112e-08
-3.937399150820194427e-01 2.934500690561858091e-08
-3.879715907625314597e-01 2.048059948802953479e-09
-3.822257346371890074e-01 1.949378151282406945e-08
-3.765019283684747919e-01 5.140839145561731674e-08
-3.707997590331714166e-01 3.916994198225816772e-08
-3.651188189924405858e-01 5.774879043811900637e-09
-3.594587057647975481e-01 2.220510320321594500e-08
-3.538190219019011762e-01 2.331122102716107469e-08
-3.481993748670658695e-01 1.579120027057215130e-08
-3.425993769164140668e-01 6.159219600630777115e-08
-3.370186449825951502e-01 2.543031682196774504e-08
-3.314568005609865864e-01 9.899211502593397589e-09
-3.259134695983023078e-01 6.605433730779821088e-09
-3.203882823835412230e-01 6.837244811673026783e-08
-3.148808734411985277e-01 9.799229738142086544e-09
-3.093908814266739249e-01 5.136657638739076640e-09
-3.039179490238102521e-01 1.587990847776654273e-08
-2.984617228444969572e-01 3.002487868457564111e-08
-2.930218533302758055e-01 5.732110983967978731e-08
-2.875979946558883671e-01 6.322340765249095001e-09
-2.821898046347048883e-01 3.769597539535847547e-09
-2.767969446259778143e-01 1.776975300951820549e-08
-2.714190794438640086e-01 2.646210526605697556e-08
-2.660558772681595463e-01 6.456447069774264178e-08
-2.607070095566988432e-01 9.596600948139665035e-09
-2.553721509593595007e-01 2.047855904589460353e-08
-2.500509792336281789e-01 5.479928454641106558e-09
-2.447431751616790663e-01 1.230733176460130416e-08
-2.394484224689141794e-01 5.145205604342392596e-08
-2.341664077439190861e-01 3.483955106204355164e-09
-2.288968203597947504e-01 2.045862610188618324e-11
-2.236393523968163433e-01 2.594150236082836760e-08
-2.183936985663748609e-01 3.496371910452421083e-09
-2.131595561361681324e-01 3.736278211050273223e-09
-2.079366248565912845e-01 2.450280800362366927e-09
-2.027246068882932184e-01 2.245878898735543761e-08
-1.975232067308573536e-01 1.628925564325101758e-08
-1.923321311525707789e-01 3.774369873019069469e-08
-1.871510891212436467e-01 2.443637384101683721e-08
-1.819797917360435890e-01 1.411427215848724673e-08
-1.768179521603098492e-01 3.033023235668551663e-08
-1.716652855553124635e-01 4.203187245205446714e-09
-1.665215090149229915e-01 2.158043196840592658e-09
-1.613863415011645708e-01 2.171292479550144751e-08
-1.562595037806076281e-01 6.256731562976032563e-09
-1.511407183615816052e-01 3.165768383691141260e-08
-1.460297094321691691e-01 7.006344762996327487e-10
-1.409262027989571786e-01 1.605666054629499147e-08
-1.358299258265084075e-01 1.246254759684744119e-09
-1.307406073775295718e-01 1.101338124437560927e-08
-1.256579777537080167e-01 1.553467036052169416e-08
-1.205817686371829095e-01 5.921521347516906843e-10
-1.155117130326291097e-01 1.164529993711453929e-08
-1.104475452099255434e-01 2.451291955013833027e-08
-1.053890006473798824e-01 2.348839607598768846e-08
-1.003358159754815099e-01 6.814627544011372543e-09
-9.528772892116385562e-02 3.396207363148352009e-09
-9.024447825254262867e-02 2.326288381215339477e-08
-8.520580372410961612e-02 1.022016807884478024e-08
-8.017144602235605488e-02 3.740034939808015310e-08
-7.514114671180081861e-02 1.638898240605680477e-08
-7.011464818139975796e-02 1.951471282712152594e-08
-6.509169359131213028e-02 2.848986053890495702e-08
-6.007202682000037375e-02 1.613505316807963185e-08
-5.505539241164043168e-02 8.536457450601048171e-10
-5.004153552381902792e-02 5.051494475679298334e-08
-4.503020187549407194e-02 1.615906323396423408e-08
-4.002113769519974329e-02 6.348827395239609369e-09
-3.501408966946639723e-02 8.803641957564525147e-09
-3.000880489143913435e-02 3.503080259466335933e-08
-2.500503080967274305e-02 3.636834778504470208e-09
-2.000251517707496776e-02 7.040359824545884276e-10
-1.500100599998219555e-02 3.175132408832436879e-08
-1.000025148734561345e-02 5.796773842968253850e-10
-5.000000000000051278e-03 6.835150882907488680e-09
-4.151058885056183785e-17 3.288433209740923740e-08
4.999999999999968012e-03 2.380684606643215538e-08
1.000025148734597427e-02 5.222160039502863893e-09
1.500100599998233260e-02 5.458940373127678220e-09
2.000251517707488449e-02 6.103144600283625236e-09
2.500503080967310041e-02 4.442468991049616213e-09
3.000880489143927313e-02 2.599393381996015581e-09
3.501408966946631396e-02 2.775477208071020886e-08
4.002113769520009717e-02 1.520534315077805488e-08
4.503020187549421072e-02 7.072946577795381407e-08
5.004153552381894465e-02 1.777340420400034259e-09
5.505539241164034842e-02 1.323302455809096177e-08
6.007202682000051253e-02 8.581322074984765542e-09
6.509169359131226906e-02 9.266923161301220142e-09
7.011464818139967470e-02 5.557107652796638227e-09
7.514114671180095739e-02 2.623297747986036743e-08
8.017144602235619366e-02 1.483618392896608697e-08
8.520580372410954673e-02 5.551057709099659804e-09
9.024447825254276745e-02 1.921021893147476817e-10
9.528772892116399440e-02 4.294425943469076101e-08
1.003358159754814266e-01 2.052496826535923764e-09
1.053890006473800073e-01 2.619716557378241728e-08
1.104475452099259181e-01 2.546988246053932211e-08
1.155117130326290265e-01 3.109257241817678631e-08
1.205817686371828262e-01 6.359529442632979011e-09
1.256579777537083775e-01 1.711794773243403276e-08
1.307406073775296829e-01 1.413486165363876280e-08
1.358299258265082687e-01 2.413915114279516720e-08
1.409262027989575117e-01 6.167712805561675053e-09
1.460297094321692801e-01 8.990274132297934841e-09
1.511407183615814942e-01 2.388780417453568062e-08
1.562595037806079612e-01 1.247429913669135378e-08
1.613863415011646818e-01 5.652067569693622677e-09
1.665215090149231025e-01 9.083089245257514310e-09
1.716652855553127688e-01 1.265088951500285744e-08
1.768179521603099880e-01 7.172253348411502363e-09
1.819797917360437278e-01 8.902708489833128155e-09
1.871510891212435357e-01 1.767709181209661604e-08
1.923321311525708899e-01 2.641696435876698486e-08
1.975232067308574646e-01 6.952941885269210275e-09
2.027246068882931074e-01 2.565203496181233178e-08
2.079366248565913955e-01 7.918033693333803706e-09
2.131595561361682156e-01 1.248431306458074494e-08
2.183936985663747499e-01 3.976313498143000382e-10
2.236393523968162322e-01 1.303882929667178786e-08
2.288968203597950835e-01 7.490239666527754236e-09
2.341664077439189473e-01 3.066831368506116724e-08
2.394484224689140683e-01 2.008710524991026524e-08
2.447431751616793993e-01 3.176397826131177388e-10
2.500509792336280679e-01 2.280885900666734049e-10
2.553721509593593342e-01 7.690663206936251248e-10
2.607070095566991763e-01 6.919224533284825754e-09
2.660558772681596018e-01 3.344516300869601252e-08
2.714190794438638976e-01 1.679736445611092846e-08
2.767969446259781474e-01 2.630188544777509947e-10
2.821898046347049993e-01 6.912809795913416107e-09
2.875979946558884781e-01 8.439273403259782934e-09
2.930218533302761941e-01 1.940901953760256843e-08
2.984617228444970682e-01 7.390880929065644312e-09
3.039179490238103631e-01 8.404803988653512462e-09
3.093908814266742580e-01 6.720462548614033406e-09
3.148808734411986388e-01 5.424321332592564851e-09
3.203882823835413340e-01 2.526431201217157954e-08
3.259134695983026964e-01 5.500056342651112582e-09
3.314568005609867529e-01 1.198557854676402585e-08
3.370186449825955388e-01 1.283798083943481269e-08
3.425993769164139557e-01 8.115683837996898584e-09
3.481993748670657585e-01 1.468708508917923029e-09
3.538190219019015648e-01 6.956037432122885659e-09
3.594587057647973816e-01 4.857967845209463785e-09
3.651188189924404193e-01 3.777963205874184074e-09
3.707997590331718607e-01 1.100671246299371939e-08
3.765019283684746809e-01 2.702214909618698350e-09
3.822257346371888964e-01 7.098833565356265904e-09
3.879715907625317928e-01 2.476955656696684372e-08
3.937399150820192761e-01 1.213606112371612999e-08
3.995311314803785541e-01 9.862031300040618821e-09
4.053456695255391318e-01 1.910470737236341337e-08
4.111839646078068178e-01 2.387703356093924119e-09
4.170464580823191603e-01 5.234959063133591186e-09
4.229335974148815125e-01 9.464477459504270899e-09
4.288458363312944166e-01 1.331412895201531957e-08
4.347836349702859926e-01 1.854640672877125254e-08
4.407474600401543041e-01 2.461266252449544842e-08
4.467377849792464883e-01 5.171601928359369066e-09
4.527550901203956091e-01 4.582275593920125990e-13
4.587998628594356365e-01 8.251523920251166927e-10
4.648725978279326654e-01 1.369816567930663059e-08
4.709737970702658205e-01 1.158668766666455464e-08
4.771039702251921866e-01 2.457884582285411863e-09
4.832636347120511933e-01 2.390581545314643361e-09
4.894533159217510643e-01 2.585944380211850815e-09
4.956735474126913732e-01 2.231162966348360658e-08
5.019248711117932915e-01 1.102283594005580870e-09
5.082078375207910170e-01 3.600692648004879156e-08
5.145230059279664037e-01 4.140563545742970723e-09
5.208709446255060938e-01 1.786879308381083592e-08
5.272522311326588440e-01 8.007234960310769725e-09
5.336674524248943285e-01 3.238593504728771739e-08
5.401172051692617604e-01 3.642404399289120642e-08
5.466020959661491707e-01 1.794868049813350319e-08
5.531227415976649464e-01 1.468947897218921061e-08
5.596797692828657800e-01 9.500208075644461814e-09
5.662738169400510779e-01 6.835031833422475714e-09
5.729055334563810664e-01 3.964234585453670229e-09
5.795755789650528511e-01 3.513199276806628636e-09
5.862846251302993306e-01 2.044030575242399695e-08
5.930333554404833007e-01 5.533102634462538263e-09
5.998224655095604207e-01 6.090980568270899540e-09
6.066526633872036944e-01 7.239643312912675914e-09
6.135246698778876739e-01 1.386954110361565485e-08
6.204392188692554599e-01 7.412400609910839145e-08
6.273970576700789170e-01 6.557057771553568742e-09
6.343989473581657101e-01 5.440166056419423057e-09
6.414456631385582197e-01 9.253676480080090391e-09
6.485379947123885991e-01 2.355137068620238102e-09
6.556767466567751113e-01 2.052610989444848147e-09
6.628627388161606460e-01 3.363717182290329829e-09
6.700968067054920985e-01 9.329602913931374859e-10
6.773798019256893621e-01 1.148914759673000804e-08
6.847125925918335909e-01 5.520948641785161421e-10
6.920960637745565691e-01 2.884966218176981787e-08
6.995311179551041425e-01 4.367615065150690075e-09
7.070186754945865237e-01 4.678716034413519813e-09
7.145596751179416062e-01 1.060196140509116648e-08
7.221550744131648436e-01 2.842851898925649038e-08
7.298058503463658031e-01 1.370622330014741400e-09
7.375129997932668990e-01 2.302569043594699080e-08
7.452775400877571510e-01 3.463490799245289928e-08
7.531005095881470046e-01 3.647451422310114416e-09
7.609829682618186597e-01 1.753932279047009791e-08
7.689259982889686817e-01 2.124774088817907739e-08
7.769307046861817501e-01 4.621246726382956785e-09
7.849982159506154744e-01 1.085685534095523190e-08
7.931296847256019689e-01 3.265350352391150650e-09
8.013262884885021808e-01 8.695777922445838004e-09
8.095892302617037073e-01 2.274752757922018530e-08
8.179197393476813627e-01 2.867989973014640437e-08
8.263190720890769558e-01 3.792700790316300659e-08
8.347885126548114654e-01 7.189159680360189841e-09
8.433293738532896544e-01 1.632323039557803536e-08
8.519429979737834779e-01 2.337753751197900705e-09
8.606307576571655682e-01 4.352118294984206905e-08
8.693940567971949474e-01 3.298226195975242014e-09
8.782343314736156259e-01 1.437681856358565196e-10
8.871530509183995772e-01 6.076079321935663267e-09
8.961517185165281951e-01 2.697002675582713708e-09
9.052318728427538597e-01 5.773279984065898826e-10
9.143950887358863744e-01 6.639665855535443780e-08
9.236429784121850117e-01 8.328532392754636841e-09
9.329771926195572496e-01 2.582704307068315978e-08
9.423994218343089146e-01 4.503857826062194128e-09
9.519113975022994723e-01 1.407355901586875451e-08
9.615148933264527908e-01 7.567695084363858570e-09
9.712117266026539797e-01 6.379190998052629978e-09
9.810037596061752518e-01 1.214071637908349570e-08
9.908929010308823448e-01 9.305826941179310910e-09
1.000881107483597487e+00 1.567972035976820048e-09
1.010970385036090269e+00 3.063384642158141901e-08
1.021162790837329526e+00 9.943479726392515124e-09
1.031460434788744385e+00 6.210359892749286732e-09
1.041865481285389805e+00 1.756830727034642462e-10
1.052380151026073518e+00 4.031356983036664539e-08
1.063006722895663447e+00 2.716256210593666035e-09
1.073747535922947360e+00 2.313776048478265594e-08
1.084604991317632772e+00 1.572361636764784709e-08
1.095581554590242979e+00 9.802864288448316788e-09
1.106679757758872062e+00 1.211738149517775980e-08
1.117902201646994387e+00 2.612332561107774797e-09
1.129251558276759493e+00 9.891816960123094786e-09
1.140730573362411571e+00 7.928169449479950063e-09
1.152342068908791983e+00 1.579342577320535806e-08
1.164088945920123352e+00 1.652870744022401774e-08
1.175974187224572143e+00 1.010127384884501205e-08
1.188000860420427740e+00 2.465232850505527972e-09
1.200172120950045329e+00 1.895283039846633757e-08
1.212491215308081793e+00 1.512200938405726932e-08
1.224961484390919786e+00 1.898484863169621341e-08
1.237586366994588349e+00 3.513418124195981555e-10
1.250369403468921226e+00 1.486610834523386426e-08
1.263314239536188044e+00 5.220664098291961067e-09
1.276424630282862127e+00 9.012122017828783655e-09
1.289704444333804823e+00 4.457640983107862800e-08
1.303157668218648979e+00 1.107114467639899375e-08
1.316788410940794352e+00 6.793983441769967330e-09
1.330600908760077861e+00 1.106022932906176965e-08
1.344599530200891291e+00 3.468945419057498796e-09
1.358788781298217785e+00 1.132167231103337523e-08
1.373173311094915583e+00 2.922203808391930196e-09
1.387757917404398356e+00 1.153887636066850678e-08
1.402547552853775414e+00 7.757027355341299629e-10
1.417547331223529161e+00 2.079098707414044631e-08
1.432762534100853413e+00 4.771665706704880165e-09
1.448198617864900895e+00 1.264187069028745216e-08
1.463861221023438519e+00 2.937313900171100888e-08
1.479756171921722929e+00 1.290273952250010789e-08
1.495889496845789424e+00 4.594811300778469785e-09
1.512267428543952130e+00 1.838929858658238201e-08
1.528896415191897562e+00 4.365142866593788781e-09
1.545783129828541158e+00 1.132024255199730552e-08
1.562934480291788830e+00 1.696959158948745550e-08
1.580357619685341941e+00 2.422373682112456615e-08
1.598059957409985854e+00 1.171809976148665745e-08
1.616049170795220702e+00 2.511523906955220826e-09
1.634333217369666968e+00 2.554276993593939315e-08
1.652920347811602131e+00 6.395678367387990647e-09
1.671819119624006422e+00 5.203209326813920371e-08
1.691038411581847090e+00 2.250610849581572309e-08
1.710587439002987376e+00 1.311737221642962225e-08
1.730475769898035976e+00 1.354011316692968687e-08
1.750713342058707767e+00 6.991024180706108798e-09
1.771310481148987259e+00 4.087749966551274071e-09
1.792277919868425329e+00 4.033461277403354907e-09
1.813626818262428664e+00 1.188613534376260388e-08
1.835368785260464763e+00 2.115791141406484459e-08
1.857515901529695146e+00 8.221320814797176875e-09
1.880080743738695492e+00 6.631766170314602266e-09
1.903076410333882196e+00 1.338458160288579431e-08
1.926516548939786855e+00 1.647441143561976990e-09
1.950415385503826426e+00 4.027367658821622321e-10
1.974787755316548266e+00 2.725092563789986693e-08
1.999649136049679532e+00 1.688703350348738688e-08
2.025015682966774921e+00 3.914520143368080151e-09
2.050904266475055859e+00 8.354370920370970997e-09
2.077332512202038295e+00 1.912325537495728291e-08
2.104318843797274852e+00 1.353214622685922479e-08
2.131882528677897515e+00 1.356435491640703865e-08
2.160043726956898613e+00 1.480774797824589937e-08
2.188823543815518136e+00 7.550701959662663376e-09
2.218244085606003058e+00 2.759549117334586932e-08
2.248328519998397557e+00 1.550609464759672061e-08
2.279101140515614965e+00 5.813074914871045998e-09
2.310587435834983161e+00 1.655483712859314333e-08
2.342814164271995292e+00 1.556644839784505146e-08
2.375809433904205292e+00 2.314865876226576229e-08
2.409602788839831256e+00 1.013782019949023848e-09
2.444225302188005156e+00 1.793532209124750919e-08
2.479709676346002034e+00 2.862744533474644973e-08
2.516090351284283599e+00 2.449773411812045839e-08
2.553403621583411720e+00 1.960863761290549395e-08
2.591687763059467020e+00 7.777395351010123404e-09
2.630983169907057384e+00 3.322559463027851851e-09
2.671332503393481606e+00 1.310218672941485898e-08
2.712780853255288172e+00 9.719474795061243727e-09
2.755375913081506312e+00 1.956183469186837649e-08
2.799168171118327830e+00 7.392789258364890658e-09
2.844211118100896218e+00 5.039038571841400867e-09
2.890561473911588131e+00 2.299883093785880962e-08
2.938279435084994340e+00 1.408566304449709544e-08
2.987428945431348293e+00 1.448567323620070241e-08
3.038077992337560040e+00 1.658561497355359995e-08
3.090298931633904456e+00 1.853362988736247874e-08
3.144168844291917342e+00 9.238362652479871296e-09
3.199769928652491213e+00 9.426789241534883877e-09
3.257189932382928088e+00 2.360860952348260817e-08
3.316522628938477268e+00 3.376681921450777765e-08
3.377868343971226484e+00 9.424816539251673298e-09
3.441334537903732116e+00 9.213087880385616447e-09
3.507036451785127795e+00 6.700901250188090982e-08
3.575097824597341933e+00 2.270569394068174672e-09
3.645651691406516903e+00 3.237630174761488850e-08
3.718841273193660868e+00 1.363500367775028961e-08
3.794820970889963174e+00 3.648304909266801394e-08
3.873757478137244359e+00 6.592825074961443077e-08
3.955831029653007924e+00 1.941098144327507037e-08
4.041236804879297928e+00 4.381455004554179289e-10
4.130186509927489702e+00 1.682678945135366018e-09
4.222910164812807565e+00 5.099561844505394679e-08
4.319658127746227372e+00 2.424667027362099366e-07
4.420703393996887165e+00 9.023959633280607317e-07
4.526344213778937586e+00 6.824006432516128355e-06
4.636907082037216021e+00 3.288547370265264584e-05
4.752750163264185979e+00 1.381366977536569840e-04
4.874267227033050709e+00 4.914198037760997067e-04
5.001892185363850274e+00 1.663536746262314278e-03
5.136104342104077958e+00 4.680854226679606427e-03
5.277434488177208394e+00 1.142061048706136811e-02
5.426472006104844148e+00 2.426288999314005213e-02
5.583873184308420612e+00 4.475622445179793657e-02
5.750370988549687645e+00 7.152855420987642987e-02
5.926786597410237611e+00 9.956909051971034319e-02
6.114043084875222078e+00 1.204186716003854546e-01
6.313181731196443103e+00 1.265791660749783498e-01
6.525381570524497299e+00 1.158790100296379078e-01
6.751982950306783415e+00 9.243380676451783129e-02
6.994516097029166879e+00 6.436852635045647864e-02
7.254735975022011729e+00 3.919615475506350866e-02
7.534665117411080359e+00 2.093173927409828008e-02
7.836646640587228596e+00 9.833074778216410392e-03
8.163410383531928716e+00 4.044354752692917547e-03
8.518156126042216059e+00 1.480562754041001884e-03
8.904659262506966044e+00 4.797919541106791634e-04
9.327406333425754426e+00 1.375005782349656954e-04
9.791770743284624601e+00 3.505619939657901205e-05
1.030424328906184073e+01 8.153526470587421201e-06
1.087273853939115398e+01 1.602678127342657316e-06
1.150700787033969874e+01 2.963621047667753021e-07
1.221920514335652008e+01 3.487088622156791572e-08
1.302467515755499861e+01 4.891318252728925379e-08
1.394307442116850204e+01 3.550712660049969541e-08
1.499999999999984546e+01 5.650675878677609538e-09
