-1.499999999999984546e+01 1.138929211469345977e-08
-1.394307442116845941e+01 9.156017679921818602e-10
-1.302467515755499861e+01 1.185694238721822624e-08
-1.221920514335648811e+01 1.358933836984285152e-08
-1.150700787033963834e+01 1.186385196845463225e-08
-1.087273853939112733e+01 2.608048536922027041e-09
-1.030424328906179277e+01 3.412042067615077878e-09
-9.791770743284603284e+00 5.727748752321252650e-10
-9.327406333425754426e+00 1.059605492198433352e-08
-8.904659262506948281e+00 9.220250401119966365e-10
-8.518156126042184084e+00 9.098570565387553430e-09
-8.163410383531914505e+00 1.875152265157269100e-09
-7.836646640587201063e+00 2.091979233155936535e-09
-7.534665117411080359e+00 9.589208945022912460e-09
-7.254735975022024164e+00 6.822443110869196699e-09
-6.994516097029166879e+00 2.585930463896282865e-09
-6.751982950306772757e+00 9.829431879035152277e-09
-6.525381570524497299e+00 1.884703791669440442e-08
-6.313181731196434221e+00 2.275662903270260611e-08
-6.114043084875222078e+00 1.082803590467884385e-08
-5.926786597410245605e+00 1.066007898575998769e-08
-5.750370988549687645e+00 8.631949627809671194e-12
-5.583873184308413506e+00 1.209319733036765600e-08
-5.426472006104829937e+00 3.257060269518291539e-08
-5.277434488177201288e+00 2.700641691866523719e-09
-5.136104342104077958e+00 2.832149602874555057e-09
-5.001892185363844057e+00 3.551669076720281848e-11
-4.874267227033040051e+00 6.960439523014153444e-09
-4.752750163264180649e+00 2.737438649932822670e-08
-4.636907082037206251e+00 3.938448815554624576e-10
-4.526344213778932257e+00 3.153974733562011146e-09
-4.420703393996887165e+00 6.054975424202332676e-09
-4.319658127746222931e+00 3.484412892323261879e-09
-4.222910164812799572e+00 1.624367431056698431e-08
-4.130186509927485261e+00 4.433823598425802717e-09
-4.041236804879289934e+00 1.982264598155168978e-08
-3.955831029653007924e+00 7.278250406603251609e-09
-3.873757478137248356e+00 9.391364887770386141e-09
-3.794820970889963174e+00 1.107530543593725180e-08
-3.718841273193658203e+00 1.587063142259485063e-08
-3.645651691406516903e+00 2.650029084678915945e-09
-3.575097824597338825e+00 2.723824910416940763e-09
-3.507036451785127795e+00 1.078395652914469990e-08
-3.441334537903729007e+00 3.666246294843348089e-09
-3.377868343971221154e+00 7.146919774697877138e-09
-3.316522628938475048e+00 1.368018442521369588e-08
-3.257189932382928088e+00 7.603590920723306338e-09
-3.199769928652489437e+00 3.034063181046370762e-08
-3.144168844291917342e+00 1.512684176558071983e-08
-3.090298931633901791e+00 7.016365026112476761e-10
-3.038077992337555155e+00 1.750786541232207328e-08
-2.987428945431346516e+00 1.644504555883504645e-08
-2.938279435084989455e+00 1.106125854415077869e-09
-2.890561473911585910e+00 1.806608731120305047e-09
-2.844211118100896218e+00 7.428276783154582764e-10
-2.799168171118325610e+00 1.101701166675337853e-08
-2.755375913081502315e+00 9.750181419544705779e-09
-2.712780853255288172e+00 7.973103742089295081e-09
-2.671332503393478053e+00 3.447005750662232899e-09
-2.630983169907057384e+00 2.392970758672121931e-09
-2.591687763059467020e+00 1.906019370829954362e-08
-2.553403621583411720e+00 1.292309730804690620e-08
-2.516090351284280491e+00 1.434184048001697151e-08
-2.479709676346002034e+00 1.443961746124292001e-08
-2.444225302188003379e+00 1.756119924380502837e-10
-2.409602788839831256e+00 1.160425279728142499e-09
-2.375809433904203960e+00 9.854692911052735345e-09
-2.342814164271992627e+00 2.081430326823377900e-08
-2.310587435834981385e+00 3.614638449009354604e-09
-2.279101140515614965e+00 6.315215018150842062e-09
-2.248328519998395780e+00 5.925718175338738074e-08
-2.218244085606003058e+00 8.289378946164037431e-10
-2.188823543815516803e+00 1.578612739866443827e-09
-2.160043726956895949e+00 2.102358436180458124e-08
-2.131882528677896183e+00 1.189589857429513107e-09
-2.104318843797272631e+00 1.887414742112362342e-08
-2.077332512202036963e+00 5.878669036065219897e-09
-2.050904266475055859e+00 2.881521798751499934e-08
-2.025015682966774033e+00 1.411161735745187544e-08
-1.999649136049677312e+00 3.191128188897301659e-08
-1.974787755316548266e+00 1.416736431421215479e-08
-1.950415385503824428e+00 2.988492403909084996e-08
-1.926516548939785745e+00 2.222325658645311317e-08
-1.903076410333882196e+00 1.137278004137719685e-08
-1.880080743738695492e+00 2.222422059700854618e-09
-1.857515901529694036e+00 3.086771380181486763e-08
-1.835368785260464763e+00 1.750521232467036738e-08
-1.813626818262426887e+00 4.673759258368399198e-08
-1.792277919868425329e+00 9.114340125050654287e-09
-1.771310481148986149e+00 2.371104262078772713e-08
-1.750713342058705768e+00 3.021263836090005703e-08
-1.730475769898034866e+00 3.362077044845582341e-08
-1.710587439002987376e+00 6.398665489074628417e-08
-1.691038411581845979e+00 6.168054968231676310e-08
-1.671819119624006422e+00 7.817428267498669838e-09
-1.652920347811601687e+00 5.476308406984820202e-09
-1.634333217369665192e+00 4.358841689681716964e-08
-1.616049170795219814e+00 3.938009318541807885e-08
-1.598059957409985854e+00 6.550262327384335293e-09
-1.580357619685341053e+00 4.693321535535736009e-08
-1.562934480291788830e+00 6.360006416676610416e-09
-1.545783129828541158e+00 3.335657783037157063e-09
-1.528896415191895786e+00 1.051313749443395995e-08
-1.512267428543951242e+00 1.169300258425234367e-07
-1.495889496845787869e+00 1.850770570518089342e-08
-1.479756171921722929e+00 1.772289448284432081e-08
-1.463861221023438519e+00 5.594007903600121505e-08
-1.448198617864899784e+00 3.070853780052766394e-08
-1.432762534100851859e+00 1.192950011048666105e-08
-1.417547331223529161e+00 1.037704496696094255e-09
-1.402547552853774304e+00 6.851346075989199810e-08
-1.387757917404398356e+00 5.036524734730838732e-09
-1.373173311094914473e+00 1.529016692156948409e-08
-1.358788781298216675e+00 9.872847221376664187e-09
-1.344599530200890625e+00 1.306516118425164246e-08
-1.330600908760077861e+00 1.249981095705566985e-08
-1.316788410940793463e+00 1.285895519425662211e-09
-1.303157668218648979e+00 1.480032398044124582e-08
-1.289704444333804600e+00 2.709618586207710206e-08
-1.276424630282860795e+00 6.346554654254268310e-08
-1.263314239536187600e+00 1.262454386547807448e-09
-1.250369403468921226e+00 2.816559896260414731e-08
-1.237586366994587683e+00 7.549356157977991415e-08
-1.224961484390919786e+00 8.120246803028885769e-09
-1.212491215308081349e+00 1.933456829405806432e-07
-1.200172120950044441e+00 4.124790169358308016e-08
-1.188000860420426852e+00 1.967970451176937884e-07
-1.175974187224572365e+00 4.577131422535914498e-08
-1.164088945920123352e+00 4.080230107557124426e-08
-1.152342068908791317e+00 4.391077227556120073e-08
-1.140730573362410238e+00 1.664059414500500577e-08
-1.129251558276758605e+00 3.932088744683315213e-08
-1.117902201646994165e+00 8.902072463189840227e-08
-1.106679757758871174e+00 1.536956646549514454e-07
-1.095581554590242757e+00 2.733652881484728705e-08
-1.084604991317632328e+00 4.452395915415389547e-07
-1.073747535922946250e+00 4.669965645270255569e-07
-1.063006722895662781e+00 3.332494455831327863e-07
-1.052380151026073518e+00 1.352435334486106935e-06
-1.041865481285389139e+00 5.347841891890169251e-06
-1.031460434788744385e+00 2.525055527681734199e-05
-1.021162790837329082e+00 8.534529943010078074e-05
-1.010970385036089381e+00 3.360898274308419154e-04
-1.000881107483597043e+00 1.277729413880008408e-03
-9.908929010308823448e-01 3.480701211875010265e-03
-9.810037596061752518e-01 1.039927844190087491e-02
-9.712117266026539797e-01 2.772115527911726829e-02
-9.615148933264523468e-01 7.059110357904517519e-02
-9.519113975022986951e-01 1.581020956377001685e-01
-9.423994218343084706e-01 3.470651899856752043e-01
-9.329771926195575826e-01 7.226670597909568006e-01
-9.236429784121844566e-01 1.474888976159774545e+00
-9.143950887358859303e-01 2.684690293280169282e+00
-9.052318728427537486e-01 4.023673595302883932e+00
-8.961517185165274180e-01 5.723826900968819409e+00
-8.871530509183994662e-01 7.415120414225095935e+00
-8.782343314736150708e-01 8.477277658366135782e+00
-8.693940567971949474e-01 9.608424844365616835e+00
-8.606307576571651241e-01 1.002136979545155526e+01
-8.519429979737824787e-01 1.005599170330861902e+01
-8.433293738532892103e-01 9.454700346401230249e+00
-8.347885126548113544e-01 8.621045725360007239e+00
-8.263190720890765117e-01 7.069498517149158445e+00
-8.179197393476813627e-01 5.417500185075778241e+00
-8.095892302617030412e-01 4.246278258708935383e+00
-8.013262884885015147e-01 2.730523906074350471e+00
-7.931296847256015248e-01 1.381576063766587259e+00
-7.849982159506153634e-01 8.162545919232173652e-01
-7.769307046861815280e-01 3.378956105447768477e-01
-7.689259982889686817e-01 1.576205362380686537e-01
-7.609829682618184377e-01 6.397127626258826416e-02
-7.531005095881461164e-01 2.482456855248403246e-02
-7.452775400877568179e-01 8.911591688662920049e-03
-7.375129997932672321e-01 3.031790761974334242e-03
-7.298058503463653590e-01 8.871515593167479501e-04
-7.221550744131645105e-01 3.295771274122012381e-04
-7.145596751179414952e-01 6.854083194848031228e-05
-7.070186754945858576e-01 1.413499374609097404e-05
-6.995311179551040315e-01 3.422447746631073242e-06
-6.920960637745565691e-01 1.021360185993787088e-06
-6.847125925918331468e-01 5.096884310306811540e-07
-6.773798019256889180e-01 7.046237482334134905e-08
-6.700968067054918764e-01 7.988674229593853807e-08
-6.628627388161604239e-01 2.797794818487642607e-08
-6.556767466567750002e-01 2.599342965627301883e-08
-6.485379947123881550e-01 5.916247863820941240e-08
-6.414456631385582197e-01 2.125309011725395763e-07
-6.343989473581652661e-01 1.789036172130855230e-07
-6.273970576700782509e-01 7.061186227493241532e-08
-6.204392188692551269e-01 7.448093467354812164e-08
-6.135246698778875629e-01 2.531722805404573216e-09
-6.066526633872033614e-01 1.843416466296268637e-09
-5.998224655095604207e-01 3.796250096537654587e-08
-5.930333554404829677e-01 8.481124235552734448e-08
-5.862846251302987755e-01 1.438319702530193665e-08
-5.795755789650526291e-01 2.440047968924759420e-09
-5.729055334563811774e-01 4.512431036753372405e-08
-5.662738169400507449e-01 1.970163865286079567e-08
-5.596797692828653359e-01 3.617708118561996106e-08
-5.531227415976648354e-01 6.255228111713276187e-08
-5.466020959661486156e-01 1.937032949692361427e-08
-5.401172051692616494e-01 1.941908931127253984e-08
-5.336674524248944396e-01 1.842675609175263889e-08
-5.272522311326585109e-01 6.699381678898090080e-08
-5.208709446255063158e-01 1.299029408807351666e-08
-5.145230059279665147e-01 6.000992022496241538e-10
-5.082078375207905729e-01 5.030356982282185702e-09
-5.019248711117934025e-01 1.086114663378055160e-07
-4.956735474126915397e-01 8.958432647424734946e-10
-4.894533159217509533e-01 3.990684004128865730e-08
-4.832636347120513043e-01 4.739166317476040039e-08
-4.771039702251920200e-01 1.170735538965834083e-08
-4.709737970702656540e-01 1.738262825172652346e-08
-4.648725978279327764e-01 9.324395183089959868e-10
-4.587998628594354700e-01 4.731417935911779959e-08
-4.527550901203954981e-01 8.598466998434082848e-09
-4.467377849792463773e-01 5.934470811631488783e-08
-4.407474600401539711e-01 2.177760047023251424e-08
-4.347836349702858816e-01 6.645866794222977197e-08
-4.288458363312943056e-01 3.022695852823616585e-08
-4.229335974148811239e-01 1.100822711652841824e-08
-4.170464580823190492e-01 5.862549053547989708e-09
-4.111839646078065957e-01 2.627908440176250057e-08
-4.053456695255387987e-01 2.093164686320942837e-08
-3.995311314803784430e-01 2.891643424621559504e-09
-3.937399150820194427e-01 2.968685161549631433e-08
-3.879715907625314597e-01 1.199437792433451485e-08
-3.822257346371890074e-01 1.131934569095932420e-08
-3.765019283684747919e-01 6.674116002251208426e-08
-3.707997590331714166e-01 3.081325215963328537e-08
-3.651188189924405858e-01 1.578120732518131914e-08
-3.594587057647975481e-01 4.262477819845010007e-08
-3.538190219019011762e-01 2.535898015937731822e-08
-3.481993748670658695e-01 1.025673182608410929e-08
-3.425993769164140668e-01 8.110476731153450847e-08
-3.370186449825951502e-01 3.917640931965192471e-08
-3.314568005609865864e-01 5.107249766439361066e-09
-3.259134695983023078e-01 2.295806408105474669e-08
-3.203882823835412230e-01 3.523301727558181605e-08
-3.148808734411985277e-01 1.842660055972832664e-08
-3.093908814266739249e-01 5.856681679225007745e-08
-3.039179490238102521e-01 1.102165910982381522e-08
-2.984617228444969572e-01 4.884735171035759352e-08
-2.930218533302758055e-01 1.248606077822221677e-08
-2.875979946558883671e-01 1.517977684054778740e-08
-2.821898046347048883e-01 4.058716089455212040e-08
-2.767969446259778143e-01 2.101248476346505908e-08
-2.714190794438640086e-01 7.130829083267204508e-10
-2.660558772681595463e-01 1.238148543012987121e-08
-2.607070095566988432e-01 4.691928831275729131e-10
-2.553721509593595007e-01 1.251553864484735007e-08
-2.500509792336281789e-01 4.743535932065195164e-09
-2.447431751616790663e-01 1.002793603399386241e-08
-2.394484224689141794e-01 2.157057210143532311e-08
-2.341664077439190861e-01 1.099391080888825791e-08
-2.288968203597947504e-01 1.907050550984609498e-08
-2.236393523968163433e-01 2.212514176643697141e-09
-2.183936985663748609e-01 5.236408005763959012e-09
-2.131595561361681324e-01 9.605499758427500018e-09
-2.079366248565912845e-01 2.608807115921742288e-08
-2.027246068882932184e-01 2.627224329905476258e-08
-1.975232067308573536e-01 1.044191095132266746e-08
-1.923321311525707789e-01 3.967926852058958626e-08
-1.871510891212436467e-01 1.776632476740558923e-08
-1.819797917360435890e-01 5.637567617641581752e-08
-1.768179521603098492e-01 5.175760688555677608e-09
-1.716652855553124635e-01 9.675547087931950669e-09
-1.665215090149229915e-01 3.031732715580948828e-09
-1.613863415011645708e-01 4.676019359363060208e-08
-1.562595037806076281e-01 2.553264501219711271e-08
-1.511407183615816052e-01 3.753598175070216324e-08
-1.460297094321691691e-01 5.245785229486823752e-09
-1.409262027989571786e-01 9.873099938795161701e-09
-1.358299258265084075e-01 3.535761172407138100e-08
-1.307406073775295718e-01 9.752230326037758917e-09
-1.256579777537080167e-01 8.350505532327974605e-09
-1.205817686371829095e-01 2.673481431703558574e-08
-1.155117130326291097e-01 7.772505324243527855e-09
-1.104475452099255434e-01 6.575044789678263003e-08
-1.053890006473798824e-01 1.971863830126399973e-09
-1.003358159754815099e-01 1.597448564951322217e-08
-9.528772892116385562e-02 1.939806003766636931e-09
-9.024447825254262867e-02 3.002165009378857346e-09
-8.520580372410961612e-02 3.261247216344987595e-09
-8.017144602235605488e-02 1.491958021064447026e-08
-7.514114671180081861e-02 3.782141933406455955e-09
-7.011464818139975796e-02 3.788379593059639483e-09
-6.509169359131213028e-02 3.910584369259401810e-10
-6.007202682000037375e-02 4.534497905807809449e-08
-5.505539241164043168e-02 1.521185908396637164e-07
-5.004153552381902792e-02 4.092811274611186035e-08
-4.503020187549407194e-02 1.258437742082276968e-11
-4.002113769519974329e-02 1.299062095835151103e-08
-3.501408966946639723e-02 1.480103755264115714e-08
-3.000880489143913435e-02 3.830105722506463633e-09
-2.500503080967274305e-02 9.473805464605952606e-09
-2.000251517707496776e-02 4.588555357308420599e-08
-1.500100599998219555e-02 2.980923675781647725e-08
-1.000025148734561345e-02 1.382903506165326393e-08
-5.000000000000051278e-03 6.707927937317192651e-09
-4.151058885056183785e-17 3.069314162359795518e-08
4.999999999999968012e-03 1.305603593417094139e-08
1.000025148734597427e-02 2.034109795074304369e-08
1.500100599998233260e-02 1.234194113079285546e-08
2.000251517707488449e-02 5.647731157659503391e-08
2.500503080967310041e-02 2.166877907802005195e-09
3.000880489143927313e-02 1.204946549592485043e-08
3.501408966946631396e-02 3.449292598568393829e-08
4.002113769520009717e-02 1.653360912772464616e-08
4.503020187549421072e-02 1.874130167445418189e-08
5.004153552381894465e-02 1.458639577732850422e-08
5.505539241164034842e-02 1.549314010856545705e-08
6.007202682000051253e-02 1.473908993389184396e-08
6.509169359131226906e-02 1.475286396514928051e-08
7.011464818139967470e-02 1.869829559138729091e-08
7.514114671180095739e-02 9.069941606770409521e-09
8.017144602235619366e-02 1.075919394584650318e-08
8.520580372410954673e-02 5.891819772869855198e-09
9.024447825254276745e-02 3.474270454942403722e-08
9.528772892116399440e-02 2.163424889576150864e-08
1.003358159754814266e-01 1.273326163192759631e-08
1.053890006473800073e-01 1.663785259162051066e-08
1.104475452099259181e-01 3.245922343602681406e-08
1.155117130326290265e-01 5.879499294252799146e-09
1.205817686371828262e-01 2.850487577679652462e-08
1.256579777537083775e-01 1.079971358124043586e-08
1.307406073775296829e-01 4.838579725518911046e-09
1.358299258265082687e-01 1.547435031877645160e-08
1.409262027989575117e-01 3.860655291855078350e-09
1.460297094321692801e-01 1.911664707470435701e-08
1.511407183615814942e-01 2.381050642002829463e-08
1.562595037806079612e-01 1.081425010828166156e-09
1.613863415011646818e-01 3.556337880073858017e-08
1.665215090149231025e-01 5.651843643448681780e-08
1.716652855553127688e-01 2.813193150200384144e-08
1.768179521603099880e-01 1.866203919489909269e-08
1.819797917360437278e-01 1.813781250508477995e-08
1.871510891212435357e-01 1.918082418123372536e-09
1.923321311525708899e-01 3.948973224238651029e-09
1.975232067308574646e-01 1.117474587381777406e-08
2.027246068882931074e-01 5.323557836770649730e-10
2.079366248565913955e-01 1.689432339532834144e-08
2.131595561361682156e-01 1.508182141555147359e-08
2.183936985663747499e-01 1.072053033715913986e-08
2.236393523968162322e-01 4.980928002437986092e-09
2.288968203597950835e-01 1.091311944456039647e-08
2.341664077439189473e-01 3.819948743496122864e-08
2.394484224689140683e-01 7.718710207563204931e-08
2.447431751616793993e-01 2.843186779139559808e-10
2.500509792336280679e-01 3.714375411391793020e-08
2.553721509593593342e-01 8.046257106666672354e-08
2.607070095566991763e-01 3.006930057748618454e-08
2.660558772681596018e-01 1.349817674638937525e-08
2.714190794438638976e-01 3.078337982177270768e-08
2.767969446259781474e-01 1.675058769593114307e-08
2.821898046347049993e-01 3.354932031546508723e-09
2.875979946558884781e-01 4.609230139437106921e-09
2.930218533302761941e-01 4.367124240903682802e-09
2.984617228444970682e-01 3.472203611368977768e-08
3.039179490238103631e-01 1.307565343893872277e-08
3.093908814266742580e-01 1.068970740159414360e-08
3.148808734411986388e-01 3.209331359146590710e-09
3.203882823835413340e-01 3.564458492880513637e-08
3.259134695983026964e-01 6.050439144067898828e-10
3.314568005609867529e-01 5.517951909496049709e-09
3.370186449825955388e-01 4.413719127797758991e-09
3.425993769164139557e-01 3.461481349945954107e-08
3.481993748670657585e-01 8.002341510406334900e-09
3.538190219019015648e-01 1.063701621003781499e-08
3.594587057647973816e-01 8.096937981655115673e-09
3.651188189924404193e-01 1.712273334648569412e-08
3.707997590331718607e-01 4.087311665171962552e-08
3.765019283684746809e-01 3.452851384656453270e-09
3.822257346371888964e-01 7.337293984204676047e-09
3.879715907625317928e-01 2.986998356827991664e-08
3.937399150820192761e-01 2.924401147112826562e-08
3.995311314803785541e-01 3.732224825204175523e-09
4.053456695255391318e-01 5.197918866826856493e-09
4.111839646078068178e-01 1.260045222069958161e-08
4.170464580823191603e-01 7.761458276993645137e-09
4.229335974148815125e-01 3.619761401041649055e-09
4.288458363312944166e-01 1.058174857597226038e-09
4.347836349702859926e-01 3.013814327222985538e-09
4.407474600401543041e-01 1.324159329171072195e-09
4.467377849792464883e-01 2.380598084806772221e-08
4.527550901203956091e-01 4.170373980239280904e-09
4.587998628594356365e-01 3.139868903156821541e-08
4.648725978279326654e-01 5.710540248936567182e-09
4.709737970702658205e-01 6.590342439305668651e-09
4.771039702251921866e-01 1.246066579915584983e-08
4.832636347120511933e-01 8.971586289223399673e-09
4.894533159217510643e-01 8.932869694583506676e-09
4.956735474126913732e-01 1.988221493153134042e-08
5.019248711117932915e-01 3.685877496709107969e-09
5.082078375207910170e-01 8.259656511506367402e-09
5.145230059279664037e-01 1.932393022364301801e-09
5.208709446255060938e-01 9.894519718871316050e-09
5.272522311326588440e-01 3.950110576289805253e-09
5.336674524248943285e-01 1.017841298717714658e-08
5.401172051692617604e-01 1.012682752316103554e-09
5.466020959661491707e-01 4.165694415936252809e-08
5.531227415976649464e-01 1.094754278708027230e-08
5.596797692828657800e-01 3.687851452399821155e-08
5.662738169400510779e-01 4.714415798634538476e-09
5.729055334563810664e-01 6.275874222306208026e-09
5.795755789650528511e-01 1.784197244273796356e-09
5.862846251302993306e-01 6.354189466282999265e-09
5.930333554404833007e-01 6.961202596479592428e-09
5.998224655095604207e-01 5.521618987606064917e-09
6.066526633872036944e-01 1.672180550625740129e-08
6.135246698778876739e-01 1.944979395247422472e-09
6.204392188692554599e-01 7.430765521683505975e-09
6.273970576700789170e-01 3.989099824221317642e-08
6.343989473581657101e-01 7.897678304285084097e-10
6.414456631385582197e-01 4.823320584606813207e-09
6.485379947123885991e-01 3.654045467587219303e-10
6.556767466567751113e-01 1.202684566045615556e-08
6.628627388161606460e-01 2.457708907207101681e-10
6.700968067054920985e-01 1.969815580841818612e-08
6.773798019256893621e-01 2.024381258160550063e-08
6.847125925918335909e-01 4.148674199023476560e-08
6.920960637745565691e-01 2.912542015994961147e-08
6.995311179551041425e-01 5.166084191474124797e-08
7.070186754945865237e-01 2.344907850774416145e-08
7.145596751179416062e-01 7.358265086161978647e-09
7.221550744131648436e-01 4.067430730454125909e-09
7.298058503463658031e-01 2.537981696712489523e-08
7.375129997932668990e-01 2.128592361473217104e-08
7.452775400877571510e-01 1.617503696394356053e-08
7.531005095881470046e-01 1.914864524935035073e-08
7.609829682618186597e-01 1.453372668767070113e-08
7.689259982889686817e-01 7.439209106270651207e-09
7.769307046861817501e-01 2.852661017276277489e-08
7.849982159506154744e-01 2.091638903621981546e-08
7.931296847256019689e-01 1.170716429635526485e-08
8.013262884885021808e-01 3.195469327312917059e-09
8.095892302617037073e-01 1.214029206121355103e-08
8.179197393476813627e-01 3.608629956623340136e-08
8.263190720890769558e-01 1.790063347260020792e-08
8.347885126548114654e-01 1.241171094838007124e-08
8.433293738532896544e-01 6.104612384204545745e-09
8.519429979737834779e-01 1.888949676478277299e-08
8.606307576571655682e-01 2.473946786291250620e-09
8.693940567971949474e-01 1.340817049285295414e-08
8.782343314736156259e-01 2.401997856820407638e-09
8.871530509183995772e-01 6.041089469645252208e-09
8.961517185165281951e-01 1.085188551885807524e-08
9.052318728427538597e-01 1.605198048852882385e-08
9.143950887358863744e-01 1.158383526957120343e-08
9.236429784121850117e-01 7.998716154357924000e-09
9.329771926195572496e-01 3.703204223520038035e-08
9.423994218343089146e-01 5.351434234500387813e-09
9.519113975022994723e-01 2.241271082869445610e-09
9.615148933264527908e-01 2.963406951159225785e-08
9.712117266026539797e-01 5.283381913099251407e-10
9.810037596061752518e-01 6.869223440785644157e-09
9.908929010308823448e-01 3.964165370397505184e-09
1.000881107483597487e+00 1.279628549708479475e-08
1.010970385036090269e+00 2.836879522761996599e-08
1.021162790837329526e+00 1.197121921889769765e-09
1.031460434788744385e+00 2.492618167409312112e-08
1.041865481285389805e+00 9.918474757021967487e-09
1.052380151026073518e+00 2.293355895666994402e-08
1.063006722895663447e+00 4.569549718661953259e-08
1.073747535922947360e+00 6.546425075614216126e-09
1.084604991317632772e+00 6.388505714706333032e-09
1.095581554590242979e+00 3.652062639779723535e-09
1.106679757758872062e+00 1.249316853108491195e-09
1.117902201646994387e+00 7.647653061527993812e-09
1.129251558276759493e+00 5.562359337492963306e-08
1.140730573362411571e+00 4.172964584100106660e-08
1.152342068908791983e+00 1.205370256953439815e-08
1.164088945920123352e+00 3.336082356861630113e-09
1.175974187224572143e+00 2.387910038058276613e-08
1.188000860420427740e+00 2.680389211140355165e-08
1.200172120950045329e+00 1.783604063257706391e-08
1.212491215308081793e+00 3.984400481722884620e-08
1.224961484390919786e+00 1.786929504583652368e-08
1.237586366994588349e+00 8.210456233610653046e-09
1.250369403468921226e+00 2.576425509424886983e-09
1.263314239536188044e+00 2.357002821052057704e-08
1.276424630282862127e+00 8.208855437352858751e-10
1.289704444333804823e+00 1.805039337667769805e-08
1.303157668218648979e+00 7.846945344243220650e-09
1.316788410940794352e+00 9.749710827702775103e-09
1.330600908760077861e+00 4.270401321425657764e-08
1.344599530200891291e+00 2.957976020647246380e-08
1.358788781298217785e+00 4.472740984405143969e-08
1.373173311094915583e+00 1.011922446321764050e-08
1.387757917404398356e+00 1.122698660444065716e-08
1.402547552853775414e+00 7.388164851263336560e-09
1.417547331223529161e+00 6.067765437029414902e-09
1.432762534100853413e+00 1.072968215629669194e-08
1.448198617864900895e+00 1.281335521315805239e-08
1.463861221023438519e+00 2.749612490115079215e-08
1.479756171921722929e+00 4.757857524268961582e-08
1.495889496845789424e+00 4.437060891370985705e-09
1.512267428543952130e+00 3.147340369236699366e-08
1.528896415191897562e+00 1.385713343601097952e-08
1.545783129828541158e+00 1.628727423782157313e-08
1.562934480291788830e+00 2.903901683822230043e-08
1.580357619685341941e+00 1.532455098148195301e-09
1.598059957409985854e+00 6.137797083164957075e-09
1.616049170795220702e+00 1.439527052297176454e-08
1.634333217369666968e+00 9.854024188632263172e-10
1.652920347811602131e+00 9.572083133770749951e-09
1.671819119624006422e+00 1.751302205630521794e-08
1.691038411581847090e+00 3.333222824208491825e-09
1.710587439002987376e+00 3.817175654541108347e-09
1.730475769898035976e+00 7.222535135984408312e-09
1.750713342058707767e+00 2.566452570392125420e-09
1.771310481148987259e+00 2.185632006922811203e-08
1.792277919868425329e+00 1.017429001804249870e-08
1.813626818262428664e+00 2.097224559924135593e-08
1.835368785260464763e+00 2.961190422323085793e-08
1.857515901529695146e+00 1.309388856403393439e-08
1.880080743738695492e+00 1.177114545237708633e-08
1.903076410333882196e+00 8.386229140860322468e-08
1.926516548939786855e+00 4.087928917525518266e-09
1.950415385503826426e+00 1.576586382250911636e-08
1.974787755316548266e+00 1.849768189269891426e-08
1.999649136049679532e+00 8.977637409463716754e-10
2.025015682966774921e+00 4.609894137835486638e-10
2.050904266475055859e+00 2.789158927830129791e-10
2.077332512202038295e+00 1.447588161620035417e-08
2.104318843797274852e+00 5.737801176151754600e-08
2.131882528677897515e+00 9.301092905558627120e-09
2.160043726956898613e+00 4.648071570484772322e-09
2.188823543815518136e+00 1.276422588966929523e-08
2.218244085606003058e+00 1.348904648422957579e-08
2.248328519998397557e+00 1.573430803424740756e-08
2.279101140515614965e+00 1.327858367560194781e-09
2.310587435834983161e+00 1.234854232876823489e-08
2.342814164271995292e+00 4.220825926517482413e-08
2.375809433904205292e+00 1.435039976319860006e-08
2.409602788839831256e+00 1.632593446881045757e-08
2.444225302188005156e+00 3.441055307163514072e-08
2.479709676346002034e+00 2.510754816020641246e-08
2.516090351284283599e+00 1.902349720407120167e-08
2.553403621583411720e+00 2.330461929670390560e-08
2.591687763059467020e+00 2.099005400510902020e-08
2.630983169907057384e+00 1.452438513904293341e-08
2.671332503393481606e+00 1.325919920696543361e-08
2.712780853255288172e+00 2.575125472814091628e-08
2.755375913081506312e+00 6.307649147481184543e-08
2.799168171118327830e+00 2.763096334990956447e-10
2.844211118100896218e+00 5.333179279961521295e-09
2.890561473911588131e+00 1.486581699039486158e-08
2.938279435084994340e+00 6.702071638568616955e-09
2.987428945431348293e+00 2.443233335450500054e-10
3.038077992337560040e+00 1.074639256074685060e-08
3.090298931633904456e+00 1.167389422464417896e-08
3.144168844291917342e+00 2.844306577570606254e-09
3.199769928652491213e+00 9.877479133231446976e-09
3.257189932382928088e+00 8.748951786772881375e-10
3.316522628938477268e+00 1.666287840895797825e-08
3.377868343971226484e+00 1.776935937037816322e-08
3.441334537903732116e+00 9.411246648812058533e-10
3.507036451785127795e+00 8.871177489443477177e-09
3.575097824597341933e+00 3.478333856832883583e-09
3.645651691406516903e+00 2.129217621407084805e-08
3.718841273193660868e+00 1.768867434046191439e-08
3.794820970889963174e+00 1.009934769307632288e-08
3.873757478137244359e+00 6.853642229606228248e-09
3.955831029653007924e+00 3.209400731614261501e-08
4.041236804879297928e+00 5.424114800226975380e-08
4.130186509927489702e+00 3.776480070498283213e-08
4.222910164812807565e+00 6.021386454928783858e-08
4.319658127746227372e+00 2.744482110849033480e-07
4.420703393996887165e+00 9.191678187866828727e-07
4.526344213778937586e+00 5.993369337217817192e-06
4.636907082037216021e+00 2.810807383101798920e-05
4.752750163264185979e+00 1.260844255025658745e-04
4.874267227033050709e+00 4.733038142881312860e-04
5.001892185363850274e+00 1.561165238894709345e-03
5.136104342104077958e+00 4.448167877591841478e-03
5.277434488177208394e+00 1.105900048048162436e-02
5.426472006104844148e+00 2.372925224772237662e-02
5.583873184308420612e+00 4.420879286478776593e-02
5.750370988549687645e+00 7.131647642214825056e-02
5.926786597410237611e+00 9.967227992714443319e-02
6.114043084875222078e+00 1.210150915089046597e-01
6.313181731196443103e+00 1.274042908682909980e-01
6.525381570524497299e+00 1.166207727534251254e-01
6.751982950306783415e+00 9.284440971382708352e-02
6.994516097029166879e+00 6.439528273578927486e-02
7.254735975022011729e+00 3.902248676726224191e-02
7.534665117411080359e+00 2.072460467377686827e-02
7.836646640587228596e+00 9.615265622203727353e-03
8.163410383531928716e+00 3.943796932068025472e-03
8.518156126042216059e+00 1.424296831384182661e-03
8.904659262506966044e+00 4.517416414316592220e-04
9.327406333425754426e+00 1.285729550168355259e-04
9.791770743284624601e+00 3.316492737997886367e-05
1.030424328906184073e+01 7.197336680216830025e-06
1.087273853939115398e+01 1.541974473280247901e-06
1.150700787033969874e+01 2.612926356761027659e-07
1.221920514335652008e+01 1.116953895751443612e-07
1.302467515755499861e+01 2.575591192737036011e-08
1.394307442116850204e+01 8.786234542476184731e-09
1.499999999999984546e+01 4.191352501296297049e-09
