-1.499999999999984546e+01 1.616086874122935957e-08
-1.394307442116845941e+01 2.252230313847511219e-09
-1.302467515755499861e+01 6.946474719952640019e-09
-1.221920514335648811e+01 2.382923653526127232e-09
-1.150700787033963834e+01 1.634387776579263537e-08
-1.087273853939112733e+01 8.624989319794681242e-09
-1.030424328906179277e+01 1.313806282419314538e-08
-9.791770743284603284e+00 3.320175732171800965e-08
-9.327406333425754426e+00 1.577043175124100195e-10
-8.904659262506948281e+00 1.197332712435806107e-08
-8.518156126042184084e+00 1.325485869746945750e-09
-8.163410383531914505e+00 5.923605830522161292e-10
-7.836646640587201063e+00 1.031974331490761608e-09
-7.534665117411080359e+00 3.845444597395676567e-08
-7.254735975022024164e+00 4.469596077275940660e-09
-6.994516097029166879e+00 1.515690525903700947e-08
-6.751982950306772757e+00 3.418915234134118655e-08
-6.525381570524497299e+00 6.948621097963542417e-10
-6.313181731196434221e+00 9.229493501163574724e-09
-6.114043084875222078e+00 1.786768437580936461e-08
-5.926786597410245605e+00 2.494824583396685670e-08
-5.750370988549687645e+00 6.895916293670436250e-09
-5.583873184308413506e+00 4.003209224493614706e-08
-5.426472006104829937e+00 4.993888274381335693e-08
-5.277434488177201288e+00 8.056768496191494632e-09
-5.136104342104077958e+00 2.504420731267965047e-07
-5.001892185363844057e+00 1.804643006150262524e-08
-4.874267227033040051e+00 3.908134211689026169e-07
-4.752750163264180649e+00 1.062008280616624041e-04
-4.636907082037206251e+00 1.197424013214573937e-02
-4.526344213778932257e+00 3.098761704189810229e-01
-4.420703393996887165e+00 8.373132614925560269e-01
-4.319658127746222931e+00 6.712939629025019839e-01
-4.222910164812799572e+00 8.928198575728640840e-02
-4.130186509927485261e+00 1.574130172603673081e-03
-4.041236804879289934e+00 4.081082337200974373e-05
-3.955831029653007924e+00 2.115688281189538841e-07
-3.873757478137248356e+00 6.416868193360690825e-07
-3.794820970889963174e+00 3.998048219149914708e-08
-3.718841273193658203e+00 3.778029584225813937e-08
-3.645651691406516903e+00 4.756930132672599292e-08
-3.575097824597338825e+00 1.900443827370539580e-08
-3.507036451785127795e+00 5.618211526327362925e-08
-3.441334537903729007e+00 5.642842515164793550e-08
-3.377868343971221154e+00 1.664713189845415905e-08
-3.316522628938475048e+00 3.527990959497769671e-08
-3.257189932382928088e+00 1.770025287306890762e-08
-3.199769928652489437e+00 1.192657299658332988e-08
-3.144168844291917342e+00 2.158871157671948772e-09
-3.090298931633901791e+00 3.786205354939776439e-08
-3.038077992337555155e+00 1.654769158968522780e-09
-2.987428945431346516e+00 6.122354157113144191e-10
-2.938279435084989455e+00 6.628069018735393068e-09
-2.890561473911585910e+00 1.059719423540196493e-08
-2.844211118100896218e+00 1.358696597828921901e-08
-2.799168171118325610e+00 3.059981783993657862e-08
-2.755375913081502315e+00 3.965744310248746741e-08
-2.712780853255288172e+00 4.081312035930703000e-09
-2.671332503393478053e+00 5.826995903042131584e-08
-2.630983169907057384e+00 6.207716246793399394e-09
-2.591687763059467020e+00 2.680672707119097724e-09
-2.553403621583411720e+00 2.750180742493860725e-10
-2.516090351284280491e+00 8.803319289872956490e-08
-2.479709676346002034e+00 9.252805930584294624e-10
-2.444225302188003379e+00 3.978864558349766670e-08
-2.409602788839831256e+00 2.704580377453070174e-09
-2.375809433904203960e+00 2.434013172501387773e-09
-2.342814164271992627e+00 3.420981890651917265e-08
-2.310587435834981385e+00 4.030240889898335746e-09
-2.279101140515614965e+00 1.227785889355377373e-08
-2.248328519998395780e+00 1.082129521190014079e-09
-2.218244085606003058e+00 1.339545064250150921e-08
-2.188823543815516803e+00 2.938544852817495663e-08
-2.160043726956895949e+00 6.666282818265278602e-09
-2.131882528677896183e+00 3.153333361373438678e-09
-2.104318843797272631e+00 1.144395415799125711e-08
-2.077332512202036963e+00 3.146691995847831086e-09
-2.050904266475055859e+00 1.344670457597767880e-09
-2.025015682966774033e+00 1.386729571673998922e-08
-1.999649136049677312e+00 3.274462961142954572e-09
-1.974787755316548266e+00 3.087888904328028907e-08
-1.950415385503824428e+00 4.617449404039369668e-09
-1.926516548939785745e+00 4.679113297033965039e-09
-1.903076410333882196e+00 1.369046802870228958e-08
-1.880080743738695492e+00 3.816221638370097251e-08
-1.857515901529694036e+00 9.069192264344154803e-09
-1.835368785260464763e+00 5.774338586216839695e-09
-1.813626818262426887e+00 2.694824993728260789e-08
-1.792277919868425329e+00 2.894152840990587056e-09
-1.771310481148986149e+00 3.452388503616135030e-08
-1.750713342058705768e+00 1.619216675774059708e-08
-1.730475769898034866e+00 5.107874452313932540e-09
-1.710587439002987376e+00 1.246864428010162918e-08
-1.691038411581845979e+00 5.804937692348982694e-09
-1.671819119624006422e+00 1.780672529913342774e-08
-1.652920347811601687e+00 2.481343301920692964e-09
-1.634333217369665192e+00 1.499347616941751503e-08
-1.616049170795219814e+00 1.447584605775278978e-08
-1.598059957409985854e+00 5.057845335497941165e-08
-1.580357619685341053e+00 5.150075206452917295e-08
-1.562934480291788830e+00 1.189941065890633861e-09
-1.545783129828541158e+00 1.679527467531307162e-09
-1.528896415191895786e+00 5.435735716665273937e-09
-1.512267428543951242e+00 2.281111190482436467e-08
-1.495889496845787869e+00 6.853216411741767303e-09
-1.479756171921722929e+00 9.172392931686591518e-09
-1.463861221023438519e+00 1.241177705081288839e-08
-1.448198617864899784e+00 3.771176696634747594e-09
-1.432762534100851859e+00 1.478505008969642733e-08
-1.417547331223529161e+00 2.068043559446867346e-08
-1.402547552853774304e+00 4.516318243654931027e-10
-1.387757917404398356e+00 7.008119459384759257e-09
-1.373173311094914473e+00 1.052827888797138233e-09
-1.358788781298216675e+00 1.247209411290922482e-08
-1.344599530200890625e+00 8.256765469646361365e-09
-1.330600908760077861e+00 8.262604793735953814e-09
-1.316788410940793463e+00 1.029215774454516434e-08
-1.303157668218648979e+00 8.140305287441623314e-09
-1.289704444333804600e+00 6.602279348779237622e-09
-1.276424630282860795e+00 8.347317092552299426e-09
-1.263314239536187600e+00 6.244723132252575354e-09
-1.250369403468921226e+00 8.267670203681727047e-09
-1.237586366994587683e+00 9.705217201200397525e-09
-1.224961484390919786e+00 6.937896567514244113e-10
-1.212491215308081349e+00 1.373129709638639308e-08
-1.200172120950044441e+00 4.147341892788352033e-09
-1.188000860420426852e+00 1.184224538079092221e-08
-1.175974187224572365e+00 1.086398630170811090e-08
-1.164088945920123352e+00 2.930675177537740994e-08
-1.152342068908791317e+00 4.359590941210327660e-09
-1.140730573362410238e+00 1.300797706863977383e-08
-1.129251558276758605e+00 1.059595175914555839e-08
-1.117902201646994165e+00 6.099026356254403451e-09
-1.106679757758871174e+00 8.016215343721419998e-09
-1.095581554590242757e+00 7.767108072578415811e-09
-1.084604991317632328e+00 7.043952365460072427e-09
-1.073747535922946250e+00 2.267734236456769708e-08
-1.063006722895662781e+00 3.216237605311277197e-09
-1.052380151026073518e+00 4.968329303300843689e-09
-1.041865481285389139e+00 1.032126222753404121e-08
-1.031460434788744385e+00 5.297745703850082906e-09
-1.021162790837329082e+00 2.652004478753732925e-09
-1.010970385036089381e+00 1.183349712748214821e-08
-1.000881107483597043e+00 1.134012585238162724e-08
-9.908929010308823448e-01 6.898472544240497781e-10
-9.810037596061752518e-01 3.843832834217302954e-09
-9.712117266026539797e-01 1.016567647891936590e-08
-9.615148933264523468e-01 1.454907107671028114e-08
-9.519113975022986951e-01 1.018199291062130430e-08
-9.423994218343084706e-01 1.220867010409246224e-09
-9.329771926195575826e-01 1.903583788155703098e-08
-9.236429784121844566e-01 2.012342624774335731e-09
-9.143950887358859303e-01 6.281942611382281841e-09
-9.052318728427537486e-01 4.085140107516017662e-09
-8.961517185165274180e-01 1.769867475015261474e-08
-8.871530509183994662e-01 2.768623020330139477e-09
-8.782343314736150708e-01 5.468801014645696260e-09
-8.693940567971949474e-01 2.524218213758792956e-09
-8.606307576571651241e-01 2.162056011595855658e-09
-8.519429979737824787e-01 6.420057751051192665e-09
-8.433293738532892103e-01 1.309445380303525031e-08
-8.347885126548113544e-01 8.048500762841122362e-09
-8.263190720890765117e-01 9.821559062535048115e-09
-8.179197393476813627e-01 5.732057899215829374e-09
-8.095892302617030412e-01 3.098751033964436497e-09
-8.013262884885015147e-01 1.938633833587972271e-10
-7.931296847256015248e-01 5.038126711469599556e-09
-7.849982159506153634e-01 2.042924178868154025e-08
-7.769307046861815280e-01 3.261825531349267068e-09
-7.689259982889686817e-01 6.910653846954881298e-10
-7.609829682618184377e-01 8.068048373978819032e-10
-7.531005095881461164e-01 1.362969669508709597e-08
-7.452775400877568179e-01 2.510405556191931992e-08
-7.375129997932672321e-01 4.678484527123524786e-09
-7.298058503463653590e-01 8.852518274295677028e-09
-7.221550744131645105e-01 2.524550672732558708e-09
-7.145596751179414952e-01 4.187552953380203872e-09
-7.070186754945858576e-01 1.370981547155964863e-08
-6.995311179551040315e-01 4.055866638521437712e-08
-6.920960637745565691e-01 1.231922687811221918e-08
-6.847125925918331468e-01 9.339690819040503543e-09
-6.773798019256889180e-01 2.033826454378448282e-08
-6.700968067054918764e-01 1.030927668535678431e-08
-6.628627388161604239e-01 1.083035641980030122e-09
-6.556767466567750002e-01 5.391957241165092340e-09
-6.485379947123881550e-01 4.726086157286520461e-09
-6.414456631385582197e-01 3.918814669120649969e-08
-6.343989473581652661e-01 5.244556486173164092e-09
-6.273970576700782509e-01 6.508346643544101753e-09
-6.204392188692551269e-01 2.218820527527603553e-09
-6.135246698778875629e-01 1.153845633855371742e-08
-6.066526633872033614e-01 1.856244104643534144e-08
-5.998224655095604207e-01 1.823645908271774631e-10
-5.930333554404829677e-01 1.052556389087049629e-09
-5.862846251302987755e-01 1.322560677503387180e-08
-5.795755789650526291e-01 1.828413022865980177e-08
-5.729055334563811774e-01 4.162058134743628669e-09
-5.662738169400507449e-01 2.957435310221425899e-08
-5.596797692828653359e-01 1.124177305736208146e-08
-5.531227415976648354e-01 6.227561556414470936e-09
-5.466020959661486156e-01 1.658594055144051899e-08
-5.401172051692616494e-01 2.674568285268964300e-09
-5.336674524248944396e-01 7.574134379384715612e-09
-5.272522311326585109e-01 1.640008654085144354e-09
-5.208709446255063158e-01 5.031208783814694339e-09
-5.145230059279665147e-01 9.896519571736206209e-09
-5.082078375207905729e-01 8.811658200405311877e-09
-5.019248711117934025e-01 2.163213057722546782e-08
-4.956735474126915397e-01 1.609581456439423334e-08
-4.894533159217509533e-01 2.058971615609847419e-09
-4.832636347120513043e-01 1.626915533879717601e-08
-4.771039702251920200e-01 9.646566610784030848e-09
-4.709737970702656540e-01 2.284739885904645577e-08
-4.648725978279327764e-01 3.741565858989321217e-08
-4.587998628594354700e-01 4.188540211886276693e-08
-4.527550901203954981e-01 1.402946753773944830e-08
-4.467377849792463773e-01 3.180655686720473806e-09
-4.407474600401539711e-01 1.843004436420727734e-08
-4.347836349702858816e-01 2.060837030009231226e-09
-4.288458363312943056e-01 1.138793033687427580e-08
-4.229335974148811239e-01 1.392592501382041804e-09
-4.170464580823190492e-01 2.645134149900051792e-09
-4.111839646078065957e-01 1.652396649720432856e-08
-4.053456695255387987e-01 9.188237504846077876e-10
-3.995311314803784430e-01 5.459125473637259637e-08
-3.937399150820194427e-01 9.867113249592913465e-10
-3.879715907625314597e-01 1.152061385768269758e-08
-3.822257346371890074e-01 2.433067749325057948e-08
-3.765019283684747919e-01 2.953250785299399671e-09
-3.707997590331714166e-01 4.256355896956351040e-08
-3.651188189924405858e-01 7.343341142650699144e-09
-3.594587057647975481e-01 8.896457943594477401e-09
-3.538190219019011762e-01 1.616884700402261068e-08
-3.481993748670658695e-01 3.708624379522184114e-08
-3.425993769164140668e-01 1.356471939034321982e-09
-3.370186449825951502e-01 2.119262241388520794e-08
-3.314568005609865864e-01 1.597525413733081230e-08
-3.259134695983023078e-01 1.532254354334433956e-09
-3.203882823835412230e-01 3.565871358594235987e-09
-3.148808734411985277e-01 7.110273358056073211e-09
-3.093908814266739249e-01 1.000437878738174664e-08
-3.039179490238102521e-01 2.880142764076018323e-09
-2.984617228444969572e-01 3.790770416174547685e-09
-2.930218533302758055e-01 1.311407786953052505e-09
-2.875979946558883671e-01 6.123273698076953174e-09
-2.821898046347048883e-01 5.344567505889184492e-08
-2.767969446259778143e-01 1.614655213094375147e-08
-2.714190794438640086e-01 7.572989492604554687e-09
-2.660558772681595463e-01 1.296376696335018767e-08
-2.607070095566988432e-01 5.582868296929919623e-09
-2.553721509593595007e-01 5.851321265600845969e-09
-2.500509792336281789e-01 2.637678326915081335e-09
-2.447431751616790663e-01 3.255815361575880026e-09
-2.394484224689141794e-01 4.638617387565370893e-09
-2.341664077439190861e-01 7.546073731479429120e-09
-2.288968203597947504e-01 2.999604606106237439e-11
-2.236393523968163433e-01 5.673805212024076876e-09
-2.183936985663748609e-01 7.943079296550626261e-09
-2.131595561361681324e-01 2.800477571745768779e-09
-2.079366248565912845e-01 3.618575243730379196e-08
-2.027246068882932184e-01 4.533431731992787058e-09
-1.975232067308573536e-01 1.864791619914406233e-08
-1.923321311525707789e-01 3.080654069388977234e-09
-1.871510891212436467e-01 1.889061791755309273e-08
-1.819797917360435890e-01 6.143301323187139059e-09
-1.768179521603098492e-01 1.659876223934477527e-08
-1.716652855553124635e-01 5.936765626577002276e-09
-1.665215090149229915e-01 3.302625657411508983e-09
-1.613863415011645708e-01 1.248537959536516230e-08
-1.562595037806076281e-01 3.767098195041451377e-08
-1.511407183615816052e-01 2.958239612142497908e-09
-1.460297094321691691e-01 7.721480624009014350e-09
-1.409262027989571786e-01 1.728107071982977126e-08
-1.358299258265084075e-01 4.855406633132209933e-09
-1.307406073775295718e-01 4.813644473609039257e-09
-1.256579777537080167e-01 8.218426482724458475e-09
-1.205817686371829095e-01 2.626785875016246936e-08
-1.155117130326291097e-01 8.563785823767748802e-09
-1.104475452099255434e-01 2.495025646774183790e-08
-1.053890006473798824e-01 3.658939687578395014e-08
-1.003358159754815099e-01 4.846325028188790174e-09
-9.528772892116385562e-02 4.742018177587732768e-09
-9.024447825254262867e-02 1.494738168109248325e-08
-8.520580372410961612e-02 5.962820383507872313e-09
-8.017144602235605488e-02 1.844618696862065391e-08
-7.514114671180081861e-02 3.540697562231189290e-10
-7.011464818139975796e-02 1.561332945777872927e-08
-6.509169359131213028e-02 5.065756501807797243e-09
-6.007202682000037375e-02 2.011742518179334506e-09
-5.505539241164043168e-02 1.345499966715796038e-09
-5.004153552381902792e-02 7.800881776059570179e-09
-4.503020187549407194e-02 2.730717103965974276e-09
-4.002113769519974329e-02 2.635432998011341498e-08
-3.501408966946639723e-02 8.505461415551813332e-09
-3.000880489143913435e-02 2.103528767865060420e-08
-2.500503080967274305e-02 1.044282851529480729e-08
-2.000251517707496776e-02 4.820257159089356930e-08
-1.500100599998219555e-02 7.263769710487684454e-08
-1.000025148734561345e-02 1.124374216408550377e-08
-5.000000000000051278e-03 2.121172642915823282e-08
-4.151058885056183785e-17 4.547895275110952759e-09
4.999999999999968012e-03 2.344842600330030116e-09
1.000025148734597427e-02 2.903386509253351256e-08
1.500100599998233260e-02 5.495228054992310091e-09
2.000251517707488449e-02 3.609596102924369197e-08
2.500503080967310041e-02 7.498976588093749868e-09
3.000880489143927313e-02 1.249838808205619939e-08
3.501408966946631396e-02 4.034655965131775165e-09
4.002113769520009717e-02 2.024053057795233456e-09
4.503020187549421072e-02 2.573276293135238032e-08
5.004153552381894465e-02 2.492017891957384607e-08
5.505539241164034842e-02 4.886858257333333322e-08
6.007202682000051253e-02 3.669023260136055760e-08
6.509169359131226906e-02 1.665913430012169343e-09
7.011464818139967470e-02 2.175190949240134793e-08
7.514114671180095739e-02 1.808389059236293244e-09
8.017144602235619366e-02 8.149004062357642772e-09
8.520580372410954673e-02 2.366771911215393551e-09
9.024447825254276745e-02 4.665827236251373713e-09
9.528772892116399440e-02 1.826624727260907438e-09
1.003358159754814266e-01 6.515064394187477725e-09
1.053890006473800073e-01 1.090242209491024966e-08
1.104475452099259181e-01 2.290300488346569179e-08
1.155117130326290265e-01 3.003190443956884286e-08
1.205817686371828262e-01 2.293164616105760021e-08
1.256579777537083775e-01 5.771029447619304203e-09
1.307406073775296829e-01 2.742129705654532871e-09
1.358299258265082687e-01 1.717173914319636194e-08
1.409262027989575117e-01 1.130083700422496798e-11
1.460297094321692801e-01 2.795638229361420217e-08
1.511407183615814942e-01 1.553053028588786471e-08
1.562595037806079612e-01 2.905635630945378602e-09
1.613863415011646818e-01 3.523337935970678208e-09
1.665215090149231025e-01 2.590497242988053031e-08
1.716652855553127688e-01 5.961427917415293849e-09
1.768179521603099880e-01 2.370116300949520356e-09
1.819797917360437278e-01 1.570868476462274651e-08
1.871510891212435357e-01 1.519826120590218386e-09
1.923321311525708899e-01 7.129305136359976334e-10
1.975232067308574646e-01 1.972999189894481968e-09
2.027246068882931074e-01 4.614102200319362831e-08
2.079366248565913955e-01 8.183463421453380864e-09
2.131595561361682156e-01 2.570029039766093102e-09
2.183936985663747499e-01 8.464397999872589406e-09
2.236393523968162322e-01 6.951341542037863189e-09
2.288968203597950835e-01 5.626785088281693589e-09
2.341664077439189473e-01 2.864274140868491410e-08
2.394484224689140683e-01 2.212363105288232983e-08
2.447431751616793993e-01 1.097438626619014250e-08
2.500509792336280679e-01 4.025109296714512137e-08
2.553721509593593342e-01 3.667350669941057222e-08
2.607070095566991763e-01 6.716959944918155853e-09
2.660558772681596018e-01 3.582983334361421485e-08
2.714190794438638976e-01 1.208590640259501425e-08
2.767969446259781474e-01 3.548261892644669144e-08
2.821898046347049993e-01 4.450428753911510470e-08
2.875979946558884781e-01 6.320680698171470882e-09
2.930218533302761941e-01 1.522998931225346279e-08
2.984617228444970682e-01 3.741284535782360169e-08
3.039179490238103631e-01 9.506775925227202182e-09
3.093908814266742580e-01 7.793451206354587350e-10
3.148808734411986388e-01 1.008289281411118568e-09
3.203882823835413340e-01 2.962222639702028188e-08
3.259134695983026964e-01 1.221037908577391776e-08
3.314568005609867529e-01 3.119310679917554024e-08
3.370186449825955388e-01 1.972749191524621406e-09
3.425993769164139557e-01 9.488665113600274255e-09
3.481993748670657585e-01 1.699950222965455747e-08
3.538190219019015648e-01 1.982202429136808895e-08
3.594587057647973816e-01 1.337662496453464200e-08
3.651188189924404193e-01 1.405687191968848207e-08
3.707997590331718607e-01 2.808506722375771041e-08
3.765019283684746809e-01 6.074217316999458363e-09
3.822257346371888964e-01 7.448151474890656468e-09
3.879715907625317928e-01 1.149370026486431463e-08
3.937399150820192761e-01 9.649001104207498454e-09
3.995311314803785541e-01 2.968518855692663559e-08
4.053456695255391318e-01 5.954933477394468445e-08
4.111839646078068178e-01 5.094144969172442732e-08
4.170464580823191603e-01 3.426432810949203848e-08
4.229335974148815125e-01 2.607675809653333882e-08
4.288458363312944166e-01 6.389105075328892136e-09
4.347836349702859926e-01 7.771879560145815762e-09
4.407474600401543041e-01 5.541368971601872093e-09
4.467377849792464883e-01 1.079966252717946818e-08
4.527550901203956091e-01 5.126711466454960015e-09
4.587998628594356365e-01 2.400695199539940582e-08
4.648725978279326654e-01 2.438665300928264449e-08
4.709737970702658205e-01 1.838421157606955470e-08
4.771039702251921866e-01 3.583273904559848363e-08
4.832636347120511933e-01 7.550252520264865751e-08
4.894533159217510643e-01 3.626931605660371805e-09
4.956735474126913732e-01 3.757880999359629280e-08
5.019248711117932915e-01 3.637997245872500267e-08
5.082078375207910170e-01 7.112450762908409898e-09
5.145230059279664037e-01 8.652872039551287306e-09
5.208709446255060938e-01 4.532909377962438612e-08
5.272522311326588440e-01 2.404030147663339908e-08
5.336674524248943285e-01 4.878477324865038314e-09
5.401172051692617604e-01 2.343698593219906463e-08
5.466020959661491707e-01 8.210712616385398318e-09
5.531227415976649464e-01 2.538297231565674144e-08
5.596797692828657800e-01 2.720140050872110761e-08
5.662738169400510779e-01 1.250050410683119795e-08
5.729055334563810664e-01 4.860338365039110015e-08
5.795755789650528511e-01 8.025986662665712528e-08
5.862846251302993306e-01 1.663020911618558483e-08
5.930333554404833007e-01 7.093721832006621413e-08
5.998224655095604207e-01 2.567553388545359192e-08
6.066526633872036944e-01 6.406187802095101154e-10
6.135246698778876739e-01 5.279985390471048362e-10
6.204392188692554599e-01 1.405292053564918713e-07
6.273970576700789170e-01 2.699355107006724950e-10
6.343989473581657101e-01 1.901632271216785425e-07
6.414456631385582197e-01 3.760071628637026138e-08
6.485379947123885991e-01 3.621579335854758183e-07
6.556767466567751113e-01 4.012274063200897940e-08
6.628627388161606460e-01 1.160840399802953620e-07
6.700968067054920985e-01 6.129150980067033304e-07
6.773798019256893621e-01 6.587884365264022928e-09
6.847125925918335909e-01 1.105635854969406379e-07
6.920960637745565691e-01 2.204180049912996750e-07
6.995311179551041425e-01 8.167584173012707639e-08
7.070186754945865237e-01 6.106144628359925338e-08
7.145596751179416062e-01 2.524853360591078933e-07
7.221550744131648436e-01 1.143988247694780690e-07
7.298058503463658031e-01 3.283760359084937602e-08
7.375129997932668990e-01 3.970362472981014718e-08
7.452775400877571510e-01 1.478505623966490295e-08
7.531005095881470046e-01 6.339602629788128950e-07
7.609829682618186597e-01 3.717592353250232370e-08
7.689259982889686817e-01 2.046755315337965819e-07
7.769307046861817501e-01 4.892613886493288208e-07
7.849982159506154744e-01 2.170201441908902381e-06
7.931296847256019689e-01 1.701100235527334221e-05
8.013262884885021808e-01 9.331231962317080297e-01
8.095892302617037073e-01 1.728532543442610647e+00
8.179197393476813627e-01 3.730439353958471482e+00
8.263190720890769558e-01 5.161030410065040819e+00
8.347885126548114654e-01 6.493793980990745673e+00
8.433293738532896544e-01 8.406393089268338059e+00
8.519429979737834779e-01 9.857233615052823694e+00
8.606307576571655682e-01 1.121958186360652121e+01
8.693940567971949474e-01 1.167847803866648704e+01
8.782343314736156259e-01 1.129037136691891696e+01
8.871530509183995772e-01 9.158706057842104897e+00
8.961517185165281951e-01 7.257998625457160458e+00
9.052318728427538597e-01 5.250773739956521524e+00
9.143950887358863744e-01 3.098069437747724475e+00
9.236429784121850117e-01 1.610180837808929510e+00
9.329771926195572496e-01 5.736286985920376891e-01
9.423994218343089146e-01 2.312480370376345754e-05
9.519113975022994723e-01 7.680020464108430660e-07
9.615148933264527908e-01 8.330039082677623046e-08
9.712117266026539797e-01 7.013781204920223882e-07
9.810037596061752518e-01 7.323216213650660515e-07
9.908929010308823448e-01 3.012215319443877792e-07
1.000881107483597487e+00 1.515099062828128277e-07
1.010970385036090269e+00 8.284212804739393791e-08
1.021162790837329526e+00 5.472477050246826391e-08
1.031460434788744385e+00 3.215832738412198787e-08
1.041865481285389805e+00 1.310323749065174888e-07
1.052380151026073518e+00 1.349943310562618944e-11
1.063006722895663447e+00 1.004307343152396654e-07
1.073747535922947360e+00 5.755750868260415236e-08
1.084604991317632772e+00 3.674136388142661865e-08
1.095581554590242979e+00 4.419598144908523986e-09
1.106679757758872062e+00 2.962145475929918385e-08
1.117902201646994387e+00 1.345104303440099936e-07
1.129251558276759493e+00 2.926584554061820853e-08
1.140730573362411571e+00 3.313257532447514430e-08
1.152342068908791983e+00 1.136279949883914120e-07
1.164088945920123352e+00 2.741277632265980078e-09
1.175974187224572143e+00 3.561338100846725404e-08
1.188000860420427740e+00 1.495591898075573805e-08
1.200172120950045329e+00 2.822611712908724379e-08
1.212491215308081793e+00 7.825296093008149014e-09
1.224961484390919786e+00 9.804884981360835371e-09
1.237586366994588349e+00 1.140013601703303833e-09
1.250369403468921226e+00 2.523489700693574159e-08
1.263314239536188044e+00 6.164626683353222841e-08
1.276424630282862127e+00 1.183038070558909361e-08
1.289704444333804823e+00 2.273384617795477399e-08
1.303157668218648979e+00 1.109564634055959561e-08
1.316788410940794352e+00 7.140989144930696310e-09
1.330600908760077861e+00 3.689830123098828413e-08
1.344599530200891291e+00 4.647574114339153971e-09
1.358788781298217785e+00 8.888788674800218782e-09
1.373173311094915583e+00 3.340250747820828897e-08
1.387757917404398356e+00 3.422601480014501433e-09
1.402547552853775414e+00 9.645593787834871819e-09
1.417547331223529161e+00 2.491255722090160398e-08
1.432762534100853413e+00 2.928025722203503015e-08
1.448198617864900895e+00 1.870524112844137137e-08
1.463861221023438519e+00 1.988850020710019060e-09
1.479756171921722929e+00 5.029786374678606770e-09
1.495889496845789424e+00 2.430095996796574417e-08
1.512267428543952130e+00 9.322281391359965555e-09
1.528896415191897562e+00 1.107409593582740874e-08
1.545783129828541158e+00 4.567554149276125240e-10
1.562934480291788830e+00 1.298126737674514531e-08
1.580357619685341941e+00 1.347075233797877768e-08
1.598059957409985854e+00 1.800107776749257469e-08
1.616049170795220702e+00 1.463994224048725059e-08
1.634333217369666968e+00 1.293341137455287986e-08
1.652920347811602131e+00 2.619359162038881262e-08
1.671819119624006422e+00 2.906470242740614173e-08
1.691038411581847090e+00 1.350394721738415289e-08
1.710587439002987376e+00 2.514257361427246077e-08
1.730475769898035976e+00 1.130549444058533527e-09
1.750713342058707767e+00 2.148438272494044862e-08
1.771310481148987259e+00 3.083334040870705354e-09
1.792277919868425329e+00 2.785770390154062748e-08
1.813626818262428664e+00 9.503268794271012045e-09
1.835368785260464763e+00 1.819036395564362052e-08
1.857515901529695146e+00 2.208662843244877856e-08
1.880080743738695492e+00 3.810616552503997678e-08
1.903076410333882196e+00 7.645482399681798394e-09
1.926516548939786855e+00 4.820632724400141616e-09
1.950415385503826426e+00 2.005765749902779645e-08
1.974787755316548266e+00 2.513099023405214924e-08
1.999649136049679532e+00 1.481930958074606229e-09
2.025015682966774921e+00 2.313541647177991991e-08
2.050904266475055859e+00 4.434623788229063243e-09
2.077332512202038295e+00 1.517202216657808723e-08
2.104318843797274852e+00 1.493201670955519471e-08
2.131882528677897515e+00 1.105134066636910631e-08
2.160043726956898613e+00 1.968239675976322971e-08
2.188823543815518136e+00 1.555607948791943594e-09
2.218244085606003058e+00 8.921910291483661034e-09
2.248328519998397557e+00 4.519153591185694048e-09
2.279101140515614965e+00 3.644902691144638766e-10
2.310587435834983161e+00 2.079501001260662145e-09
2.342814164271995292e+00 6.263893378233254842e-09
2.375809433904205292e+00 4.140255374123819798e-09
2.409602788839831256e+00 1.268903709476070641e-09
2.444225302188005156e+00 5.199760429024611260e-09
2.479709676346002034e+00 1.005254940769024129e-09
2.516090351284283599e+00 3.100954206053076509e-08
2.553403621583411720e+00 5.805969527885134647e-09
2.591687763059467020e+00 1.036037200701866812e-08
2.630983169907057384e+00 1.206012640042762000e-08
2.671332503393481606e+00 1.051699152238434919e-08
2.712780853255288172e+00 2.538647256129657805e-09
2.755375913081506312e+00 2.635001074026831968e-09
2.799168171118327830e+00 1.442235838965943515e-08
2.844211118100896218e+00 4.277375033484304560e-08
2.890561473911588131e+00 2.874013963695090186e-09
2.938279435084994340e+00 4.090576043119580874e-09
2.987428945431348293e+00 1.047022285251142243e-08
3.038077992337560040e+00 3.659872964824293574e-09
3.090298931633904456e+00 1.557333096646687835e-08
3.144168844291917342e+00 4.425842809301514212e-09
3.199769928652491213e+00 1.411744487645940541e-08
3.257189932382928088e+00 4.258797209663870191e-10
3.316522628938477268e+00 2.588897302720868755e-09
3.377868343971226484e+00 6.558405359769116426e-09
3.441334537903732116e+00 7.611629938900039468e-09
3.507036451785127795e+00 1.117061710212290356e-09
3.575097824597341933e+00 2.033718993098247308e-09
3.645651691406516903e+00 1.343593567792918975e-08
3.718841273193660868e+00 1.216709352018872661e-10
3.794820970889963174e+00 6.666529329515921754e-09
3.873757478137244359e+00 7.136585349679549227e-09
3.955831029653007924e+00 7.915743379623272964e-09
4.041236804879297928e+00 6.061826299960359027e-09
4.130186509927489702e+00 6.191057352510737906e-09
4.222910164812807565e+00 6.405286508207828292e-10
4.319658127746227372e+00 8.796308516086984289e-10
4.420703393996887165e+00 1.457887582888252268e-09
4.526344213778937586e+00 5.916751267123442131e-09
4.636907082037216021e+00 5.450192709098840541e-09
4.752750163264185979e+00 4.371621444344573899e-09
4.874267227033050709e+00 6.472460921397226512e-09
5.001892185363850274e+00 9.416119536583028524e-09
5.136104342104077958e+00 4.956416277033979001e-09
5.277434488177208394e+00 2.340719068522683087e-09
5.426472006104844148e+00 2.486917055072202261e-09
5.583873184308420612e+00 4.800669000990348419e-11
5.750370988549687645e+00 2.166097419399988289e-09
5.926786597410237611e+00 2.207258246707482790e-09
6.114043084875222078e+00 1.795075327545073163e-09
6.313181731196443103e+00 3.518993696208959707e-09
6.525381570524497299e+00 1.291106912315456160e-09
6.751982950306783415e+00 4.353153562575188758e-09
6.994516097029166879e+00 8.978376535137201698e-09
7.254735975022011729e+00 3.693670798529953611e-09
7.534665117411080359e+00 3.488236584039911242e-09
7.836646640587228596e+00 1.412909588258277860e-08
8.163410383531928716e+00 8.880198221603910584e-10
8.518156126042216059e+00 3.397972910560755188e-09
8.904659262506966044e+00 1.171003233496551908e-11
9.327406333425754426e+00 3.954446993976532408e-09
9.791770743284624601e+00 1.071209349742765715e-09
1.030424328906184073e+01 4.015742496299232818e-09
1.087273853939115398e+01 2.574677576519559837e-09
1.150700787033969874e+01 4.459093014626926700e-10
1.221920514335652008e+01 4.582259741509720769e-09
1.302467515755499861e+01 3.021563212826348857e-09
1.394307442116850204e+01 1.561764600778272329e-09
1.499999999999984546e+01 9.473926891210349883e-09
