-1.499999999999984546e+01 4.496972103001886954e-05
-1.394307442116845941e+01 1.336395816719994519e-04
-1.302467515755499861e+01 3.191612929926468975e-04
-1.221920514335648811e+01 6.309101459861865069e-04
-1.150700787033963834e+01 1.087162309953827169e-03
-1.087273853939112733e+01 1.756664693831685260e-03
-1.030424328906179277e+01 2.599145652193536778e-03
-9.791770743284603284e+00 3.701881858940323563e-03
-9.327406333425754426e+00 4.889983499895672256e-03
-8.904659262506948281e+00 6.310132387764172748e-03
-8.518156126042184084e+00 7.826765490756060206e-03
-8.163410383531914505e+00 9.377752034416656640e-03
-7.836646640587201063e+00 1.107831205524176764e-02
-7.534665117411080359e+00 1.282871678536468170e-02
-7.254735975022024164e+00 1.448546311554060016e-02
-6.994516097029166879e+00 1.626393345882266167e-02
-6.751982950306772757e+00 1.798609498494660799e-02
-6.525381570524497299e+00 1.961323425589785521e-02
-6.313181731196434221e+00 2.134279394725832613e-02
-6.114043084875222078e+00 2.281721658693067548e-02
-5.926786597410245605e+00 2.428351393608790820e-02
-5.750370988549687645e+00 2.570595628190297521e-02
-5.583873184308413506e+00 2.681687226411852421e-02
-5.426472006104829937e+00 2.824170192062919887e-02
-5.277434488177201288e+00 2.943261533201453964e-02
-5.136104342104077958e+00 3.039552281488440075e-02
-5.001892185363844057e+00 3.141669681330209324e-02
-4.874267227033040051e+00 3.256561295527876654e-02
-4.752750163264180649e+00 3.373366708097387534e-02
-4.636907082037206251e+00 3.411546856161672830e-02
-4.526344213778932257e+00 3.523882012833293859e-02
-4.420703393996887165e+00 3.585998329264536433e-02
-4.319658127746222931e+00 3.639198783462973402e-02
-4.222910164812799572e+00 3.751805408540888342e-02
-4.130186509927485261e+00 3.795914839668231011e-02
-4.041236804879289934e+00 3.869630299277106167e-02
-3.955831029653007924e+00 3.924775269221222190e-02
-3.873757478137248356e+00 3.980532767717930714e-02
-3.794820970889963174e+00 4.049755393263949205e-02
-3.718841273193658203e+00 4.094732846752858341e-02
-3.645651691406516903e+00 4.142276387759397799e-02
-3.575097824597338825e+00 4.244107566909741808e-02
-3.507036451785127795e+00 4.290289481585052300e-02
-3.441334537903729007e+00 4.330252689902587548e-02
-3.377868343971221154e+00 4.361775367031105882e-02
-3.316522628938475048e+00 4.376689017290911338e-02
-3.257189932382928088e+00 4.419588873481480884e-02
-3.199769928652489437e+00 4.486537028715572445e-02
-3.144168844291917342e+00 4.543917547842882959e-02
-3.090298931633901791e+00 4.586707304235596028e-02
-3.038077992337555155e+00 4.643464576842881025e-02
-2.987428945431346516e+00 4.656410538143552352e-02
-2.938279435084989455e+00 4.685500631469332461e-02
-2.890561473911585910e+00 4.759293940312586679e-02
-2.844211118100896218e+00 4.850839813776001985e-02
-2.799168171118325610e+00 4.935549536552880090e-02
-2.755375913081502315e+00 4.939331961740613813e-02
-2.712780853255288172e+00 5.040631736734410562e-02
-2.671332503393478053e+00 5.027807730672282510e-02
-2.630983169907057384e+00 5.114763239997788258e-02
-2.591687763059467020e+00 5.194851416251564796e-02
-2.553403621583411720e+00 5.237710744807648477e-02
-2.516090351284280491e+00 5.276442502636120857e-02
-2.479709676346002034e+00 5.304158528057253269e-02
-2.444225302188003379e+00 5.395735430759825840e-02
-2.409602788839831256e+00 5.422596272858149630e-02
-2.375809433904203960e+00 5.558472208615790333e-02
-2.342814164271992627e+00 5.509038785371134922e-02
-2.310587435834981385e+00 5.703389476723328549e-02
-2.279101140515614965e+00 5.631660120448767071e-02
-2.248328519998395780e+00 5.720378059388371572e-02
-2.218244085606003058e+00 5.786538576293274311e-02
-2.188823543815516803e+00 5.962584004901498591e-02
-2.160043726956895949e+00 5.995460841957173104e-02
-2.131882528677896183e+00 6.087522006611690434e-02
-2.104318843797272631e+00 6.101835123684751921e-02
-2.077332512202036963e+00 6.129792921571986658e-02
-2.050904266475055859e+00 6.252122835497823938e-02
-2.025015682966774033e+00 6.325984970940047580e-02
-1.999649136049677312e+00 6.432950794216867052e-02
-1.974787755316548266e+00 6.559525536065259621e-02
-1.950415385503824428e+00 6.634706846694848892e-02
-1.926516548939785745e+00 6.659581174853605734e-02
-1.903076410333882196e+00 6.834296454576523072e-02
-1.880080743738695492e+00 6.956901887697992948e-02
-1.857515901529694036e+00 6.860419629582664713e-02
-1.835368785260464763e+00 7.090210361439311382e-02
-1.813626818262426887e+00 7.151687997073120917e-02
-1.792277919868425329e+00 7.297727110976405529e-02
-1.771310481148986149e+00 7.360695693557138541e-02
-1.750713342058705768e+00 7.446699295751595116e-02
-1.730475769898034866e+00 7.549375847741264522e-02
-1.710587439002987376e+00 7.637963717226861626e-02
-1.691038411581845979e+00 7.789561711868546456e-02
-1.671819119624006422e+00 7.702666306853807321e-02
-1.652920347811601687e+00 7.967161493618653278e-02
-1.634333217369665192e+00 8.220516702499021389e-02
-1.616049170795219814e+00 8.283699232531055445e-02
-1.598059957409985854e+00 8.314352278244414862e-02
-1.580357619685341053e+00 8.389752824121175789e-02
-1.562934480291788830e+00 8.563361062037218308e-02
-1.545783129828541158e+00 8.641149290764826851e-02
-1.528896415191895786e+00 8.683280253259315073e-02
-1.512267428543951242e+00 8.894028207815803111e-02
-1.495889496845787869e+00 8.773877062030868701e-02
-1.479756171921722929e+00 9.125931493295660890e-02
-1.463861221023438519e+00 9.190041776910334859e-02
-1.448198617864899784e+00 9.122499624115031069e-02
-1.432762534100851859e+00 9.515905340709478188e-02
-1.417547331223529161e+00 9.606193783333287495e-02
-1.402547552853774304e+00 9.790459362385277309e-02
-1.387757917404398356e+00 9.953245544744461493e-02
-1.373173311094914473e+00 9.930017526430219565e-02
-1.358788781298216675e+00 1.010906884090837093e-01
-1.344599530200890625e+00 1.030363335829817539e-01
-1.330600908760077861e+00 1.034061201685896186e-01
-1.316788410940793463e+00 1.057996174525926425e-01
-1.303157668218648979e+00 1.059595181247795365e-01
-1.289704444333804600e+00 1.072482296072191782e-01
-1.276424630282860795e+00 1.107129759300077843e-01
-1.263314239536187600e+00 1.104278109595520641e-01
-1.250369403468921226e+00 1.141298498792055194e-01
-1.237586366994587683e+00 1.140909844468133011e-01
-1.224961484390919786e+00 1.165044163964778362e-01
-1.212491215308081349e+00 1.193949678610971843e-01
-1.200172120950044441e+00 1.184326524389066743e-01
-1.188000860420426852e+00 1.197045809632677343e-01
-1.175974187224572365e+00 1.195304410321060273e-01
-1.164088945920123352e+00 1.229101119705119649e-01
-1.152342068908791317e+00 1.224966275944353727e-01
-1.140730573362410238e+00 1.266663402494808688e-01
-1.129251558276758605e+00 1.289898924871702435e-01
-1.117902201646994165e+00 1.279350112795607231e-01
-1.106679757758871174e+00 1.318188170187953034e-01
-1.095581554590242757e+00 1.315223486862409918e-01
-1.084604991317632328e+00 1.338567696783581340e-01
-1.073747535922946250e+00 1.360474313980062078e-01
-1.063006722895662781e+00 1.351266783215395728e-01
-1.052380151026073518e+00 1.376007181555297942e-01
-1.041865481285389139e+00 1.415153793833860973e-01
-1.031460434788744385e+00 1.416423415098563843e-01
-1.021162790837329082e+00 1.420881265771392343e-01
-1.010970385036089381e+00 1.457537202919508279e-01
-1.000881107483597043e+00 1.458445254823091120e-01
-9.908929010308823448e-01 1.489921792394622024e-01
-9.810037596061752518e-01 1.495394789464592200e-01
-9.712117266026539797e-01 1.491296279649476086e-01
-9.615148933264523468e-01 1.507307656811656127e-01
-9.519113975022986951e-01 1.496385849791962708e-01
-9.423994218343084706e-01 1.529900262310795178e-01
-9.329771926195575826e-01 1.528919499058252751e-01
-9.236429784121844566e-01 1.563871362387221076e-01
-9.143950887358859303e-01 1.594191614822816350e-01
-9.052318728427537486e-01 1.600771072761956737e-01
-8.961517185165274180e-01 1.633032530526066506e-01
-8.871530509183994662e-01 1.616493582676016005e-01
-8.782343314736150708e-01 1.643780520922553945e-01
-8.693940567971949474e-01 1.681038799777548887e-01
-8.606307576571651241e-01 1.667201648224486965e-01
-8.519429979737824787e-01 1.741620466167217163e-01
-8.433293738532892103e-01 1.696470152989961455e-01
-8.347885126548113544e-01 1.721713574681596748e-01
-8.263190720890765117e-01 1.734755768592431691e-01
-8.179197393476813627e-01 1.726868097308314753e-01
-8.095892302617030412e-01 1.746669179314063736e-01
-8.013262884885015147e-01 1.749979291673386672e-01
-7.931296847256015248e-01 1.779937346859825353e-01
-7.849982159506153634e-01 1.812815145524372673e-01
-7.769307046861815280e-01 1.805987676598237723e-01
-7.689259982889686817e-01 1.837753614522311951e-01
-7.609829682618184377e-01 1.824308989822132354e-01
-7.531005095881461164e-01 1.850716299409109755e-01
-7.452775400877568179e-01 1.862351058577019214e-01
-7.375129997932672321e-01 1.823087774570965602e-01
-7.298058503463653590e-01 1.842445634481394423e-01
-7.221550744131645105e-01 1.916163979104354154e-01
-7.145596751179414952e-01 1.914040140630943743e-01
-7.070186754945858576e-01 1.870089074177019861e-01
-6.995311179551040315e-01 1.926632367189474726e-01
-6.920960637745565691e-01 1.895821249779519602e-01
-6.847125925918331468e-01 1.962161289086093996e-01
-6.773798019256889180e-01 1.919389109145940853e-01
-6.700968067054918764e-01 1.898917734603894902e-01
-6.628627388161604239e-01 1.953207187549333979e-01
-6.556767466567750002e-01 1.960065752162543917e-01
-6.485379947123881550e-01 1.921793923863958087e-01
-6.414456631385582197e-01 1.947403732581320657e-01
-6.343989473581652661e-01 2.035242578678504444e-01
-6.273970576700782509e-01 1.982798972843674568e-01
-6.204392188692551269e-01 2.006420267713259764e-01
-6.135246698778875629e-01 2.049952843812181125e-01
-6.066526633872033614e-01 2.024041849173003893e-01
-5.998224655095604207e-01 2.035094689300294968e-01
-5.930333554404829677e-01 2.035727077825544573e-01
-5.862846251302987755e-01 2.048587176101329954e-01
-5.795755789650526291e-01 2.026751515192619368e-01
-5.729055334563811774e-01 2.027112825382282602e-01
-5.662738169400507449e-01 2.043064904967178130e-01
-5.596797692828653359e-01 2.089546800080805677e-01
-5.531227415976648354e-01 2.076486650446978666e-01
-5.466020959661486156e-01 2.079408196709143786e-01
-5.401172051692616494e-01 2.044745593431511466e-01
-5.336674524248944396e-01 2.062104074035647494e-01
-5.272522311326585109e-01 2.041810293095286943e-01
-5.208709446255063158e-01 2.085995333479145342e-01
-5.145230059279665147e-01 2.075020766727157517e-01
-5.082078375207905729e-01 2.101479375254263482e-01
-5.019248711117934025e-01 2.115539369542078496e-01
-4.956735474126915397e-01 2.106352587626544315e-01
-4.894533159217509533e-01 2.075613945311013675e-01
-4.832636347120513043e-01 2.112125982267060165e-01
-4.771039702251920200e-01 2.075412732317073738e-01
-4.709737970702656540e-01 2.096326420953760206e-01
-4.648725978279327764e-01 2.076477367383095518e-01
-4.587998628594354700e-01 2.093112969162922443e-01
-4.527550901203954981e-01 2.094315422940084825e-01
-4.467377849792463773e-01 2.129049181591911311e-01
-4.407474600401539711e-01 2.111604231377718910e-01
-4.347836349702858816e-01 2.120617343003859401e-01
-4.288458363312943056e-01 2.136261784947443287e-01
-4.229335974148811239e-01 2.074739587968117138e-01
-4.170464580823190492e-01 2.097605123428614715e-01
-4.111839646078065957e-01 2.046154692529990327e-01
-4.053456695255387987e-01 2.092030416334332843e-01
-3.995311314803784430e-01 2.098917249096761972e-01
-3.937399150820194427e-01 2.093780276754360903e-01
-3.879715907625314597e-01 2.073163384030686784e-01
-3.822257346371890074e-01 2.105292043026096016e-01
-3.765019283684747919e-01 2.089446081453410764e-01
-3.707997590331714166e-01 2.098194472521139886e-01
-3.651188189924405858e-01 2.153287275542846158e-01
-3.594587057647975481e-01 2.099520990004465071e-01
-3.538190219019011762e-01 2.078960815876382262e-01
-3.481993748670658695e-01 2.103611258736037271e-01
-3.425993769164140668e-01 2.110707035306451929e-01
-3.370186449825951502e-01 2.062921804830390171e-01
-3.314568005609865864e-01 2.091207371762190403e-01
-3.259134695983023078e-01 2.146162969645559471e-01
-3.203882823835412230e-01 2.139107408347660499e-01
-3.148808734411985277e-01 2.074214149701767429e-01
-3.093908814266739249e-01 2.064160932212417143e-01
-3.039179490238102521e-01 1.976425842340684413e-01
-2.984617228444969572e-01 2.081992717452836039e-01
-2.930218533302758055e-01 2.055038894218971790e-01
-2.875979946558883671e-01 2.085893237982452408e-01
-2.821898046347048883e-01 2.075036621473119181e-01
-2.767969446259778143e-01 2.047913036296074851e-01
-2.714190794438640086e-01 2.056710632293632934e-01
-2.660558772681595463e-01 2.048438857681480763e-01
-2.607070095566988432e-01 2.073289813374523116e-01
-2.553721509593595007e-01 2.042764827158247976e-01
-2.500509792336281789e-01 2.008403998501409049e-01
-2.447431751616790663e-01 2.032926976502259786e-01
-2.394484224689141794e-01 2.019838557818876001e-01
-2.341664077439190861e-01 2.071104763391786729e-01
-2.288968203597947504e-01 2.003146047772608185e-01
-2.236393523968163433e-01 2.044710231055907879e-01
-2.183936985663748609e-01 2.045323376577798113e-01
-2.131595561361681324e-01 1.993832055999634756e-01
-2.079366248565912845e-01 1.975969170082441662e-01
-2.027246068882932184e-01 2.016987319019362401e-01
-1.975232067308573536e-01 2.029165783871117457e-01
-1.923321311525707789e-01 2.016504104225946559e-01
-1.871510891212436467e-01 2.006877563315615509e-01
-1.819797917360435890e-01 2.009952101453496842e-01
-1.768179521603098492e-01 2.031261009799117390e-01
-1.716652855553124635e-01 1.964381009694858848e-01
-1.665215090149229915e-01 2.004457137222765140e-01
-1.613863415011645708e-01 2.008783674751415116e-01
-1.562595037806076281e-01 2.025786319442943739e-01
-1.511407183615816052e-01 2.017081518890581626e-01
-1.460297094321691691e-01 1.965968723145800345e-01
-1.409262027989571786e-01 1.976218817304260800e-01
-1.358299258265084075e-01 2.012476798183629456e-01
-1.307406073775295718e-01 1.981687710337784736e-01
-1.256579777537080167e-01 1.983051792519317513e-01
-1.205817686371829095e-01 1.979651563270359571e-01
-1.155117130326291097e-01 1.966149765892330481e-01
-1.104475452099255434e-01 1.926787725095923109e-01
-1.053890006473798824e-01 1.983925815198491482e-01
-1.003358159754815099e-01 1.970880391081485106e-01
-9.528772892116385562e-02 1.973257306662084820e-01
-9.024447825254262867e-02 2.039392448661818402e-01
-8.520580372410961612e-02 1.975396931857014982e-01
-8.017144602235605488e-02 1.938915319091061573e-01
-7.514114671180081861e-02 1.940818853688369983e-01
-7.011464818139975796e-02 1.981804982562331285e-01
-6.509169359131213028e-02 1.920235237083480206e-01
-6.007202682000037375e-02 2.003330544270556235e-01
-5.505539241164043168e-02 2.005616106662304332e-01
-5.004153552381902792e-02 1.955837181589164808e-01
-4.503020187549407194e-02 1.964547561624618854e-01
-4.002113769519974329e-02 1.965946913495392190e-01
-3.501408966946639723e-02 1.941818610509429277e-01
-3.000880489143913435e-02 1.960354826158058339e-01
-2.500503080967274305e-02 1.931432279348164749e-01
-2.000251517707496776e-02 1.993021865606152410e-01
-1.500100599998219555e-02 1.908070771301884072e-01
-1.000025148734561345e-02 1.939467626593031346e-01
-5.000000000000051278e-03 1.954585430831580484e-01
-4.151058885056183785e-17 1.945248114223554203e-01
4.999999999999968012e-03 1.956367338448249393e-01
1.000025148734597427e-02 1.972385876540970473e-01
1.500100599998233260e-02 1.954818675481517221e-01
2.000251517707488449e-02 1.945865637507973589e-01
2.500503080967310041e-02 1.972459364971227147e-01
3.000880489143927313e-02 1.969657066210133700e-01
3.501408966946631396e-02 1.951140047571839342e-01
4.002113769520009717e-02 1.964974003441984363e-01
4.503020187549421072e-02 1.961812026048735391e-01
5.004153552381894465e-02 1.947709902148753447e-01
5.505539241164034842e-02 1.957206366237447259e-01
6.007202682000051253e-02 1.882733144086191079e-01
6.509169359131226906e-02 1.989226066887686550e-01
7.011464818139967470e-02 1.892071593855603751e-01
7.514114671180095739e-02 1.919622353653328561e-01
8.017144602235619366e-02 2.030575019243821555e-01
8.520580372410954673e-02 1.935254050200522491e-01
9.024447825254276745e-02 1.992795378993439670e-01
9.528772892116399440e-02 1.968091515399424118e-01
1.003358159754814266e-01 2.016134251286195445e-01
1.053890006473800073e-01 2.004860894018027639e-01
1.104475452099259181e-01 1.947183036191370009e-01
1.155117130326290265e-01 1.977696238585043842e-01
1.205817686371828262e-01 2.002345671303454311e-01
1.256579777537083775e-01 2.065586757637798976e-01
1.307406073775296829e-01 1.925952660097312308e-01
1.358299258265082687e-01 2.003397229607252195e-01
1.409262027989575117e-01 1.953915804904233777e-01
1.460297094321692801e-01 1.991447681106815470e-01
1.511407183615814942e-01 2.027186367559280500e-01
1.562595037806079612e-01 1.987197254928366463e-01
1.613863415011646818e-01 2.012095087262082138e-01
1.665215090149231025e-01 1.992851480944536624e-01
1.716652855553127688e-01 1.926540744800174509e-01
1.768179521603099880e-01 2.011852819288515726e-01
1.819797917360437278e-01 2.008497878449582996e-01
1.871510891212435357e-01 2.001745345113753460e-01
1.923321311525708899e-01 2.054495595838246036e-01
1.975232067308574646e-01 1.952510136826225706e-01
2.027246068882931074e-01 2.025912733889797535e-01
2.079366248565913955e-01 2.009568484911686825e-01
2.131595561361682156e-01 2.007181157117105541e-01
2.183936985663747499e-01 2.029015313721872493e-01
2.236393523968162322e-01 2.015665681151131983e-01
2.288968203597950835e-01 2.029848077350910329e-01
2.341664077439189473e-01 2.030748707152328636e-01
2.394484224689140683e-01 2.013159178132857274e-01
2.447431751616793993e-01 2.043419298225334080e-01
2.500509792336280679e-01 2.039593935906751643e-01
2.553721509593593342e-01 2.030162127359826374e-01
2.607070095566991763e-01 2.055809498881525643e-01
2.660558772681596018e-01 2.074221677284514287e-01
2.714190794438638976e-01 2.019468275402299118e-01
2.767969446259781474e-01 2.082296404042481286e-01
2.821898046347049993e-01 1.989488438324403807e-01
2.875979946558884781e-01 2.056395374056294023e-01
2.930218533302761941e-01 2.084028737268818487e-01
2.984617228444970682e-01 2.006182088691685905e-01
3.039179490238103631e-01 2.058934203485159875e-01
3.093908814266742580e-01 2.073271391962078214e-01
3.148808734411986388e-01 2.046686778287264696e-01
3.203882823835413340e-01 2.060804052262950603e-01
3.259134695983026964e-01 2.085724920187342624e-01
3.314568005609867529e-01 2.115257731291660115e-01
3.370186449825955388e-01 2.043315051857241271e-01
3.425993769164139557e-01 2.054270646373141385e-01
3.481993748670657585e-01 2.046173977025588231e-01
3.538190219019015648e-01 2.090411326279714155e-01
3.594587057647973816e-01 2.090491145767947034e-01
3.651188189924404193e-01 2.066601108971540812e-01
3.707997590331718607e-01 2.078539094985962232e-01
3.765019283684746809e-01 2.089355815331480348e-01
3.822257346371888964e-01 2.146558073990699478e-01
3.879715907625317928e-01 2.075124904221464506e-01
3.937399150820192761e-01 2.089462839228843904e-01
3.995311314803785541e-01 2.096530436841066714e-01
4.053456695255391318e-01 2.110935040143244734e-01
4.111839646078068178e-01 2.030705398362468161e-01
4.170464580823191603e-01 2.082866537467121248e-01
4.229335974148815125e-01 2.108030734582769794e-01
4.288458363312944166e-01 2.095863135341106409e-01
4.347836349702859926e-01 2.121782506915479705e-01
4.407474600401543041e-01 2.062557040597511326e-01
4.467377849792464883e-01 2.074707718956634861e-01
4.527550901203956091e-01 2.081562697158441388e-01
4.587998628594356365e-01 2.068203890862297667e-01
4.648725978279326654e-01 2.077133463168451544e-01
4.709737970702658205e-01 2.097204738485723419e-01
4.771039702251921866e-01 2.110657120464385361e-01
4.832636347120511933e-01 2.065600262893782235e-01
4.894533159217510643e-01 2.045935581249270774e-01
4.956735474126913732e-01 2.117575630625866678e-01
5.019248711117932915e-01 2.088435824049103828e-01
5.082078375207910170e-01 2.041139538789969732e-01
5.145230059279664037e-01 2.042099012333623564e-01
5.208709446255060938e-01 2.090687027421743727e-01
5.272522311326588440e-01 2.011868197291346028e-01
5.336674524248943285e-01 2.045550489695321661e-01
5.401172051692617604e-01 2.036355595107760263e-01
5.466020959661491707e-01 2.116564744502044126e-01
5.531227415976649464e-01 2.049100372101982370e-01
5.596797692828657800e-01 2.007241266441238958e-01
5.662738169400510779e-01 2.027244071054085939e-01
5.729055334563810664e-01 2.013027179967774305e-01
5.795755789650528511e-01 2.002916605030843622e-01
5.862846251302993306e-01 2.004130511492779598e-01
5.930333554404833007e-01 2.046317843908122269e-01
5.998224655095604207e-01 1.984483819055966602e-01
6.066526633872036944e-01 1.995241193192542617e-01
6.135246698778876739e-01 2.006550938084117885e-01
6.204392188692554599e-01 2.005074415961990986e-01
6.273970576700789170e-01 1.961737325905595353e-01
6.343989473581657101e-01 1.975520643196881920e-01
6.414456631385582197e-01 1.988486000068773185e-01
6.485379947123885991e-01 1.960160083985688362e-01
6.556767466567751113e-01 1.953318597261776146e-01
6.628627388161606460e-01 1.950944502400251968e-01
6.700968067054920985e-01 1.920047591419639099e-01
6.773798019256893621e-01 1.884264821054177641e-01
6.847125925918335909e-01 1.903231763390928200e-01
6.920960637745565691e-01 1.906228806073195781e-01
6.995311179551041425e-01 1.931610870399793067e-01
7.070186754945865237e-01 1.897540958464965788e-01
7.145596751179416062e-01 1.830738757739626965e-01
7.221550744131648436e-01 1.868014655963340376e-01
7.298058503463658031e-01 1.878039640038913494e-01
7.375129997932668990e-01 1.894704397319061373e-01
7.452775400877571510e-01 1.847396414606302661e-01
7.531005095881470046e-01 1.751214630838638375e-01
7.609829682618186597e-01 1.774453592619957831e-01
7.689259982889686817e-01 1.800538318243602443e-01
7.769307046861817501e-01 1.814397243643366131e-01
7.849982159506154744e-01 1.744817883567378602e-01
7.931296847256019689e-01 1.725027581070232297e-01
8.013262884885021808e-01 1.741924945897807553e-01
8.095892302617037073e-01 1.725663718839055283e-01
8.179197393476813627e-01 1.692088471039656650e-01
8.263190720890769558e-01 1.661566724933392358e-01
8.347885126548114654e-01 1.695784064644133560e-01
8.433293738532896544e-01 1.662101014668297405e-01
8.519429979737834779e-01 1.687522064047243531e-01
8.606307576571655682e-01 1.640004584795814180e-01
8.693940567971949474e-01 1.659971216363837487e-01
8.782343314736156259e-01 1.634247948693798580e-01
8.871530509183995772e-01 1.614827718980204330e-01
8.961517185165281951e-01 1.601139567757404736e-01
9.052318728427538597e-01 1.602255615490672525e-01
9.143950887358863744e-01 1.588817213044015075e-01
9.236429784121850117e-01 1.520369646819316467e-01
9.329771926195572496e-01 1.534942859249588953e-01
9.423994218343089146e-01 1.510282977739901555e-01
9.519113975022994723e-01 1.480191464377993704e-01
9.615148933264527908e-01 1.514802467696493293e-01
9.712117266026539797e-01 1.500329842149281667e-01
9.810037596061752518e-01 1.478488888785048916e-01
9.908929010308823448e-01 1.434609021521993932e-01
1.000881107483597487e+00 1.452964666717452835e-01
1.010970385036090269e+00 1.361022710495604360e-01
1.021162790837329526e+00 1.403915736475321308e-01
1.031460434788744385e+00 1.403417029465907906e-01
1.041865481285389805e+00 1.390425430068056578e-01
1.052380151026073518e+00 1.354248204942608835e-01
1.063006722895663447e+00 1.325838743270390807e-01
1.073747535922947360e+00 1.338095786283312605e-01
1.084604991317632772e+00 1.318121702345456947e-01
1.095581554590242979e+00 1.333822029380849206e-01
1.106679757758872062e+00 1.268404016984663596e-01
1.117902201646994387e+00 1.263580503052363357e-01
1.129251558276759493e+00 1.276285891912868620e-01
1.140730573362411571e+00 1.255017451396400752e-01
1.152342068908791983e+00 1.224724854470990443e-01
1.164088945920123352e+00 1.189940325338235405e-01
1.175974187224572143e+00 1.232422980176992866e-01
1.188000860420427740e+00 1.185593062098785067e-01
1.200172120950045329e+00 1.174754471312485504e-01
1.212491215308081793e+00 1.148442226696986673e-01
1.224961484390919786e+00 1.146713047805918706e-01
1.237586366994588349e+00 1.111859154581747999e-01
1.250369403468921226e+00 1.099537993126684099e-01
1.263314239536188044e+00 1.091576511198423388e-01
1.276424630282862127e+00 1.079140594865581060e-01
1.289704444333804823e+00 1.063944190924107358e-01
1.303157668218648979e+00 1.055387538024086802e-01
1.316788410940794352e+00 1.061490803866164123e-01
1.330600908760077861e+00 1.024834874220350023e-01
1.344599530200891291e+00 1.002813696050785103e-01
1.358788781298217785e+00 1.001615961734243360e-01
1.373173311094915583e+00 9.773714051519498403e-02
1.387757917404398356e+00 9.669013017492238127e-02
1.402547552853775414e+00 9.621897864477574336e-02
1.417547331223529161e+00 9.554189780722897873e-02
1.432762534100853413e+00 9.444078908742301048e-02
1.448198617864900895e+00 9.333417874490761157e-02
1.463861221023438519e+00 8.940817912767813624e-02
1.479756171921722929e+00 9.040451369714280760e-02
1.495889496845789424e+00 8.901749957509706712e-02
1.512267428543952130e+00 8.978051932698322135e-02
1.528896415191897562e+00 8.666064093698327975e-02
1.545783129828541158e+00 8.475019030477701221e-02
1.562934480291788830e+00 8.370700768396013847e-02
1.580357619685341941e+00 8.331925550462122854e-02
1.598059957409985854e+00 8.185193169115775880e-02
1.616049170795220702e+00 8.090198827172236096e-02
1.634333217369666968e+00 7.970941244875652532e-02
1.652920347811602131e+00 7.746232927803345381e-02
1.671819119624006422e+00 7.634729677964605110e-02
1.691038411581847090e+00 7.672796339957803358e-02
1.710587439002987376e+00 7.544938812922864779e-02
1.730475769898035976e+00 7.479362704665651340e-02
1.750713342058707767e+00 7.454841319459455662e-02
1.771310481148987259e+00 7.278621319519266997e-02
1.792277919868425329e+00 7.134179945282277668e-02
1.813626818262428664e+00 7.031317710826424927e-02
1.835368785260464763e+00 6.972809795315121351e-02
1.857515901529695146e+00 6.891365826083797885e-02
1.880080743738695492e+00 6.804487171482720420e-02
1.903076410333882196e+00 6.669468445901763354e-02
1.926516548939786855e+00 6.661661408971825127e-02
1.950415385503826426e+00 6.457945887979008037e-02
1.974787755316548266e+00 6.486074165570861194e-02
1.999649136049679532e+00 6.427433366494732236e-02
2.025015682966774921e+00 6.335478443510879354e-02
2.050904266475055859e+00 6.286964953040066750e-02
2.077332512202038295e+00 6.183763652260637622e-02
2.104318843797274852e+00 6.058633974561580815e-02
2.131882528677897515e+00 6.084385245580455764e-02
2.160043726956898613e+00 5.933960148036884763e-02
2.188823543815518136e+00 5.861693310953298985e-02
2.218244085606003058e+00 5.780954531271807750e-02
2.248328519998397557e+00 5.645184423285737330e-02
2.279101140515614965e+00 5.563774956043573972e-02
2.310587435834983161e+00 5.590973720870635183e-02
2.342814164271995292e+00 5.473915049068934363e-02
2.375809433904205292e+00 5.425278686616386709e-02
2.409602788839831256e+00 5.482530864373683782e-02
2.444225302188005156e+00 5.300094168604160827e-02
2.479709676346002034e+00 5.287346235596902810e-02
2.516090351284283599e+00 5.155617539527515558e-02
2.553403621583411720e+00 5.193044256866878594e-02
2.591687763059467020e+00 5.020069628874797296e-02
2.630983169907057384e+00 5.023956946503220500e-02
2.671332503393481606e+00 4.975679611570222455e-02
2.712780853255288172e+00 4.909120132384634655e-02
2.755375913081506312e+00 4.915986311377672224e-02
2.799168171118327830e+00 4.849213267183036247e-02
2.844211118100896218e+00 4.760166288279756713e-02
2.890561473911588131e+00 4.721957345750928819e-02
2.938279435084994340e+00 4.723119847679327354e-02
2.987428945431348293e+00 4.607745231879959574e-02
3.038077992337560040e+00 4.617225663549050924e-02
3.090298931633904456e+00 4.524740214026327229e-02
3.144168844291917342e+00 4.534181206434760580e-02
3.199769928652491213e+00 4.484296291699305104e-02
3.257189932382928088e+00 4.402985357961596707e-02
3.316522628938477268e+00 4.372438176187901787e-02
3.377868343971226484e+00 4.274264007589555908e-02
3.441334537903732116e+00 4.265596235521212920e-02
3.507036451785127795e+00 4.165838610629628291e-02
3.575097824597341933e+00 4.172891558455352895e-02
3.645651691406516903e+00 4.107133928371350939e-02
3.718841273193660868e+00 4.019203938977342072e-02
3.794820970889963174e+00 4.037213570394257434e-02
3.873757478137244359e+00 3.935020510817514861e-02
3.955831029653007924e+00 3.881714329308139089e-02
4.041236804879297928e+00 3.843471705960560536e-02
4.130186509927489702e+00 3.788718702555052276e-02
4.222910164812807565e+00 3.697512003096253830e-02
4.319658127746227372e+00 3.613810669538538439e-02
4.420703393996887165e+00 3.582792553297105970e-02
4.526344213778937586e+00 3.475676974951927983e-02
4.636907082037216021e+00 3.406011622333632999e-02
4.752750163264185979e+00 3.337426572818626147e-02
4.874267227033050709e+00 3.221242784958780470e-02
5.001892185363850274e+00 3.146766378442381745e-02
5.136104342104077958e+00 3.024445757849617347e-02
5.277434488177208394e+00 2.912619396888599388e-02
5.426472006104844148e+00 2.788064707199148715e-02
5.583873184308420612e+00 2.682429820356904346e-02
5.750370988549687645e+00 2.557622528727718572e-02
5.926786597410237611e+00 2.410419074398907277e-02
6.114043084875222078e+00 2.259417269301727468e-02
6.313181731196443103e+00 2.115430125558590002e-02
6.525381570524497299e+00 1.967725121341188169e-02
6.751982950306783415e+00 1.791174730278615249e-02
6.994516097029166879e+00 1.620521565935631458e-02
7.254735975022011729e+00 1.440194121916951037e-02
7.534665117411080359e+00 1.277519789981607784e-02
7.836646640587228596e+00 1.104346230352509263e-02
8.163410383531928716e+00 9.375064073289003999e-03
8.518156126042216059e+00 7.810598531536293472e-03
8.904659262506966044e+00 6.274629894636197906e-03
9.327406333425754426e+00 4.867434730798534878e-03
9.791770743284624601e+00 3.638203187276509848e-03
1.030424328906184073e+01 2.565238065526291925e-03
1.087273853939115398e+01 1.747283112064053432e-03
1.150700787033969874e+01 1.071380743801535152e-03
1.221920514335652008e+01 6.418542220756048378e-04
1.302467515755499861e+01 3.156314664651423650e-04
1.394307442116850204e+01 1.356072594142832314e-04
1.499999999999984546e+01 4.782908217249833081e-05
