0.000000000000000000e+00 -5.018639978209515906e-01
8.130081300813104400e-03 -4.921068266721261297e-01
1.626016260162620880e-02 -4.827382326766584408e-01
2.439024390243931320e-02 -4.737385278882764172e-01
3.252032520325241760e-02 -4.650901580936389612e-01
4.065040650406552547e-02 -4.567765867327041596e-01
4.878048780487862640e-02 -4.487813883411466698e-01
5.691056910569172733e-02 -4.410893210600423942e-01
6.504065040650483520e-02 -4.336862202649129361e-01
7.317073170731794307e-02 -4.265582960776588273e-01
8.130081300813105094e-02 -4.196926867677036599e-01
8.943089430894414493e-02 -4.130774379260745977e-01
9.756097560975725280e-02 -4.067009778024684996e-01
1.056910569105703607e-01 -4.005524777810859360e-01
1.138211382113834547e-01 -3.946218507278344001e-01
1.219512195121965625e-01 -3.888993376361355447e-01
1.300813008130096704e-01 -3.833757756577390596e-01
1.382113821138227783e-01 -3.780426062153010580e-01
1.463414634146358861e-01 -3.728915379472047542e-01
1.544715447154489940e-01 -3.679147628593657515e-01
1.626016260162621019e-01 -3.631049709189752006e-01
1.707317073170751820e-01 -3.584550677725741874e-01
1.788617886178882899e-01 -3.539583577697901773e-01
1.869918699187013977e-01 -3.496085626010613789e-01
1.951219512195145056e-01 -3.453995793426243299e-01
2.032520325203276135e-01 -3.413256399697658372e-01
2.113821138211407213e-01 -3.373813320861440701e-01
2.195121951219538292e-01 -3.335613872758304566e-01
2.276422764227669093e-01 -3.298608226357258033e-01
2.357723577235800172e-01 -3.262749622145002526e-01
2.439024390243931251e-01 -3.227992486685814510e-01
2.520325203252062329e-01 -3.194293704109916199e-01
2.601626016260193408e-01 -3.161612829349235154e-01
2.682926829268324487e-01 -3.129910388564883794e-01
2.764227642276455565e-01 -3.099149032996137976e-01
2.845528455284586644e-01 -3.069293747089552049e-01
2.926829268292717723e-01 -3.040310298005910461e-01
3.008130081300848802e-01 -3.012166292322603911e-01
3.089430894308979880e-01 -2.984831377938490515e-01
3.170731707317110959e-01 -2.958275817618208348e-01
3.252032520325242038e-01 -2.932471465073130945e-01
3.333333333333372561e-01 -2.907391961039866857e-01
3.414634146341503640e-01 -2.883011412304175014e-01
3.495934959349634719e-01 -2.859305300526746585e-01
3.577235772357765797e-01 -2.836250673514595366e-01
3.658536585365896876e-01 -2.813824915358115186e-01
3.739837398374027955e-01 -2.792006598728175026e-01
3.821138211382159033e-01 -2.770775672387496558e-01
3.902439024390290112e-01 -2.750112310837971585e-01
3.983739837398421191e-01 -2.729997718573655141e-01
4.065040650406552269e-01 -2.710414314560470328e-01
4.146341463414683348e-01 -2.691344651697032964e-01
4.227642276422814427e-01 -2.672772179675948490e-01
4.308943089430945506e-01 -2.654681426807244948e-01
4.390243902439076584e-01 -2.637056980941234752e-01
4.471544715447207663e-01 -2.619884216058492310e-01
4.552845528455338187e-01 -2.603149471476504662e-01
4.634146341463469265e-01 -2.586839086991800096e-01
4.715447154471600344e-01 -2.570940097239691191e-01
4.796747967479731423e-01 -2.555440408089930671e-01
4.878048780487862501e-01 -2.540327879581846804e-01
4.959349593495993580e-01 -2.525590991264430318e-01
5.040650406504124659e-01 -2.511219015534041366e-01
5.121951219512256293e-01 -2.497201142780504646e-01
5.203252032520386816e-01 -2.483527120299477420e-01
5.284552845528517340e-01 -2.470187422277023703e-01
5.365853658536648974e-01 -2.457172412323784250e-01
5.447154471544779497e-01 -2.444472958187430267e-01
5.528455284552911131e-01 -2.432080598143127603e-01
5.609756097561041654e-01 -2.419986736750478484e-01
5.691056910569173288e-01 -2.408183237349012518e-01
5.772357723577303812e-01 -2.396662584732690005e-01
5.853658536585435446e-01 -2.385417110552379705e-01
5.934959349593565969e-01 -2.374439565403990149e-01
6.016260162601697603e-01 -2.363723277790141242e-01
6.097560975609828127e-01 -2.353261406130549571e-01
6.178861788617959760e-01 -2.343047492135168497e-01
6.260162601626090284e-01 -2.333075616171129685e-01
6.341463414634221918e-01 -2.323339673285872431e-01
6.422764227642352441e-01 -2.313833909456687876e-01
6.504065040650484075e-01 -2.304553073588176959e-01
6.585365853658614599e-01 -2.295491715322329207e-01
6.666666666666745122e-01 -2.286644705671664890e-01
6.747967479674876756e-01 -2.278007385918422445e-01
6.829268292683007280e-01 -2.269574885289488697e-01
6.910569105691138914e-01 -2.261342627429639984e-01
6.991869918699269437e-01 -2.253306476457208052e-01
7.073170731707401071e-01 -2.245462072850172852e-01
7.154471544715531595e-01 -2.237805327077992956e-01
7.235772357723663228e-01 -2.230332563070406282e-01
7.317073170731793752e-01 -2.223039870924545247e-01
7.398373983739925386e-01 -2.215923588785628229e-01
7.479674796748055909e-01 -2.208980444086375838e-01
7.560975609756187543e-01 -2.202206921730536782e-01
7.642276422764318067e-01 -2.195599735229686322e-01
7.723577235772449701e-01 -2.189155966098660366e-01
7.804878048780580224e-01 -2.182872446103804598e-01
7.886178861788710748e-01 -2.176746218784771369e-01
7.967479674796842382e-01 -2.170774677125961172e-01
8.048780487804972905e-01 -2.164954958725577305e-01
8.130081300813104539e-01 -2.159284398614052525e-01
8.211382113821235063e-01 -2.153760665246685080e-01
8.292682926829366696e-01 -2.148381167680905035e-01
8.373983739837497220e-01 -2.143143500255100253e-01
8.455284552845628854e-01 -2.138045577202397629e-01
8.536585365853759377e-01 -2.133085050668567240e-01
8.617886178861891011e-01 -2.128259748000998486e-01
8.699186991870021535e-01 -2.123567805076415071e-01
8.780487804878153169e-01 -2.119007094129780056e-01
8.861788617886283692e-01 -2.114575654310022479e-01
8.943089430894415326e-01 -2.110271823730863749e-01
9.024390243902545850e-01 -2.106093676253527058e-01
9.105691056910676373e-01 -2.102039445779593230e-01
9.186991869918808007e-01 -2.098107657152603056e-01
9.268292682926938530e-01 -2.094296570946869718e-01
9.349593495935070164e-01 -2.090604602069677798e-01
9.430894308943200688e-01 -2.087030449511422803e-01
9.512195121951332322e-01 -2.083572548370403177e-01
9.593495934959462845e-01 -2.080229483163604232e-01
9.674796747967594479e-01 -2.077000116583322398e-01
9.756097560975725003e-01 -2.073883047877110308e-01
9.837398373983856636e-01 -2.070877021434598952e-01
9.918699186991987160e-01 -2.067981054525191431e-01
1.000000000000011768e+00 -2.065193901404380195e-01
1.008130081300824932e+00 -2.062514457533819456e-01
1.016260162601638095e+00 -2.059941886472286265e-01
1.024390243902451259e+00 -2.057475088976783439e-01
1.032520325203264200e+00 -2.055113103354893056e-01
1.040650406504077363e+00 -2.052855231580000273e-01
1.048780487804890527e+00 -2.050700512773618311e-01
1.056910569105703468e+00 -2.048648120135876383e-01
1.065040650406516631e+00 -2.046697486412265565e-01
1.073170731707329795e+00 -2.044847781183382063e-01
1.081300813008142958e+00 -2.043098304808333987e-01
1.089430894308955899e+00 -2.041448613388557320e-01
1.097560975609769063e+00 -2.039897999316400146e-01
1.105691056910582226e+00 -2.038445882682773380e-01
1.113821138211395390e+00 -2.037091935893710071e-01
1.121951219512208331e+00 -2.035835566938986041e-01
1.130081300813021494e+00 -2.034676308730954952e-01
1.138211382113834658e+00 -2.033613943503773114e-01
1.146341463414647821e+00 -2.032647988341833578e-01
1.154471544715460762e+00 -2.031778082844271083e-01
1.162601626016273926e+00 -2.031004113502363762e-01
1.170731707317087089e+00 -2.030325700957657520e-01
1.178861788617900030e+00 -2.029742586471321442e-01
1.186991869918713194e+00 -2.029254756391670189e-01
1.195121951219526357e+00 -2.028861930692856808e-01
1.203252032520339521e+00 -2.028563948622667534e-01
1.211382113821152462e+00 -2.028360893442343049e-01
1.219512195121965625e+00 -2.028252581739971028e-01
1.227642276422778789e+00 -2.028238948684302767e-01
1.235772357723591952e+00 -2.028320173144609884e-01
1.243902439024404893e+00 -2.028496167296822139e-01
1.252032520325218057e+00 -2.028766961862371043e-01
1.260162601626031220e+00 -2.029132831752911703e-01
1.268292682926844384e+00 -2.029593785443630782e-01
1.276422764227657325e+00 -2.030149950578856721e-01
1.284552845528470488e+00 -2.030801700244153074e-01
1.292682926829283652e+00 -2.031549141615173193e-01
1.300813008130096815e+00 -2.032392502267090784e-01
1.308943089430909756e+00 -2.033332257199594872e-01
1.317073170731722920e+00 -2.034368616190458945e-01
1.325203252032536083e+00 -2.035501911207364123e-01
1.333333333333349024e+00 -2.036732724251998916e-01
1.341463414634162188e+00 -2.038061372910881519e-01
1.349593495934975351e+00 -2.039488299173954355e-01
1.357723577235788515e+00 -2.041014198240742039e-01
1.365853658536601456e+00 -2.042639501668080393e-01
1.373983739837414619e+00 -2.044364768000575538e-01
1.382113821138227783e+00 -2.046190812604836706e-01
1.390243902439040946e+00 -2.048118187868928075e-01
1.398373983739853887e+00 -2.050147575996290050e-01
1.406504065040667051e+00 -2.052279920005055658e-01
1.414634146341480214e+00 -2.054515900393943939e-01
1.422764227642293378e+00 -2.056856330491904084e-01
1.430894308943106319e+00 -2.059302288757917654e-01
1.439024390243919482e+00 -2.061854591322869745e-01
1.447154471544732646e+00 -2.064514190332298327e-01
1.455284552845545587e+00 -2.067282307694659482e-01
1.463414634146358750e+00 -2.070159902908152438e-01
1.471544715447171914e+00 -2.073148074856980827e-01
1.479674796747985077e+00 -2.076248197180744492e-01
1.487804878048798018e+00 -2.079461380829400463e-01
1.495934959349611182e+00 -2.082788879760639200e-01
1.504065040650424345e+00 -2.086232228202285488e-01
1.512195121951237509e+00 -2.089792697253069487e-01
1.520325203252050450e+00 -2.093471705115975134e-01
1.528455284552863613e+00 -2.097270956402258468e-01
1.536585365853676777e+00 -2.101191892264350769e-01
1.544715447154489940e+00 -2.105236105642763755e-01
1.552845528455302881e+00 -2.109405482988138125e-01
1.560975609756116045e+00 -2.113701647196533639e-01
1.569105691056929208e+00 -2.118126378576241642e-01
1.577235772357742150e+00 -2.122681759225650278e-01
1.585365853658555313e+00 -2.127369608164255133e-01
1.593495934959368476e+00 -2.132191908621486887e-01
1.601626016260181640e+00 -2.137150955454398815e-01
1.609756097560994581e+00 -2.142248781695117454e-01
1.617886178861807744e+00 -2.147487592944531398e-01
1.626016260162620908e+00 -2.152869918086721124e-01
1.634146341463434071e+00 -2.158398026544193771e-01
1.642276422764247013e+00 -2.164074370462267805e-01
1.650406504065060176e+00 -2.169901739108818228e-01
1.658536585365873339e+00 -2.175882665989593012e-01
1.666666666666686503e+00 -2.182019879518431460e-01
1.674796747967499444e+00 -2.188316461581774619e-01
1.682926829268312607e+00 -2.194775243396434039e-01
1.691056910569125771e+00 -2.201399265663300797e-01
1.699186991869938712e+00 -2.208191941467787522e-01
1.707317073170751875e+00 -2.215156439945371036e-01
1.715447154471565039e+00 -2.222296156701645264e-01
1.723577235772378202e+00 -2.229614881390636350e-01
1.731707317073191144e+00 -2.237116168095841795e-01
1.739837398374004307e+00 -2.244803816735416180e-01
1.747967479674817470e+00 -2.252682045858068749e-01
1.756097560975630634e+00 -2.260754848287542806e-01
1.764227642276443575e+00 -2.269026484528521848e-01
1.772357723577256738e+00 -2.277501661173262359e-01
1.780487804878069902e+00 -2.286184870275891345e-01
1.788617886178883065e+00 -2.295080895893771289e-01
1.796747967479696007e+00 -2.304194998452255838e-01
1.804878048780509170e+00 -2.313532236288872723e-01
1.813008130081322333e+00 -2.323097986470971654e-01
1.821138211382135275e+00 -2.332898135623613367e-01
1.829268292682948438e+00 -2.342938381938206027e-01
1.837398373983761601e+00 -2.353224771540890492e-01
1.845528455284574765e+00 -2.363763896434817324e-01
1.853658536585387706e+00 -2.374562175078530624e-01
1.861788617886200869e+00 -2.385626405845929776e-01
1.869918699187014033e+00 -2.396963972895890804e-01
1.878048780487827196e+00 -2.408582103268013808e-01
1.886178861788640138e+00 -2.420488439263177582e-01
1.894308943089453301e+00 -2.432691253256620278e-01
1.902439024390266464e+00 -2.445198679124732655e-01
1.910569105691079628e+00 -2.458019305713703417e-01
1.918699186991892569e+00 -2.471162401859290925e-01
1.926829268292705732e+00 -2.484637119785988446e-01
1.934959349593518896e+00 -2.498453112235907714e-01
1.943089430894332059e+00 -2.512620769267514542e-01
1.951219512195145001e+00 -2.527150391047818800e-01
1.959349593495958164e+00 -2.542052831665413959e-01
1.967479674796771327e+00 -2.557339749593594558e-01
1.975609756097584269e+00 -2.573022746997385424e-01
1.983739837398397432e+00 -2.589114043763065531e-01
1.991869918699210595e+00 -2.605626743840536719e-01
2.000000000000023537e+00 -2.622573937728999161e-01
2.008130081300836700e+00 -2.639969410809375194e-01
2.016260162601649863e+00 -2.657827928142505458e-01
2.024390243902463027e+00 -2.676164296117820030e-01
2.032520325203276190e+00 -2.694994109684311634e-01
2.040650406504089354e+00 -2.714334058542454131e-01
2.048780487804902517e+00 -2.734200943098085146e-01
2.056910569105715236e+00 -2.754612465759893603e-01
2.065040650406528400e+00 -2.775587561685284310e-01
2.073170731707341563e+00 -2.797145362949984837e-01
2.081300813008154726e+00 -2.819306039765730465e-01
2.089430894308967890e+00 -2.842091159311517234e-01
2.097560975609781053e+00 -2.865522590411985204e-01
2.105691056910594217e+00 -2.889623401249533652e-01
2.113821138211406936e+00 -2.914418250230593199e-01
2.121951219512220099e+00 -2.939932221440771931e-01
2.130081300813033263e+00 -2.966191786513265871e-01
2.138211382113846426e+00 -2.993225232205100617e-01
2.146341463414659589e+00 -3.021061414355039609e-01
2.154471544715472753e+00 -3.049730793180626676e-01
2.162601626016285916e+00 -3.079265903477056421e-01
2.170731707317099080e+00 -3.109700011810306863e-01
2.178861788617911799e+00 -3.141068237063873170e-01
2.186991869918724962e+00 -3.173408071360092064e-01
2.195121951219538126e+00 -3.206757921630587482e-01
2.203252032520351289e+00 -3.241158331232225631e-01
2.211382113821164452e+00 -3.276652563494236725e-01
2.219512195121977616e+00 -3.313285004275701162e-01
2.227642276422790779e+00 -3.351102506656871149e-01
2.235772357723603498e+00 -3.390155055105991133e-01
2.243902439024416662e+00 -3.430493999467429944e-01
2.252032520325229825e+00 -3.472173553931714451e-01
2.260162601626042989e+00 -3.515251569110464658e-01
2.268292682926856152e+00 -3.559787558203979518e-01
2.276422764227669315e+00 -3.605844394456171886e-01
2.284552845528482479e+00 -3.653489232059062841e-01
2.292682926829295642e+00 -3.702791267858774882e-01
2.300813008130108361e+00 -3.753823698816030618e-01
2.308943089430921525e+00 -3.806664852428093271e-01
2.317073170731734688e+00 -3.861395592645485708e-01
2.325203252032547852e+00 -3.918101620845993449e-01
2.333333333333361015e+00 -3.976874905924643877e-01
2.341463414634174178e+00 -4.037810569982050457e-01
2.349593495934987342e+00 -4.101009642418151913e-01
2.357723577235800061e+00 -4.166580931989491976e-01
2.365853658536613224e+00 -4.234637064900314551e-01
2.373983739837426388e+00 -4.305297829781986607e-01
2.382113821138239551e+00 -4.378692764268292681e-01
2.390243902439052714e+00 -4.454955620241145553e-01
2.398373983739865878e+00 -4.534228446118698241e-01
2.406504065040679041e+00 -4.616665671253022962e-01
2.414634146341492205e+00 -4.702425113567333392e-01
2.422764227642304924e+00 -4.791672427044671445e-01
2.430894308943118087e+00 -4.884591169372619612e-01
2.439024390243931251e+00 -4.981360021790621762e-01
