0.000000000000000000e+00 -4.940118003511285161e-01
8.130081300813104400e-03 -4.850112632552211478e-01
1.626016260162620880e-02 -4.763507425401628526e-01
2.439024390243931320e-02 -4.680139033151320960e-01
3.252032520325241760e-02 -4.599853351029290494e-01
4.065040650406552547e-02 -4.522504932975525693e-01
4.878048780487862640e-02 -4.447956446677030495e-01
5.691056910569172733e-02 -4.376078166063064323e-01
6.504065040650483520e-02 -4.306747498497006110e-01
7.317073170731794307e-02 -4.239848544117393314e-01
8.130081300813105094e-02 -4.175271684978995590e-01
8.943089430894414493e-02 -4.112913201826950971e-01
9.756097560975725280e-02 -4.052674916504286906e-01
1.056910569105703607e-01 -3.994463858146817814e-01
1.138211382113834547e-01 -3.938191951460799922e-01
1.219512195121965625e-01 -3.883775725508533117e-01
1.300813008130096704e-01 -3.831136041546663873e-01
1.382113821138227783e-01 -3.780197838571832114e-01
1.463414634146358861e-01 -3.730889895329538297e-01
1.544715447154489940e-01 -3.683144607635213119e-01
1.626016260162621019e-01 -3.636897779942349085e-01
1.707317073170751820e-01 -3.592088430171522240e-01
1.788617886178882899e-01 -3.548658606887069578e-01
1.869918699187013977e-01 -3.506553217975333370e-01
1.951219512195145056e-01 -3.465719870040281370e-01
2.032520325203276135e-01 -3.426108717789575486e-01
2.113821138211407213e-01 -3.387672322736814956e-01
2.195121951219538292e-01 -3.350365520594420499e-01
2.276422764227669093e-01 -3.314145296776594418e-01
2.357723577235800172e-01 -3.278970669473355581e-01
2.439024390243931251e-01 -3.244802579794989206e-01
2.520325203252062329e-01 -3.211603788521846248e-01
2.601626016260193408e-01 -3.179338779027152673e-01
2.682926829268324487e-01 -3.147973665970926205e-01
2.764227642276455565e-01 -3.117476109391191796e-01
2.845528455284586644e-01 -3.087815233844664053e-01
2.926829268292717723e-01 -3.058961552273223861e-01
3.008130081300848802e-01 -3.030886894294768097e-01
3.089430894308979880e-01 -3.003564338637764730e-01
3.170731707317110959e-01 -2.976968149457926427e-01
3.252032520325242038e-01 -2.951073716293311500e-01
3.333333333333372561e-01 -2.925857497430544019e-01
3.414634146341503640e-01 -2.901296966470209848e-01
3.495934959349634719e-01 -2.877370561893686784e-01
3.577235772357765797e-01 -2.854057639446821448e-01
3.658536585365896876e-01 -2.831338427168179628e-01
3.739837398374027955e-01 -2.809193982900906050e-01
3.821138211382159033e-01 -2.787606154137891035e-01
3.902439024390290112e-01 -2.766557540059696452e-01
3.983739837398421191e-01 -2.746031455633934359e-01
4.065040650406552269e-01 -2.726011897653219385e-01
4.146341463414683348e-01 -2.706483512596812857e-01
4.227642276422814427e-01 -2.687431566208412503e-01
4.308943089430945506e-01 -2.668841914689411010e-01
4.390243902439076584e-01 -2.650700977413380510e-01
4.471544715447207663e-01 -2.632995711073489176e-01
4.552845528455338187e-01 -2.615713585180091116e-01
4.634146341463469265e-01 -2.598842558830966598e-01
4.715447154471600344e-01 -2.582371058681490195e-01
4.796747967479731423e-01 -2.566287958046539752e-01
4.878048780487862501e-01 -2.550582557070170120e-01
4.959349593495993580e-01 -2.535244563902975812e-01
5.040650406504124659e-01 -2.520264076830824318e-01
5.121951219512256293e-01 -2.505631567301973561e-01
5.203252032520386816e-01 -2.491337863802890740e-01
5.284552845528517340e-01 -2.477374136536011073e-01
5.365853658536648974e-01 -2.463731882855547117e-01
5.447154471544779497e-01 -2.450402913420037521e-01
5.528455284552911131e-01 -2.437379339022805458e-01
5.609756097561041654e-01 -2.424653558063791792e-01
5.691056910569173288e-01 -2.412218244628376307e-01
5.772357723577303812e-01 -2.400066337140825956e-01
5.853658536585435446e-01 -2.388191027561889779e-01
5.934959349593565969e-01 -2.376585751101836785e-01
6.016260162601697603e-01 -2.365244176421901212e-01
6.097560975609828127e-01 -2.354160196298633878e-01
6.178861788617959760e-01 -2.343327918727149684e-01
6.260162601626090284e-01 -2.332741658440606325e-01
6.341463414634221918e-01 -2.322395928824552980e-01
6.422764227642352441e-01 -2.312285434205984536e-01
6.504065040650484075e-01 -2.302405062498083521e-01
6.585365853658614599e-01 -2.292749878182687162e-01
6.666666666666745122e-01 -2.283315115613520074e-01
6.747967479674876756e-01 -2.274096172624191781e-01
6.829268292683007280e-01 -2.265088604425811170e-01
6.910569105691138914e-01 -2.256288117779938762e-01
6.991869918699269437e-01 -2.247690565433357601e-01
7.073170731707401071e-01 -2.239291940801888814e-01
7.154471544715531595e-01 -2.231088372891179283e-01
7.235772357723663228e-01 -2.223076121443023356e-01
7.317073170731793752e-01 -2.215251572296423332e-01
7.398373983739925386e-01 -2.207611232953153590e-01
7.479674796748055909e-01 -2.200151728338145540e-01
7.560975609756187543e-01 -2.192869796745529065e-01
7.642276422764318067e-01 -2.185762285961662110e-01
7.723577235772449701e-01 -2.178826149556908065e-01
7.804878048780580224e-01 -2.172058443338394373e-01
7.886178861788710748e-01 -2.165456321956366892e-01
7.967479674796842382e-01 -2.159017035657145034e-01
8.048780487804972905e-01 -2.152737927176058830e-01
8.130081300813104539e-01 -2.146616428764083762e-01
8.211382113821235063e-01 -2.140650059342213418e-01
8.292682926829366696e-01 -2.134836421777928372e-01
8.373983739837497220e-01 -2.129173200278397793e-01
8.455284552845628854e-01 -2.123658157895340626e-01
8.536585365853759377e-01 -2.118289134136721596e-01
8.617886178861891011e-01 -2.113064042680701526e-01
8.699186991870021535e-01 -2.107980869187526252e-01
8.780487804878153169e-01 -2.103037669205196081e-01
8.861788617886283692e-01 -2.098232566165061930e-01
8.943089430894415326e-01 -2.093563749463580870e-01
9.024390243902545850e-01 -2.089029472626759143e-01
9.105691056910676373e-01 -2.084628051553912009e-01
9.186991869918808007e-01 -2.080357862837583505e-01
9.268292682926938530e-01 -2.076217342156618517e-01
9.349593495935070164e-01 -2.072204982739512813e-01
9.430894308943200688e-01 -2.068319333895359269e-01
9.512195121951332322e-01 -2.064558999609799050e-01
9.593495934959462845e-01 -2.060922637203537189e-01
9.674796747967594479e-01 -2.057408956051128002e-01
9.756097560975725003e-01 -2.054016716357813799e-01
9.837398373983856636e-01 -2.050744727992354077e-01
9.918699186991987160e-01 -2.047591849373863182e-01
1.000000000000011768e+00 -2.044556986410797639e-01
1.008130081300824932e+00 -2.041639091490311253e-01
1.016260162601638095e+00 -2.038837162516326240e-01
1.024390243902451259e+00 -2.036150241994710286e-01
1.032520325203264200e+00 -2.033577416164092933e-01
1.040650406504077363e+00 -2.031117814170870228e-01
1.048780487804890527e+00 -2.028770607287109229e-01
1.056910569105703468e+00 -2.026535008170050611e-01
1.065040650406516631e+00 -2.024410270162051995e-01
1.073170731707329795e+00 -2.022395686629851197e-01
1.081300813008142958e+00 -2.020490590342100823e-01
1.089430894308955899e+00 -2.018694352884188026e-01
1.097560975609769063e+00 -2.017006384109437112e-01
1.105691056910582226e+00 -2.015426131625819572e-01
1.113821138211395390e+00 -2.013953080317386068e-01
1.121951219512208331e+00 -2.012586751899669291e-01
1.130081300813021494e+00 -2.011326704508375751e-01
1.138211382113834658e+00 -2.010172532320741723e-01
1.146341463414647821e+00 -2.009123865208956028e-01
1.154471544715460762e+00 -2.008180368425127038e-01
1.162601626016273926e+00 -2.007341742317330091e-01
1.170731707317087089e+00 -2.006607722076271805e-01
1.178861788617900030e+00 -2.005978077512217128e-01
1.186991869918713194e+00 -2.005452612861828021e-01
1.195121951219526357e+00 -2.005031166624622330e-01
1.203252032520339521e+00 -2.004713611428810549e-01
1.211382113821152462e+00 -2.004499853926314523e-01
1.219512195121965625e+00 -2.004389834716794605e-01
1.227642276422778789e+00 -2.004383528300593686e-01
1.235772357723591952e+00 -2.004480943060517606e-01
1.243902439024404893e+00 -2.004682121272421402e-01
1.252032520325218057e+00 -2.004987139144632502e-01
1.260162601626031220e+00 -2.005396106886266350e-01
1.268292682926844384e+00 -2.005909168804533849e-01
1.276422764227657325e+00 -2.006526503431200759e-01
1.284552845528470488e+00 -2.007248323678390012e-01
1.292682926829283652e+00 -2.008074877023949822e-01
1.300813008130096815e+00 -2.009006445726698731e-01
1.308943089430909756e+00 -2.010043347071855391e-01
1.317073170731722920e+00 -2.011185933647032242e-01
1.325203252032536083e+00 -2.012434593649225223e-01
1.333333333333349024e+00 -2.013789751223266922e-01
1.341463414634162188e+00 -2.015251866832258043e-01
1.349593495934975351e+00 -2.016821437660559213e-01
1.357723577235788515e+00 -2.018498998049967075e-01
1.365853658536601456e+00 -2.020285119969737475e-01
1.373983739837414619e+00 -2.022180413521213471e-01
1.382113821138227783e+00 -2.024185527477822544e-01
1.390243902439040946e+00 -2.026301149861311213e-01
1.398373983739853887e+00 -2.028528008555111062e-01
1.406504065040667051e+00 -2.030866871955813724e-01
1.414634146341480214e+00 -2.033318549663797326e-01
1.422764227642293378e+00 -2.035883893214096019e-01
1.430894308943106319e+00 -2.038563796848690823e-01
1.439024390243919482e+00 -2.041359198331479941e-01
1.447154471544732646e+00 -2.044271079807229163e-01
1.455284552845545587e+00 -2.047300468705928467e-01
1.463414634146358750e+00 -2.050448438694017217e-01
1.471544715447171914e+00 -2.053716110674065620e-01
1.479674796747985077e+00 -2.057104653834568309e-01
1.487804878048798018e+00 -2.060615286751593112e-01
1.495934959349611182e+00 -2.064249278544159627e-01
1.504065040650424345e+00 -2.068007950085282709e-01
1.512195121951237509e+00 -2.071892675270763373e-01
1.520325203252050450e+00 -2.075904882347895386e-01
1.528455284552863613e+00 -2.080046055306382924e-01
1.536585365853676777e+00 -2.084317735333902077e-01
1.544715447154489940e+00 -2.088721522338846392e-01
1.552845528455302881e+00 -2.093259076542960950e-01
1.560975609756116045e+00 -2.097932120146688284e-01
1.569105691056929208e+00 -2.102742439070229286e-01
1.577235772357742150e+00 -2.107691884773450486e-01
1.585365853658555313e+00 -2.112782376157982533e-01
1.593495934959368476e+00 -2.118015901554974600e-01
1.601626016260181640e+00 -2.123394520802221463e-01
1.609756097560994581e+00 -2.128920367414518788e-01
1.617886178861807744e+00 -2.134595650851365822e-01
1.626016260162620908e+00 -2.140422658886293461e-01
1.634146341463434071e+00 -2.146403760082396528e-01
1.642276422764247013e+00 -2.152541406378837563e-01
1.650406504065060176e+00 -2.158838135793383073e-01
1.658536585365873339e+00 -2.165296575246287158e-01
1.666666666666686503e+00 -2.171919443511143299e-01
1.674796747967499444e+00 -2.178709554298622619e-01
1.682926829268312607e+00 -2.185669819479338916e-01
1.691056910569125771e+00 -2.192803252452426299e-01
1.699186991869938712e+00 -2.200112971666783324e-01
1.707317073170751875e+00 -2.207602204302318016e-01
1.715447154471565039e+00 -2.215274290118922906e-01
1.723577235772378202e+00 -2.223132685481361837e-01
1.731707317073191144e+00 -2.231180967568691109e-01
1.739837398374004307e+00 -2.239422838777333780e-01
1.747967479674817470e+00 -2.247862131327410251e-01
1.756097560975630634e+00 -2.256502812082527842e-01
1.764227642276443575e+00 -2.265348987593741037e-01
1.772357723577256738e+00 -2.274404909379068584e-01
1.780487804878069902e+00 -2.283674979450559528e-01
1.788617886178883065e+00 -2.293163756101613826e-01
1.796747967479696007e+00 -2.302875959968002373e-01
1.804878048780509170e+00 -2.312816480376780615e-01
1.813008130081322333e+00 -2.322990381998153164e-01
1.821138211382135275e+00 -2.333402911816211123e-01
1.829268292682948438e+00 -2.344059506435393903e-01
1.837398373983761601e+00 -2.354965799740549037e-01
1.845528455284574765e+00 -2.366127630929482639e-01
1.853658536585387706e+00 -2.377551052938080833e-01
1.861788617886200869e+00 -2.389242341279219639e-01
1.869918699187014033e+00 -2.401208003317999440e-01
1.878048780487827196e+00 -2.413454788007222129e-01
1.886178861788640138e+00 -2.425989696108410421e-01
1.894308943089453301e+00 -2.438819990925306935e-01
1.902439024390266464e+00 -2.451953209578376369e-01
1.910569105691079628e+00 -2.465397174850627038e-01
1.918699186991892569e+00 -2.479160007636936891e-01
1.926829268292705732e+00 -2.493250140031089135e-01
1.934959349593518896e+00 -2.507676329086849787e-01
1.943089430894332059e+00 -2.522447671291699889e-01
1.951219512195145001e+00 -2.537573617794330882e-01
1.959349593495958164e+00 -2.553063990429543795e-01
1.967479674796771327e+00 -2.568928998587048373e-01
1.975609756097584269e+00 -2.585179256973623163e-01
1.983739837398397432e+00 -2.601825804321281632e-01
1.991869918699210595e+00 -2.618880123097524493e-01
2.000000000000023537e+00 -2.636354160277393222e-01
2.008130081300836700e+00 -2.654260349240972761e-01
2.016260162601649863e+00 -2.672611632864190789e-01
2.024390243902463027e+00 -2.691421487875224061e-01
2.032520325203276190e+00 -2.710703950553642327e-01
2.040650406504089354e+00 -2.730473643854646193e-01
2.048780487804902517e+00 -2.750745806046161479e-01
2.056910569105715236e+00 -2.771536320952617816e-01
2.065040650406528400e+00 -2.792861749905533042e-01
2.073170731707341563e+00 -2.814739365507880064e-01
2.081300813008154726e+00 -2.837187187326554172e-01
2.089430894308967890e+00 -2.860224019635172477e-01
2.097560975609781053e+00 -2.883869491337852087e-01
2.105691056910594217e+00 -2.908144098213766293e-01
2.113821138211406936e+00 -2.933069247632060783e-01
2.121951219512220099e+00 -2.958667305897230704e-01
2.130081300813033263e+00 -2.984961648396377010e-01
2.138211382113846426e+00 -3.011976712732006844e-01
2.146341463414659589e+00 -3.039738055037090603e-01
2.154471544715472753e+00 -3.068272409683298063e-01
2.162601626016285916e+00 -3.097607752608521059e-01
2.170731707317099080e+00 -3.127773368506192586e-01
2.178861788617911799e+00 -3.158799922136687477e-01
2.186991869918724962e+00 -3.190719534040040717e-01
2.195121951219538126e+00 -3.223565860949912931e-01
2.203252032520351289e+00 -3.257374181230905386e-01
2.211382113821164452e+00 -3.292181485685280462e-01
2.219512195121977616e+00 -3.328026574101081714e-01
2.227642276422790779e+00 -3.364950157941577480e-01
2.235772357723603498e+00 -3.402994969606210063e-01
2.243902439024416662e+00 -3.442205878725888013e-01
2.252032520325229825e+00 -3.482630015990763050e-01
2.260162601626042989e+00 -3.524316905046921966e-01
2.268292682926856152e+00 -3.567318603039689728e-01
2.276422764227669315e+00 -3.611689850426057502e-01
2.284552845528482479e+00 -3.657488230727208856e-01
2.292682926829295642e+00 -3.704774340944599342e-01
2.300813008130108361e+00 -3.753611973419949122e-01
2.308943089430921525e+00 -3.804068309981163409e-01
2.317073170731734688e+00 -3.856214129283054293e-01
2.325203252032547852e+00 -3.910124028324242773e-01
2.333333333333361015e+00 -3.965876659200355814e-01
2.341463414634174178e+00 -4.023554982238950473e-01
2.349593495934987342e+00 -4.083246536754404077e-01
2.357723577235800061e+00 -4.145043730761696077e-01
2.365853658536613224e+00 -4.209044151097449671e-01
2.373983739837426388e+00 -4.275350895515463989e-01
2.382113821138239551e+00 -4.344072928453432958e-01
2.390243902439052714e+00 -4.415325462308019588e-01
2.398373983739865878e+00 -4.489230366208551981e-01
2.406504065040679041e+00 -4.565916604446142446e-01
2.414634146341492205e+00 -4.645520706896275054e-01
2.422764227642304924e+00 -4.728187273970380078e-01
2.430894308943118087e+00 -4.814069518847051143e-01
2.439024390243931251e+00 -4.903329849967832388e-01
