0.673964063715776 0.0
0.673964063715776 0.0
0.673964063715776 0.0
0.673964063715776 0.0
0.673964063715776 0.0
0.673964063715776 0.0
0.673964063715776 0.0
0.673964063715776 0.0
0.673964063715776 0.0
0.673964063715776 0.0
0.673964063715776 0.0
0.673964063715776 0.0
0.673964063715776 0.0
0.673964063715776 0.0
0.673964063715776 0.0
0.673964063715776 0.0
0.673964063715776 0.0
0.673964063715776 0.0
0.673964063715776 0.0
0.673964063715776 0.0
0.673964063715776 0.0
0.673964063715776 0.0
0.673964063715776 0.0
0.673964063715776 0.0
0.673964063715776 0.0
0.673964063715776 0.0
0.673964063715776 0.0
0.673964063715776 0.0
0.673964063715776 0.0
0.673964063715776 0.0
0.673964063715776 0.0
0.673964063715776 0.0
0.673964063715776 0.0
0.673964063715776 0.0
0.673964063715776 0.0
0.673964063715776 0.0
0.673964063715776 0.0
0.673964063715776 0.0
0.673964063715776 0.0
0.673964063715776 0.0
0.673964063715776 0.0
0.673964063715776 0.0
0.673964063715776 0.0
0.673964063715776 0.0
0.673964063715776 0.0
0.673964063715776 0.0
0.673964063715776 0.0
0.673964063715776 0.0
0.673964063715776 0.0
0.673964063715776 0.0
