0.11862692246318624 8.341199592685424
0.12060358393534815 6.918315152566693
0.12266657136160136 7.220455991886254
0.1248173664873844 7.527782940240922
0.12705717672357308 7.83933582666041
0.12938689437073947 8.154011765082235
0.13180705412670224 8.470559145869808
0.13431778938321703 8.787573397801562
0.13691878795169843 9.10349498968488
0.13960924800050606 9.416610170826623
0.1423878351332979 9.725054964771605
0.14525264168340102 10.026822925361051
0.1482011494356723 10.31977713294952
0.15123019710594598 10.601666845957862
0.15433595399858246 10.870149124227531
0.15751390131358184 11.122815602497656
0.16075882257460905 11.357224413595546
0.16406480458699546 11.570937043352286
0.16742525020078558 11.761559648265418
0.17083290394138434 11.926788092095464
0.17427989127650845 12.06445567293457
