0.22197465157939783 0.0
0.22197465157939783 0.0
0.22197465157939783 0.0
0.22197465157939783 0.0
0.22197465157939783 0.0
0.22197465157939783 0.0
0.22197465157939783 0.0
0.22197465157939783 0.0
0.22197465157939783 0.0
0.22197465157939783 0.0
0.22197465157939783 0.0
0.22197465157939783 0.0
0.22197465157939783 0.0
0.22197465157939783 0.0
0.22197465157939783 0.0
0.22197465157939783 0.0
0.22197465157939783 0.0
0.22197465157939783 0.0
0.22197465157939783 0.0
0.22197465157939783 0.0
0.22197465157939783 0.0
