0.09844758717319757 8.840932225744774
0.1006579866804862 7.7363982755103144
0.10297839728152414 8.121437103632674
0.10541185341297227 8.517096460068245
0.10796111460364566 8.922414167357177
0.11062860367033367 9.336211733407929
0.11341633952960667 9.757075507455415
0.11632586499396069 10.183339125239055
0.11935817016468575 10.61306809753781
0.1225136123207517 11.044047546231006
0.12579183353069 11.47377423478392
0.1291916775771902 11.899454162750622
0.13271110817170045 12.318007080786005
0.1363471308330781 12.726079314821835
0.1400957211886571 13.12006624452635
0.1439517628002201 13.496145640470303
0.14790899788777795 13.85032280645258
0.15195999448291264 14.178488082971619
0.15609613355080992 14.47648673764057
0.1603076194375163 14.740200603472253
0.16458351659382298 14.965640047073236
