0.28822836000704216 2.342403385638624
0.287799895679873 1.4996251450916025
0.2873930209894864 1.4240614163534355
0.2870064545215716 1.3529826377016718
0.2866390080892485 1.2860625131310144
0.2862895784218924 1.223003835746361
0.28595713973586334 1.1635354011012566
0.28564073707921805 1.1074092982590256
0.28533948035736345 1.0543985264912583
0.28505253895921717 1.0042948935118436
0.28477913691415896 0.9569071577035726
0.28451854851917663 0.9120593824381018
0.2842700943834242 0.869589475133381
0.2840331378440897 0.8293478876710833
0.28380708171322677 0.7911964580200607
0.2835913653201465 0.7550073757807138
0.2833854618182521 0.7206622566307069
0.28318887572889784 0.6880513127396275
0.2830011406980674 0.6570726079067061
0.282821817444465 0.6276313876085737
0.28265049188004626 0.5996394754652561
