0.17631528675128672 0.0
0.17631528675128672 0.0
0.17631528675128672 0.0
0.17631528675128672 0.0
0.17631528675128672 0.0
0.17631528675128672 0.0
0.17631528675128672 0.0
0.17631528675128672 0.0
0.17631528675128672 0.0
0.17631528675128672 0.0
0.17631528675128672 0.0
0.17631528675128672 0.0
0.17631528675128672 0.0
0.17631528675128672 0.0
0.17631528675128672 0.0
0.17631528675128672 0.0
0.17631528675128672 0.0
0.17631528675128672 0.0
0.17631528675128672 0.0
0.17631528675128672 0.0
0.17631528675128672 0.0
