0.6594357836391604 0.0
0.6594357836391604 0.0
0.6594357836391604 0.0
0.6594357836391604 0.0
0.6594357836391604 0.0
0.6594357836391604 0.0
0.6594357836391604 0.0
0.6594357836391604 0.0
0.6594357836391604 0.0
0.6594357836391604 0.0
0.6594357836391604 0.0
0.6594357836391604 0.0
0.6594357836391604 0.0
0.6594357836391604 0.0
0.6594357836391604 0.0
0.6594357836391604 0.0
0.6594357836391604 0.0
0.6594357836391604 0.0
0.6594357836391604 0.0
0.6594357836391604 0.0
0.6594357836391604 0.0
0.6594357836391604 0.0
0.6594357836391604 0.0
0.6594357836391604 0.0
0.6594357836391604 0.0
0.6594357836391604 0.0
0.6594357836391604 0.0
0.6594357836391604 0.0
0.6594357836391604 0.0
0.6594357836391604 0.0
0.6594357836391604 0.0
0.6594357836391604 0.0
0.6594357836391604 0.0
0.6594357836391604 0.0
0.6594357836391604 0.0
0.6594357836391604 0.0
0.6594357836391604 0.0
0.6594357836391604 0.0
0.6594357836391604 0.0
0.6594357836391604 0.0
0.6594357836391604 0.0
0.6594357836391604 0.0
0.6594357836391604 0.0
0.6594357836391604 0.0
0.6594357836391604 0.0
0.6594357836391604 0.0
0.6594357836391604 0.0
0.6594357836391604 0.0
0.6594357836391604 0.0
0.6594357836391604 0.0
