0.5393678184106894 9.999999999999787
0.5413666003068824 6.995736636675964
0.5427575316331437 4.868259641914285
0.5437219052123019 3.375307527053728
0.5443888237318801 2.3342148185236513
0.5448492181129148 1.6113803336215573
0.5451666532478987 1.1110229724433653
0.5453853350954518 0.7653864664360911
0.5455358977835152 0.5269694082219445
0.5456395187545529 0.3626733986319408
0.5457108135704474 0.24953185563081348
0.5457598575458764 0.17165391400109087
0.545793590670238 0.11806593526575426
0.545816790691819 0.0812000755336939
0.545832745564093 0.05584205295861011
0.5458437174122714 0.038401468624549295
0.5458512623130856 0.026407152849294846
0.5458564505349359 0.018158776476262517
0.5458600181462339 0.012486639542785838
0.5458624713430313 0.008586188791557703
0.5458641582238704 0.005904082936726951
