0.6919738351399813 0.0
0.6919738351399813 0.0
0.6919738351399813 0.0
0.6919738351399813 0.0
0.6919738351399813 0.0
0.6919738351399813 0.0
0.6919738351399813 0.0
0.6919738351399813 0.0
0.6919738351399813 0.0
0.6919738351399813 0.0
0.6919738351399813 0.0
0.6919738351399813 0.0
0.6919738351399813 0.0
0.6919738351399813 0.0
0.6919738351399813 0.0
0.6919738351399813 0.0
0.6919738351399813 0.0
0.6919738351399813 0.0
0.6919738351399813 0.0
0.6919738351399813 0.0
0.6919738351399813 0.0
0.6919738351399813 0.0
0.6919738351399813 0.0
0.6919738351399813 0.0
0.6919738351399813 0.0
0.6919738351399813 0.0
0.6919738351399813 0.0
0.6919738351399813 0.0
0.6919738351399813 0.0
0.6919738351399813 0.0
0.6919738351399813 0.0
0.6919738351399813 0.0
0.6919738351399813 0.0
0.6919738351399813 0.0
0.6919738351399813 0.0
0.6919738351399813 0.0
0.6919738351399813 0.0
0.6919738351399813 0.0
0.6919738351399813 0.0
0.6919738351399813 0.0
0.6919738351399813 0.0
0.6919738351399813 0.0
0.6919738351399813 0.0
0.6919738351399813 0.0
0.6919738351399813 0.0
0.6919738351399813 0.0
0.6919738351399813 0.0
0.6919738351399813 0.0
0.6919738351399813 0.0
0.6919738351399813 0.0
