0.7004002208752662 0.0
0.7004002208752662 0.0
0.7004002208752662 0.0
0.7004002208752662 0.0
0.7004002208752662 0.0
0.7004002208752662 0.0
0.7004002208752662 0.0
0.7004002208752662 0.0
0.7004002208752662 0.0
0.7004002208752662 0.0
0.7004002208752662 0.0
0.7004002208752662 0.0
0.7004002208752662 0.0
0.7004002208752662 0.0
0.7004002208752662 0.0
0.7004002208752662 0.0
0.7004002208752662 0.0
0.7004002208752662 0.0
0.7004002208752662 0.0
0.7004002208752662 0.0
0.7004002208752662 0.0
0.7004002208752662 0.0
0.7004002208752662 0.0
0.7004002208752662 0.0
0.7004002208752662 0.0
0.7004002208752662 0.0
0.7004002208752662 0.0
0.7004002208752662 0.0
0.7004002208752662 0.0
0.7004002208752662 0.0
0.7004002208752662 0.0
0.7004002208752662 0.0
0.7004002208752662 0.0
0.7004002208752662 0.0
0.7004002208752662 0.0
0.7004002208752662 0.0
0.7004002208752662 0.0
0.7004002208752662 0.0
0.7004002208752662 0.0
0.7004002208752662 0.0
0.7004002208752662 0.0
0.7004002208752662 0.0
0.7004002208752662 0.0
0.7004002208752662 0.0
0.7004002208752662 0.0
0.7004002208752662 0.0
0.7004002208752662 0.0
0.7004002208752662 0.0
0.7004002208752662 0.0
0.7004002208752662 0.0
