0.7981320085080625 0.0
0.7981320085080625 0.0
0.7981320085080625 0.0
0.7981320085080625 0.0
0.7981320085080625 0.0
0.7981320085080625 0.0
0.7981320085080625 0.0
0.7981320085080625 0.0
0.7981320085080625 0.0
0.7981320085080625 0.0
0.7981320085080625 0.0
0.7981320085080625 0.0
0.7981320085080625 0.0
0.7981320085080625 0.0
0.7981320085080625 0.0
0.7981320085080625 0.0
0.7981320085080625 0.0
0.7981320085080625 0.0
0.7981320085080625 0.0
0.7981320085080625 0.0
0.7981320085080625 0.0
0.7981320085080625 0.0
0.7981320085080625 0.0
0.7981320085080625 0.0
0.7981320085080625 0.0
0.7981320085080625 0.0
0.7981320085080625 0.0
0.7981320085080625 0.0
0.7981320085080625 0.0
0.7981320085080625 0.0
0.7981320085080625 0.0
0.7981320085080625 0.0
0.7981320085080625 0.0
0.7981320085080625 0.0
0.7981320085080625 0.0
0.7981320085080625 0.0
0.7981320085080625 0.0
0.7981320085080625 0.0
0.7981320085080625 0.0
0.7981320085080625 0.0
0.7981320085080625 0.0
0.7981320085080625 0.0
0.7981320085080625 0.0
0.7981320085080625 0.0
0.7981320085080625 0.0
0.7981320085080625 0.0
0.7981320085080625 0.0
0.7981320085080625 0.0
0.7981320085080625 0.0
0.7981320085080625 0.0
