0.3898955551374117 27.421729580798928
0.3952553430570154 18.759257718612865
0.3999839361190061 16.550075716967427
0.40411890741986434 14.472399553003612
0.4077066055307532 12.556943388111641
0.4107982149713534 10.820633042100347
0.41344653117760277 9.269106721872866
0.4157035081753237 7.899419492023441
0.4176185352931019 6.7025949122232475
0.4192373410526522 5.665820158426094
0.42060139899540494 4.774202799635141
0.42174771047129317 4.012090165608662
0.4227088532212966 3.363999625011438
0.423513204305256 2.8152287938585374
0.4241852665831565 2.3522179726516157
0.42474604676246996 1.962730627597331
0.42521344873944544 1.635906919413621
0.42560265832023214 1.362233532753443
0.42592650466631454 1.133462211288627
0.42619579045615286 0.9425002644340982
0.4264195873329895 0.7832890689281057
