0.4082714872756177 25.9999999999998
0.41475505952941893 22.692502888304485
0.42034292803756435 19.557539778508826
0.42510604530708473 16.67091044332114
0.42912772853387593 14.075891293769516
0.43249597622394353 11.788866915236618
0.43529771353805596 9.806080599393587
0.43761490085207116 8.110155599052595
0.43952222362954046 6.675629721142775
0.44108600114426966 5.473221301552032
0.442363959090077 4.472852810326167
0.44340556396696584 3.64561706911104
0.4442526852088464 2.96492434658191
0.4449404167422164 2.407060366794944
0.4454979448916905 1.9513485231588132
0.4459493920274149 1.5800649750357112
0.4463145959310432 1.2782136626992016
0.4466098056594936 1.03323404957667
0.4468482880658273 0.8346884221674954
0.44704084720135584 0.6739569743503536
0.4471962632598885 0.5439562048641379
