0.5009184138388043 0.0
0.5009184138388043 0.0
0.5009184138388043 0.0
0.5009184138388043 0.0
0.5009184138388043 0.0
0.5009184138388043 0.0
0.5009184138388043 0.0
0.5009184138388043 0.0
0.5009184138388043 0.0
0.5009184138388043 0.0
0.5009184138388043 0.0
0.5009184138388043 0.0
0.5009184138388043 0.0
0.5009184138388043 0.0
0.5009184138388043 0.0
0.5009184138388043 0.0
0.5009184138388043 0.0
0.5009184138388043 0.0
0.5009184138388043 0.0
0.5009184138388043 0.0
0.5009184138388043 0.0
0.5009184138388043 0.0
0.5009184138388043 0.0
0.5009184138388043 0.0
0.5009184138388043 0.0
0.5009184138388043 0.0
0.5009184138388043 0.0
0.5009184138388043 0.0
0.5009184138388043 0.0
0.5009184138388043 0.0
0.5009184138388043 0.0
0.5009184138388043 0.0
0.5009184138388043 0.0
0.5009184138388043 0.0
0.5009184138388043 0.0
0.5009184138388043 0.0
0.5009184138388043 0.0
0.5009184138388043 0.0
0.5009184138388043 0.0
0.5009184138388043 0.0
0.5009184138388043 0.0
0.5009184138388043 0.0
0.5009184138388043 0.0
0.5009184138388043 0.0
0.5009184138388043 0.0
0.5009184138388043 0.0
0.5009184138388043 0.0
0.5009184138388043 0.0
0.5009184138388043 0.0
0.5009184138388043 0.0
