0.8257020694814172 0.0
0.8257020694814172 0.0
0.8257020694814172 0.0
0.8257020694814172 0.0
0.8257020694814172 0.0
0.8257020694814172 0.0
0.8257020694814172 0.0
0.8257020694814172 0.0
0.8257020694814172 0.0
0.8257020694814172 0.0
0.8257020694814172 0.0
0.8257020694814172 0.0
0.8257020694814172 0.0
0.8257020694814172 0.0
0.8257020694814172 0.0
0.8257020694814172 0.0
0.8257020694814172 0.0
0.8257020694814172 0.0
0.8257020694814172 0.0
0.8257020694814172 0.0
0.8257020694814172 0.0
0.8257020694814172 0.0
0.8257020694814172 0.0
0.8257020694814172 0.0
0.8257020694814172 0.0
0.8257020694814172 0.0
0.8257020694814172 0.0
0.8257020694814172 0.0
0.8257020694814172 0.0
0.8257020694814172 0.0
0.8257020694814172 0.0
0.8257020694814172 0.0
0.8257020694814172 0.0
0.8257020694814172 0.0
0.8257020694814172 0.0
0.8257020694814172 0.0
0.8257020694814172 0.0
0.8257020694814172 0.0
0.8257020694814172 0.0
0.8257020694814172 0.0
0.8257020694814172 0.0
0.8257020694814172 0.0
0.8257020694814172 0.0
0.8257020694814172 0.0
0.8257020694814172 0.0
0.8257020694814172 0.0
0.8257020694814172 0.0
0.8257020694814172 0.0
0.8257020694814172 0.0
0.8257020694814172 0.0
