0.7685257883956542 22.30420415098471
0.7691585297938599 3.1637069910281927
0.7693183714416103 0.7992082387521756
0.7693587247242122 0.20176641300923495
0.7693689106004546 0.05092938121187292
0.7693714815905488 0.012854950471208148
0.7693721305207561 0.003244651036737878
0.7693722943134258 0.000818963348692316
0.7693723356553464 0.00020670960232376068
0.76937234609021 5.217431819914964e-05
0.7693723487240103 1.3169001889147935e-05
0.7693723493887914 3.3239047070310335e-06
0.7693723495565852 8.389697825350595e-07
0.7693723495989366 2.1175772228865242e-07
0.7693723496096265 5.3448801120126177e-08
0.769372349612325 1.3493206552084303e-08
0.7693723496130056 3.401723168039439e-09
0.7693723496131775 8.597567102697212e-10
0.7693723496132212 2.1849207065827158e-10
0.7693723496132323 5.506688260936699e-11
0.769372349613235 1.4210854715202004e-11
0.7693723496132359 3.552713678800501e-12
0.7693723496132359 0.0
0.7693723496132359 0.0
0.7693723496132359 0.0
0.7693723496132359 0.0
0.7693723496132359 0.0
0.7693723496132359 0.0
0.7693723496132359 0.0
0.7693723496132359 0.0
0.7693723496132359 0.0
0.7693723496132359 0.0
0.7693723496132359 0.0
0.7693723496132359 0.0
0.7693723496132359 0.0
0.7693723496132359 0.0
0.7693723496132359 0.0
0.7693723496132359 0.0
0.7693723496132359 0.0
0.7693723496132359 0.0
0.7693723496132359 0.0
0.7693723496132359 0.0
0.7693723496132359 0.0
0.7693723496132359 0.0
0.7693723496132359 0.0
0.7693723496132359 0.0
0.7693723496132359 0.0
0.7693723496132359 0.0
0.7693723496132359 0.0
0.7693723496132359 0.0
