0.8441948629241882 25.9999999999998
0.8452051626292176 5.051498525146414
0.8454002717474176 0.9755455910003263
0.8454379072118714 0.18817732226850126
0.8454451652460728 0.03629017100786669
0.8454465649037872 0.006998288571704592
0.8454468348150641 0.001349556384866446
0.8454468868649179 0.00026024926924606007
0.8454468969022404 5.0186612199354386e-05
0.8454468988378432 9.678013057623502e-06
0.845446899211105 1.8663097733906397e-06
0.8454468992830848 3.5989877744668775e-07
0.8454468992969661 6.940759078588599e-08
0.8454468992996436 1.3386625141720288e-08
0.8454468993001591 2.5774937739697634e-09
0.8454468993002586 4.973799150320701e-10
0.8454468993002777 9.592326932761353e-11
0.8454468993002815 1.8705037518884637e-11
0.8454468993002822 2.611244553918368e-12
0.8454468993002822 0.0
0.8454468993002822 0.0
0.8454468993002822 0.0
0.8454468993002822 0.0
0.8454468993002822 0.0
0.8454468993002822 0.0
0.8454468993002822 0.0
0.8454468993002822 0.0
0.8454468993002822 0.0
0.8454468993002822 0.0
0.8454468993002822 0.0
0.8454468993002822 0.0
0.8454468993002822 0.0
0.8454468993002822 0.0
0.8454468993002822 0.0
0.8454468993002822 0.0
0.8454468993002822 0.0
0.8454468993002822 0.0
0.8454468993002822 0.0
0.8454468993002822 0.0
0.8454468993002822 0.0
0.8454468993002822 0.0
0.8454468993002822 0.0
0.8454468993002822 0.0
0.8454468993002822 0.0
0.8454468993002822 0.0
0.8454468993002822 0.0
0.8454468993002822 0.0
0.8454468993002822 0.0
0.8454468993002822 0.0
0.8454468993002822 0.0
