-0.48138446971259774 22.341995754667284
-0.4751177469635724 21.933529621588566
-0.4703299229252051 16.757384134285846
-0.46663447985917367 12.93405073110998
-0.4637598369465548 10.061250194165705
-0.4615101651955624 7.873851128473497
-0.4597413116130835 6.190987538676204
-0.45834539424672593 4.885710782251529
-0.4572405984027705 3.8667854538442135
-0.45636421420542517 3.067344690708473
-0.45566776278852106 2.437579959164373
-0.4551135086899017 1.939889345167644
-0.4546719167159716 1.545571908755373
-0.4543197675009351 1.2325222526279331
-0.4540387420575179 0.9835890519600534
-0.45381434639401586 0.785384822257207
-0.4536350866750963 0.6274090162183832
-0.45349183153603473 0.5013929867156994
-0.45337731586343977 0.40080485408222527
-0.4532857525894365 0.3204714590114835
-0.4532125276586012 0.25628725792348206
