0.3340227130783066 28.999999999999915
0.3419407234056399 27.713036145666337
0.34941306252035553 26.15318690150481
0.3563800120887009 24.38432348920827
0.3628014075776664 22.474884211379553
0.3686563551646216 20.49231655434358
0.37394161616095856 18.498413487178844
0.3786690452445802 16.54600179267618
0.38286250909603675 14.677123480097569
0.3865546758289653 12.922583565250406
0.38978398073980886 11.302567187952306
0.39259197030770826 9.827963487647883
0.3950211277937157 8.502051201026129
0.39711320438536024 7.322268070755673
0.39890802476834786 6.281871340456628
0.40044270405780047 5.371377513084141
0.4017511995723808 4.579734301031202
0.4028641203690564 3.8952227883646273
0.4038087246303792 3.306114914630065
0.40460904590660185 2.801124466778937
0.4052861011187847 2.3696932426400252
