0.3678188444328927 28.421168562694238
0.37370370652216267 20.59701731244523
0.3790341879533882 18.656685009289298
0.3838172921989132 16.740864859337027
0.388072674344488 14.893837509511771
0.3918295315318629 13.149000155812551
0.39512358250522706 11.529178406774143
0.3979943625363198 10.047730108825093
0.40048296160980484 8.710096757197583
0.4026302506408965 7.515511608820802
0.4044755800415887 6.458652902422202
0.4060558975469051 5.531111268607597
0.4074052141637763 4.722608159049032
0.4085543431396266 4.0219514154760105
0.40953084179469146 3.4177452927273317
0.4103590957068137 2.8988886924276978
0.41106049607292755 2.454901281399025
0.4116536722017501 2.0761164508784447
0.412154750989226 1.753775756165865
0.41257762346508514 1.480053665506631
0.41293420502184747 1.2480354486679353
