0.3898955551374117 27.000000000000135
0.39679865723405605 24.160857338255244
0.4028972675962186 21.345136267568506
0.4082235676389186 18.6420501494502
0.4128282632335725 16.116434581288974
0.41677384201553536 13.80952573687022
0.42012870907641453 11.742034713076777
0.42296252480650853 9.918355055329009
0.42534280428230753 8.330978165296266
0.42733266528271985 6.964513501443115
0.42898952458726547 5.79900756591023
0.43036451783119234 4.812476353743378
0.4315024327819206 3.982702327549159
0.4324419796498493 3.288414037750709
0.4332162614090953 2.709986157360511
0.4338533442430281 2.2297899187648795
0.4343768595051216 1.8323034173275394
0.43480659300087976 1.5040672351536188
0.4351590353823671 1.2335483352057255
0.4354478800511292 1.0109563406670574
0.4356844633795809 0.8280416495809461
