0.6504319156590954 22.00000000000024
0.6538044868446877 11.803999149573308
0.6555930764750544 6.26006370628307
0.6565357631608983 3.2994034004536488
0.6570309870655817 1.73328366639236
0.6572906964881136 0.9089829788608838
0.6574267723952012 0.4762656748069706
0.6574980362010463 0.2494233204575132
0.6575353482425441 0.13059214524258067
0.6575548814057264 0.0683660711380334
0.6575651064830321 0.03578777057010285
0.6575704588410529 0.01873325307278506
0.6575732605022535 0.009805814202401564
0.6575747270014776 0.005132747284086747
0.6575754946207 0.0026866672779846112
0.6575758964195455 0.0014062959596827795
0.6575761067348704 0.0007361036371484886
0.657576216821059 0.0003853016603621029
0.6575762744438896 0.00020167990655295398
0.6575763046056198 0.00010556605545275488
0.6575763203932836 5.5256824005311955e-05
