0.7229790694298264 0.0
0.7229790694298264 0.0
0.7229790694298264 0.0
0.7229790694298264 0.0
0.7229790694298264 0.0
0.7229790694298264 0.0
0.7229790694298264 0.0
0.7229790694298264 0.0
0.7229790694298264 0.0
0.7229790694298264 0.0
0.7229790694298264 0.0
0.7229790694298264 0.0
0.7229790694298264 0.0
0.7229790694298264 0.0
0.7229790694298264 0.0
0.7229790694298264 0.0
0.7229790694298264 0.0
0.7229790694298264 0.0
0.7229790694298264 0.0
0.7229790694298264 0.0
0.7229790694298264 0.0
0.7229790694298264 0.0
0.7229790694298264 0.0
0.7229790694298264 0.0
0.7229790694298264 0.0
0.7229790694298264 0.0
0.7229790694298264 0.0
0.7229790694298264 0.0
0.7229790694298264 0.0
0.7229790694298264 0.0
0.7229790694298264 0.0
0.7229790694298264 0.0
0.7229790694298264 0.0
0.7229790694298264 0.0
0.7229790694298264 0.0
0.7229790694298264 0.0
0.7229790694298264 0.0
0.7229790694298264 0.0
0.7229790694298264 0.0
0.7229790694298264 0.0
0.7229790694298264 0.0
0.7229790694298264 0.0
0.7229790694298264 0.0
0.7229790694298264 0.0
0.7229790694298264 0.0
0.7229790694298264 0.0
0.7229790694298264 0.0
0.7229790694298264 0.0
0.7229790694298264 0.0
0.7229790694298264 0.0
