0.7153737401773614 0.0
0.7153737401773614 0.0
0.7153737401773614 0.0
0.7153737401773614 0.0
0.7153737401773614 0.0
0.7153737401773614 0.0
0.7153737401773614 0.0
0.7153737401773614 0.0
0.7153737401773614 0.0
0.7153737401773614 0.0
0.7153737401773614 0.0
0.7153737401773614 0.0
0.7153737401773614 0.0
0.7153737401773614 0.0
0.7153737401773614 0.0
0.7153737401773614 0.0
0.7153737401773614 0.0
0.7153737401773614 0.0
0.7153737401773614 0.0
0.7153737401773614 0.0
0.7153737401773614 0.0
0.7153737401773614 0.0
0.7153737401773614 0.0
0.7153737401773614 0.0
0.7153737401773614 0.0
0.7153737401773614 0.0
0.7153737401773614 0.0
0.7153737401773614 0.0
0.7153737401773614 0.0
0.7153737401773614 0.0
0.7153737401773614 0.0
0.7153737401773614 0.0
0.7153737401773614 0.0
0.7153737401773614 0.0
0.7153737401773614 0.0
0.7153737401773614 0.0
0.7153737401773614 0.0
0.7153737401773614 0.0
0.7153737401773614 0.0
0.7153737401773614 0.0
0.7153737401773614 0.0
0.7153737401773614 0.0
0.7153737401773614 0.0
0.7153737401773614 0.0
0.7153737401773614 0.0
0.7153737401773614 0.0
0.7153737401773614 0.0
0.7153737401773614 0.0
0.7153737401773614 0.0
0.7153737401773614 0.0
