0.7271077298062807 35.99999999999959
0.731406631037969 15.046154310908832
0.7331727112197752 6.181280636321951
0.7338931119265031 2.521402473547596
0.7341861163853329 1.0255156059044952
0.734305147308776 0.416608232050919
0.7343534794746693 0.16916258062635595
0.7343731007749392 0.06867455094461405
0.7343810657575087 0.027877438993684223
0.7343842989225775 0.011316077740630703
0.7343856113196252 0.004593389666851522
0.7343861440412229 0.001864525591699362
0.7343863602804244 0.0007568372053512462
0.7343864480548861 0.0003072106160573185
0.7343864836837324 0.00012470096155681176
0.7343864981459638 5.061781038762092e-05
0.7343865040163782 2.0546449874814243e-05
0.7343865063992585 8.340081514290887e-06
0.7343865073665021 3.385352442819567e-06
0.7343865077591192 1.374159872113978e-06
0.7343865079184881 5.577916155630191e-07
