0.8385328236797602 36.45525413900465
0.8392366058725764 3.518910964080746
0.8393760742734921 0.6973420045781609
0.8394036904679472 0.13808097227574503
0.8394091578899867 0.027337110197805537
0.8394102402896684 0.005411998407595499
0.8394104545737937 0.0010714206268858106
0.8394104969958587 0.00021211032574797173
0.8394105053941998 4.19917052736789e-05
0.8394105070568285 8.313143013262802e-06
0.8394105073859806 1.6457608606792462e-06
0.8394105074511433 3.25814042657413e-07
0.8394105074640437 6.450129295032526e-08
0.8394105074665974 1.2768452961609e-08
0.8394105074671037 2.531308741282601e-09
0.8394105074672038 5.009326287108706e-10
0.8394105074672233 9.769938102976994e-11
0.8394105074672269 1.7763568394002505e-11
0.8394105074672276 3.552713678800501e-12
0.8394105074672278 8.38506153399976e-13
0.8394105074672278 0.0
0.8394105074672278 0.0
0.8394105074672278 0.0
0.8394105074672278 0.0
0.8394105074672278 0.0
0.8394105074672278 0.0
0.8394105074672278 0.0
0.8394105074672278 0.0
0.8394105074672278 0.0
0.8394105074672278 0.0
0.8394105074672278 0.0
0.8394105074672278 0.0
0.8394105074672278 0.0
0.8394105074672278 0.0
0.8394105074672278 0.0
0.8394105074672278 0.0
0.8394105074672278 0.0
0.8394105074672278 0.0
0.8394105074672278 0.0
0.8394105074672278 0.0
0.8394105074672278 0.0
0.8394105074672278 0.0
0.8394105074672278 0.0
0.8394105074672278 0.0
0.8394105074672278 0.0
0.8394105074672278 0.0
0.8394105074672278 0.0
0.8394105074672278 0.0
0.8394105074672278 0.0
0.8394105074672278 0.0
