0.7921174445930137 29.99999999999936
0.7935295565500664 7.0605597852635
0.7938598215232562 1.6513248659491429
0.7939369502991562 0.3856438795004635
0.7939549564506394 0.09003075741546951
0.7939591597513442 0.02101650352415163
0.7939601409385464 0.004905936010281664
0.7939603699785738 0.001145200137386837
0.7939604234436821 0.000267325541258856
0.7939604359241077 6.240212790942223e-05
0.7939604388374293 1.4566608406596515e-05
0.7939604395174893 3.400299554812136e-06
0.793960439676237 7.937384083334109e-07
0.7939604397132936 1.8528290013364312e-07
0.793960439721944 4.32525126825567e-08
0.7939604397239624 1.0091483204632823e-08
0.7939604397244338 2.3572255258841324e-09
0.7939604397245439 5.506706202140776e-10
0.7939604397245699 1.2967404927621828e-10
0.7939604397245759 3.019806626980426e-11
0.7939604397245774 8.036238341446733e-12
