0.731743461517357 0.0
0.731743461517357 0.0
0.731743461517357 0.0
0.731743461517357 0.0
0.731743461517357 0.0
0.731743461517357 0.0
0.731743461517357 0.0
0.731743461517357 0.0
0.731743461517357 0.0
0.731743461517357 0.0
0.731743461517357 0.0
0.731743461517357 0.0
0.731743461517357 0.0
0.731743461517357 0.0
0.731743461517357 0.0
0.731743461517357 0.0
0.731743461517357 0.0
0.731743461517357 0.0
0.731743461517357 0.0
0.731743461517357 0.0
0.731743461517357 0.0
0.731743461517357 0.0
0.731743461517357 0.0
0.731743461517357 0.0
0.731743461517357 0.0
0.731743461517357 0.0
0.731743461517357 0.0
0.731743461517357 0.0
0.731743461517357 0.0
0.731743461517357 0.0
0.731743461517357 0.0
0.731743461517357 0.0
0.731743461517357 0.0
0.731743461517357 0.0
0.731743461517357 0.0
0.731743461517357 0.0
0.731743461517357 0.0
0.731743461517357 0.0
0.731743461517357 0.0
0.731743461517357 0.0
0.731743461517357 0.0
0.731743461517357 0.0
0.731743461517357 0.0
0.731743461517357 0.0
0.731743461517357 0.0
0.731743461517357 0.0
0.731743461517357 0.0
0.731743461517357 0.0
0.731743461517357 0.0
0.731743461517357 0.0
