0.8062763989153139 46.39085372281961
0.8077280954089132 7.258482467996429
0.8080516958017134 1.6180019640010812
0.8081237179464857 0.3601107238617801
0.8081397420015741 0.08012027544256743
0.8081433068846353 0.01782441530551182
0.8081440999531158 0.003965342401983154
0.8081442763839277 0.000882154059141337
0.8081443156337598 0.00019624916092197964
0.8081443243655062 4.365873174093515e-05
0.8081443263080217 9.712577409016987e-06
0.8081443267401642 2.1607124977993664e-06
0.8081443268363009 4.806839371109817e-07
0.808144326857688 1.0693490536262118e-07
0.8081443268624466 2.379429987620085e-08
0.8081443268635049 5.2908858858558005e-09
0.80814432686374 1.1750530095611112e-09
0.8081443268637925 2.6290081223123707e-10
0.808144326863804 5.6843418860808015e-11
0.8081443268638071 1.598719912010438e-11
0.8081443268638075 1.7763692738981262e-12
0.8081443268638075 0.0
0.8081443268638075 0.0
0.8081443268638075 0.0
0.8081443268638075 0.0
0.8081443268638075 0.0
0.8081443268638075 0.0
0.8081443268638075 0.0
0.8081443268638075 0.0
0.8081443268638075 0.0
0.8081443268638075 0.0
0.8081443268638075 0.0
0.8081443268638075 0.0
0.8081443268638075 0.0
0.8081443268638075 0.0
0.8081443268638075 0.0
0.8081443268638075 0.0
0.8081443268638075 0.0
0.8081443268638075 0.0
0.8081443268638075 0.0
0.8081443268638075 0.0
0.8081443268638075 0.0
0.8081443268638075 0.0
0.8081443268638075 0.0
0.8081443268638075 0.0
0.8081443268638075 0.0
0.8081443268638075 0.0
0.8081443268638075 0.0
0.8081443268638075 0.0
0.8081443268638075 0.0
