0.8348150478050869 41.999999999999815
0.8365105634353622 8.477578151376619
0.8368495338986546 1.6948523164614926
0.8369171710359595 0.33818568652499437
0.8369306619521582 0.06745458099288726
0.8369333526462621 0.013453470520730093
0.8369338892831955 0.002683184666452121
0.8369339963107159 0.000535137601787028
0.8369340176564009 0.00010672842520875747
0.8369340219136072 2.1286031675060713e-05
0.8369340227626694 4.2453106985362865e-06
0.8369340229320068 8.466872358781075e-07
0.83693402296578 1.6886662734805213e-07
0.8369340229725157 3.367794931818935e-08
0.8369340229738591 6.716405209772347e-09
0.8369340229741264 1.3375967000683886e-09
0.8369340229741806 2.7000623958883807e-10
0.8369340229741911 5.3290705182007514e-11
0.8369340229741933 1.0658141036401503e-11
0.8369340229741937 1.7763568394002505e-12
0.8369340229741937 0.0
0.8369340229741937 0.0
0.8369340229741937 0.0
0.8369340229741937 0.0
0.8369340229741937 0.0
0.8369340229741937 0.0
0.8369340229741937 0.0
0.8369340229741937 0.0
0.8369340229741937 0.0
0.8369340229741937 0.0
0.8369340229741937 0.0
0.8369340229741937 0.0
0.8369340229741937 0.0
0.8369340229741937 0.0
0.8369340229741937 0.0
0.8369340229741937 0.0
0.8369340229741937 0.0
0.8369340229741937 0.0
0.8369340229741937 0.0
0.8369340229741937 0.0
0.8369340229741937 0.0
0.8369340229741937 0.0
0.8369340229741937 0.0
0.8369340229741937 0.0
0.8369340229741937 0.0
0.8369340229741937 0.0
0.8369340229741937 0.0
0.8369340229741937 0.0
0.8369340229741937 0.0
0.8369340229741937 0.0
