0.5798391805951313 50.525385419480045
0.5867187191056127 24.07838478668456
0.591093114366408 15.310383412783679
0.5938376462136619 9.605861465388443
0.5955451214193763 5.976163220000608
0.5966018249804077 3.698462463610497
0.5972536534889592 2.2813997799300267
0.5976549240750963 1.4044470514802398
0.5979016424333856 0.863514254012106
0.5980532195101929 0.5305197688252258
0.5981463006097938 0.32578384860304516
0.5982034437542674 0.20000100565820128
0.5982385181182224 0.12276027384228178
0.5982600443608774 0.07534184929269827
0.5982732548124665 0.04623658056157606
0.5982813616095353 0.02837378974085425
0.598286336345319 0.017411575242931576
0.5982893890446841 0.010684447778075423
0.598291262286919 0.006556347821984332
0.5982924117666624 0.004023179101864116
0.5982931171206971 0.0024687391215750063
