0.6356989047020747 58.17073638192391
0.6399104682040473 21.05781750986324
0.6413462116260229 7.17871710987789
0.6418339659876722 2.4387718082463037
0.6419994711711361 0.8275259173196048
0.6420556079549324 0.28068391898194994
0.6420746460831435 0.0951906410548986
0.6420811023412754 0.03228129065924183
0.642083291769509 0.010947141168671197
0.6420840342383509 0.003712344209816365
0.6420842860205194 0.0012589108422389472
0.6420843714035251 0.000426915027773628
0.6420844003581418 0.00014477308418743817
0.642084410177072 4.909465012307734e-05
0.6420844135068133 1.6648707301630595e-05
0.6420844146359765 5.645816258947889e-06
0.6420844150188927 1.914580494183582e-06
0.6420844151487448 6.492602011185511e-07
0.6420844151927796 2.201741012122227e-07
0.6420844152077123 7.466383067367133e-08
0.6420844152127758 2.5317586256790038e-08
