-0.7376756007613956 58.2066560162317
-0.7339610177780052 18.572914916952797
-0.7329196075664943 5.207051057554146
-0.732626612813275 1.4649737660965556
-0.7325440990520184 0.41256880628282033
-0.732520854908967 0.11622071525662199
-0.7325143065170068 0.03274195980118577
-0.7325124616487269 0.009224341399605152
-0.7325119418936294 0.0025987754864630714
-0.7325117954626692 0.0007321548012306778
-0.732511754208554 0.00020627057730537857
-0.7325117425859964 5.8112787350055097e-05
-0.7325117393115628 1.6372167500573685e-05
-0.7325117383890549 4.612540369652862e-06
-0.7325117381291548 1.299499376994362e-06
-0.7325117380559334 3.661082748074307e-07
-0.7325117380353046 1.0314359481378155e-07
-0.7325117380294928 2.9058412305493775e-08
-0.7325117380278552 8.188459983626828e-09
-0.7325117380273944 2.3037127401259737e-09
-0.7325117380272639 6.52811138479592e-10
