0.5707856425197009 52.295748457630125
0.5795829177914449 30.79046345110381
0.585300859376253 20.012795546828777
0.5889536059298857 12.784612937713824
0.5912612355892866 8.076703807903485
0.5927088244301251 5.066560942935006
0.59361287874373 3.164190097617145
0.5941759150592714 1.970627104394664
0.5945259613450267 1.2251620001437757
0.5947433546539529 0.7608765812419097
0.5948782745098424 0.47221949561304655
0.5949619744043861 0.29294963090276116
0.5950138856993052 0.1816895322170871
0.5950460763152972 0.11266715597147027
0.5950660359962656 0.06985888339006166
0.5950784111660992 0.04331309441685236
0.5950860835824741 0.02685345731246098
0.5950908402509314 0.016648339600686946
0.5950937891997046 0.010321320706106538
0.5950956174162065 0.0063987577569884395
0.5950967508223748 0.003966921588549748
