-0.7300806003871934 51.99999999999988
-0.7271471324927941 14.667339471996499
-0.7263116499861249 4.177412533346585
-0.726073041915883 1.1930403512089258
-0.7260048437481386 0.3409908387219662
-0.725985347216239 0.09748265949793833
-0.7259797731802029 0.02787018018035603
-0.7259781795406033 0.007968197997527904
-0.725977723910173 0.0022781521524879444
-0.7259775936427029 0.0006513373507210929
-0.725977556398437 0.00018622132890855347
-0.7259775457500721 5.324182372334896e-05
-0.7259775427056392 1.5222165199224591e-05
-0.725977541835217 4.352110893890426e-06
-0.7259775415863579 1.2442952181945799e-06
-0.7259775415152077 3.5575098422668816e-07
-0.7259775414948653 1.017130908387287e-07
-0.7259775414890495 2.90789614609821e-08
-0.7259775414873864 8.315570454442422e-09
-0.7259775414869107 2.376979058027473e-09
-0.7259775414867753 6.783547057409578e-10
