0.5476659389501304 56.30312786760732
0.5578832252074379 35.76050190057642
0.5648670268795684 24.443305852456483
0.5695447941602616 16.37218548242636
0.5726353101065338 10.816805811952435
0.574658634999897 7.081637126771234
0.5759753714026274 4.60857740955678
0.5768289326744913 2.987464451523536
0.5773808428519258 1.9316856210207682
0.5777371205758843 1.2469720338548038
0.5779668666304123 0.8041111908481117
0.5781149172140103 0.5181770425926044
0.5782102803503735 0.33377097727125904
0.5782716887037354 0.2149292367668191
0.5783112248975439 0.13837667833005446
0.578336676261423 0.08907977357662306
0.5783530592942139 0.05734061476793604
0.5783636045306637 0.036908327574636246
0.5783703919500662 0.023755967908378837
0.5783747605699476 0.015290169585108803
0.578377572329452 0.009841158265189165
