0.6775155904877361 0.0
0.6775155904877361 0.0
0.6775155904877361 0.0
0.6775155904877361 0.0
0.6775155904877361 0.0
0.6775155904877361 0.0
0.6775155904877361 0.0
0.6775155904877361 0.0
0.6775155904877361 0.0
0.6775155904877361 0.0
0.6775155904877361 0.0
0.6775155904877361 0.0
0.6775155904877361 0.0
0.6775155904877361 0.0
0.6775155904877361 0.0
0.6775155904877361 0.0
0.6775155904877361 0.0
0.6775155904877361 0.0
0.6775155904877361 0.0
0.6775155904877361 0.0
0.6775155904877361 0.0
0.6775155904877361 0.0
0.6775155904877361 0.0
0.6775155904877361 0.0
0.6775155904877361 0.0
0.6775155904877361 0.0
0.6775155904877361 0.0
0.6775155904877361 0.0
0.6775155904877361 0.0
0.6775155904877361 0.0
0.6775155904877361 0.0
0.6775155904877361 0.0
0.6775155904877361 0.0
0.6775155904877361 0.0
0.6775155904877361 0.0
0.6775155904877361 0.0
0.6775155904877361 0.0
0.6775155904877361 0.0
0.6775155904877361 0.0
0.6775155904877361 0.0
0.6775155904877361 0.0
0.6775155904877361 0.0
0.6775155904877361 0.0
0.6775155904877361 0.0
0.6775155904877361 0.0
0.6775155904877361 0.0
0.6775155904877361 0.0
0.6775155904877361 0.0
0.6775155904877361 0.0
0.6775155904877361 0.0
