0.7526954777601564 0.0
0.7526954777601564 0.0
0.7526954777601564 0.0
0.7526954777601564 0.0
0.7526954777601564 0.0
0.7526954777601564 0.0
0.7526954777601564 0.0
0.7526954777601564 0.0
0.7526954777601564 0.0
0.7526954777601564 0.0
0.7526954777601564 0.0
0.7526954777601564 0.0
0.7526954777601564 0.0
0.7526954777601564 0.0
0.7526954777601564 0.0
0.7526954777601564 0.0
0.7526954777601564 0.0
0.7526954777601564 0.0
0.7526954777601564 0.0
0.7526954777601564 0.0
0.7526954777601564 0.0
0.7526954777601564 0.0
0.7526954777601564 0.0
0.7526954777601564 0.0
0.7526954777601564 0.0
0.7526954777601564 0.0
0.7526954777601564 0.0
0.7526954777601564 0.0
0.7526954777601564 0.0
0.7526954777601564 0.0
0.7526954777601564 0.0
0.7526954777601564 0.0
0.7526954777601564 0.0
0.7526954777601564 0.0
0.7526954777601564 0.0
0.7526954777601564 0.0
0.7526954777601564 0.0
0.7526954777601564 0.0
0.7526954777601564 0.0
0.7526954777601564 0.0
0.7526954777601564 0.0
0.7526954777601564 0.0
0.7526954777601564 0.0
0.7526954777601564 0.0
0.7526954777601564 0.0
0.7526954777601564 0.0
0.7526954777601564 0.0
0.7526954777601564 0.0
0.7526954777601564 0.0
0.7526954777601564 0.0
