0.645617781126 76.23652708167614
0.6504961531085831 24.391859912915592
0.652123284988174 8.135659397954242
0.6526637834792042 2.702492455151528
0.6528430811484065 0.8964883460116368
0.6529025320418573 0.29725446725414906
0.6529222416042191 0.09854781180784736
0.6529287755266848 0.03266961232917274
0.6529309415534117 0.010830133634342844
0.6529316595977668 0.0035902217749852225
0.6529318976311926 0.0011901671292946503
0.6529319765397967 0.0003945430204763927
0.6529320026981671 0.00013079185201567432
0.6529320113697215 4.33577724834322e-05
0.6529320142443602 1.437319327357045e-05
0.6529320151973095 4.7647459597897064e-06
0.6529320155132139 1.5795222907399875e-06
0.6529320156179368 5.236149289959968e-07
0.6529320156526528 1.7358026147284989e-07
0.6529320156641611 5.75415269015167e-08
0.6529320156679765 1.9076296295494898e-08
0.6529320156692409 6.322053794249882e-09
0.6529320156696596 2.0943249108285045e-09
0.6529320156697993 6.981080407086893e-10
0.6529320156698453 2.291502294582415e-10
0.6529320156698601 7.460698725481052e-11
0.6529320156698655 2.6645155415394582e-11
0.6529320156698675 1.0658141036401503e-11
0.6529320156698684 3.552713678800501e-12
0.6529320156698684 0.0
0.6529320156698684 0.0
0.6529320156698684 0.0
0.6529320156698684 0.0
0.6529320156698684 0.0
0.6529320156698684 0.0
0.6529320156698684 0.0
0.6529320156698684 0.0
0.6529320156698684 0.0
0.6529320156698684 0.0
0.6529320156698684 0.0
0.6529320156698684 0.0
0.6529320156698684 0.0
0.6529320156698684 0.0
0.6529320156698684 0.0
0.6529320156698684 0.0
0.6529320156698684 0.0
0.6529320156698684 0.0
0.6529320156698684 0.0
0.6529320156698684 0.0
0.6529320156698684 0.0
