0.7207068413195241 76.30140354094603
0.7246833384566873 19.882485685815965
0.7258108641260925 5.637628347026081
0.7261293846336752 1.5926025379133784
0.7262192704532815 0.4494290980314734
0.7262446285043205 0.1267902551944644
0.726251781766361 0.03576631020329969
0.7262537995849632 0.010089093009924
0.726254368774895 0.0028459496598928114
0.7262545293327225 0.0008027891374310467
0.7262545746230562 0.0002264516680838824
0.726254587398603 6.387773510141415e-05
0.726254591002343 1.8018699421418205e-05
0.7262545920188896 5.082732457140082e-06
0.7262545923056392 1.4337481887185533e-06
0.7262545923865249 4.044294214065047e-07
0.7262545924093406 1.1407763622628408e-07
0.7262545924157777 3.2185810006524205e-08
0.7262545924175927 9.075406659064811e-09
0.7262545924181052 2.561506562415161e-09
0.72625459241825 7.247535904753022e-10
0.7262545924182904 2.0165923508841388e-10
0.7262545924183015 5.5912940055691255e-11
0.7262545924183048 1.598677812353344e-11
0.7262545924183057 5.329503949269565e-12
0.7262545924183059 0.0
0.7262545924183059 0.0
0.7262545924183059 0.0
0.7262545924183059 0.0
0.7262545924183059 0.0
0.7262545924183059 0.0
0.7262545924183059 0.0
0.7262545924183059 0.0
0.7262545924183059 0.0
0.7262545924183059 0.0
0.7262545924183059 0.0
0.7262545924183059 0.0
0.7262545924183059 0.0
0.7262545924183059 0.0
0.7262545924183059 0.0
0.7262545924183059 0.0
0.7262545924183059 0.0
0.7262545924183059 0.0
0.7262545924183059 0.0
0.7262545924183059 0.0
0.7262545924183059 0.0
0.7262545924183059 0.0
0.7262545924183059 0.0
0.7262545924183059 0.0
0.7262545924183059 0.0
