0.8132786088047959 70.43785684467615
0.81568745413617 12.04422665687055
0.8162083997825 2.6047282316508102
0.8163207654713616 0.5618284443072132
0.8163449884916383 0.12111510138354833
0.816350209683604 0.02610595982766032
0.8163513350645566 0.005626904764355309
0.816351577628915 0.0012128217914409234
0.8163516299111189 0.0002614110190534902
0.8163516411799958 5.634438515759399e-05
0.8163516436088831 1.2144436567496086e-05
0.8163516441324046 2.6176074641171e-06
0.8163516442452439 5.641958011892712e-07
0.8163516442695653 1.2160761283297462e-07
0.8163516442748082 2.6214610899799594e-08
0.8163516442759375 5.646125371683297e-09
0.8163516442761809 1.2168044705163084e-09
0.8163516442762333 2.6290081223123707e-10
0.8163516442762444 5.5067026494270976e-11
0.8163516442762466 1.0658141036401503e-11
0.8163516442762473 3.552713678800501e-12
0.8163516442762475 1.7763923665370384e-12
0.8163516442762475 0.0
0.8163516442762475 0.0
0.8163516442762475 0.0
0.8163516442762475 0.0
0.8163516442762475 0.0
0.8163516442762475 0.0
0.8163516442762475 0.0
0.8163516442762475 0.0
0.8163516442762475 0.0
0.8163516442762475 0.0
0.8163516442762475 0.0
0.8163516442762475 0.0
0.8163516442762475 0.0
0.8163516442762475 0.0
0.8163516442762475 0.0
0.8163516442762475 0.0
0.8163516442762475 0.0
0.8163516442762475 0.0
0.8163516442762475 0.0
0.8163516442762475 0.0
0.8163516442762475 0.0
0.8163516442762475 0.0
0.8163516442762475 0.0
0.8163516442762475 0.0
0.8163516442762475 0.0
0.8163516442762475 0.0
0.8163516442762475 0.0
0.8163516442762475 0.0
