-0.7515219818920538 70.21883173272226
-0.7472477216282098 21.371301319219075
-0.746089574112379 5.790737579153827
-0.7457744669083404 1.5755360201930024
-0.745688636915451 0.4291499644482057
-0.7456652511174426 0.11692899004156487
-0.7456588787417422 0.03186187850112695
-0.7456571422993605 0.008682211908865336
-0.745656669124068 0.002365876461958825
-0.7456565401850168 0.0006446952566280491
-0.7456565050494406 0.00017567788113126426
-0.7456564954750802 4.787180207799224e-05
-0.74565649286609 1.3044950667673305e-05
-0.7456564921551467 3.5547159696650566e-06
-0.7456564919614164 9.68652935785741e-07
-0.745656491908625 2.6395608298035447e-07
-0.7456564918942399 7.19257911008242e-08
-0.7456564918903199 1.9599325804864342e-08
-0.7456564918892519 5.341283117132889e-09
-0.7456564918889605 1.4560537114904903e-09
-0.7456564918888811 3.9690837094763507e-10
