0.7765279726056693 72.37000390162883
0.7795502217453261 15.111245698284037
0.7802871663071054 3.6847228088969786
0.7804663089068167 0.8957129985560641
0.7805098236570456 0.2175737511436182
0.7805203917054033 0.05284024178919822
0.7805229581613944 0.012832279955077233
0.7805235814198399 0.003116292228710968
0.7805237327764474 0.0007567830362375432
0.7805237695329623 0.00018378257493623096
0.780523778459175 4.463106328962141e-05
0.7805237806268788 1.0838519415301562e-05
0.7805237811532999 2.6321060886402847e-06
0.780523781281139 6.391953632416403e-07
0.7805237813121839 1.5522338976126093e-07
0.7805237813197232 3.7697844845752115e-08
0.7805237813215546 9.157119443159444e-09
0.7805237813219996 2.2239987629291136e-09
0.7805237813221071 5.382361862871221e-10
0.7805237813221335 1.3145040611561853e-10
0.78052378132214 3.197442310920451e-11
0.7805237813221413 7.105427357601002e-12
0.7805237813221417 1.7762928905540322e-12
0.7805237813221417 0.0
0.7805237813221417 0.0
0.7805237813221417 0.0
0.7805237813221417 0.0
0.7805237813221417 0.0
0.7805237813221417 0.0
0.7805237813221417 0.0
0.7805237813221417 0.0
0.7805237813221417 0.0
0.7805237813221417 0.0
0.7805237813221417 0.0
0.7805237813221417 0.0
0.7805237813221417 0.0
0.7805237813221417 0.0
0.7805237813221417 0.0
0.7805237813221417 0.0
0.7805237813221417 0.0
0.7805237813221417 0.0
0.7805237813221417 0.0
0.7805237813221417 0.0
0.7805237813221417 0.0
0.7805237813221417 0.0
0.7805237813221417 0.0
0.7805237813221417 0.0
0.7805237813221417 0.0
0.7805237813221417 0.0
0.7805237813221417 0.0
