0.7676223104745024 78.36359535468898
0.7710660834519909 17.218864887443175
0.7719271063151814 4.305114315951851
0.7721416366137792 1.0726514929890465
0.77219504218488 0.2670278555036987
0.7722083342002537 0.06646007686939015
0.7722116422481862 0.016540239661467112
0.7722124655270206 0.004116394173081517
0.7722126704169741 0.0010244497667663967
0.7722127214080308 0.00025495528360863773
0.7722127340981966 6.345082945126812e-05
0.7722127372564027 1.579103070525889e-05
0.7722127380423871 3.9299212777308415e-06
0.7722127382379949 9.780389826943292e-07
0.7722127382866764 2.434070722756587e-07
0.7722127382987916 6.057640409729004e-08
0.7722127383018065 1.507508097908783e-08
0.7722127383025568 3.751665644813329e-09
0.7722127383027444 9.379164112033322e-10
0.7722127383027904 2.291504728191285e-10
0.7722127383028021 5.86193351637121e-11
0.7722127383028048 1.4210854715202004e-11
0.7722127383028057 3.552713678800501e-12
0.7722127383028057 0.0
0.7722127383028057 0.0
0.7722127383028057 0.0
0.7722127383028057 0.0
0.7722127383028057 0.0
0.7722127383028057 0.0
0.7722127383028057 0.0
0.7722127383028057 0.0
0.7722127383028057 0.0
0.7722127383028057 0.0
0.7722127383028057 0.0
0.7722127383028057 0.0
0.7722127383028057 0.0
0.7722127383028057 0.0
0.7722127383028057 0.0
0.7722127383028057 0.0
0.7722127383028057 0.0
0.7722127383028057 0.0
0.7722127383028057 0.0
0.7722127383028057 0.0
0.7722127383028057 0.0
0.7722127383028057 0.0
0.7722127383028057 0.0
0.7722127383028057 0.0
0.7722127383028057 0.0
0.7722127383028057 0.0
0.7722127383028057 0.0
