0.7048638708819188 82.24462905040541
0.710049642970443 25.92886044262066
0.7115712421815226 7.607996055398303
0.7120155953181209 2.2217656829912613
0.712145179877073 0.6479227947604473
0.7121829546855665 0.18887404246825668
0.7121939650063762 0.055051604048727894
0.7121971741024375 0.01604548030620399
0.7121981094243348 0.00467660948544335
0.7121983820320963 0.0013630388080229797
0.7121984614859489 0.00039726926372890504
0.7121984846434444 0.00011578747738404082
0.7121984913928912 3.374723256378864e-05
0.7121984933600749 9.835918746148309e-06
0.7121984939334269 2.8667610509760523e-06
0.7121984941005348 8.355396372703439e-07
0.7121984941492405 2.4352786454073794e-07
0.7121984941634358 7.097611387507641e-08
0.7121984941675734 2.068922831632847e-08
0.7121984941687796 6.0307312619301e-09
0.7121984941691304 1.7532644083217974e-09
