0.7610732483740743 82.00000000000074
0.765307789991313 21.172708086194092
0.7663833028718421 5.377564402644808
0.7666553165847034 1.3600685643062604
0.7667240394100356 0.3436141266615067
0.7667413971695869 0.08678879775558812
0.7667457810291824 0.021919297978456598
0.7667468881935622 0.005535821898661197
0.7667471678119191 0.001398091784565736
0.7667472384304661 0.0003530927354944424
0.7667472562654098 8.917471826208612e-05
0.766747260769683 2.252136523139825e-05
0.7667472619072511 5.68784130905442e-06
0.7667472621945484 1.4364864853178005e-06
0.7667472622671061 3.6278891002439195e-07
0.7667472622854306 9.162093306258612e-08
0.766747262290058 2.3137047833188262e-08
0.7667472622912277 5.849543072145025e-09
0.7667472622915228 1.4752501442671928e-09
0.766747262291597 3.703846118696674e-10
0.7667472622916156 9.414691248821327e-11
0.7667472622916205 2.3995028186618583e-11
0.7667472622916218 6.203038083185675e-12
0.7667472622916218 0.0
0.766747262291622 1.7763568394002505e-12
0.766747262291622 0.0
0.766747262291622 0.0
0.766747262291622 0.0
0.766747262291622 0.0
0.766747262291622 0.0
0.766747262291622 0.0
0.766747262291622 0.0
0.766747262291622 0.0
0.766747262291622 0.0
0.766747262291622 0.0
0.766747262291622 0.0
0.766747262291622 0.0
0.766747262291622 0.0
0.766747262291622 0.0
0.766747262291622 0.0
0.766747262291622 0.0
0.766747262291622 0.0
0.766747262291622 0.0
0.766747262291622 0.0
0.766747262291622 0.0
0.766747262291622 0.0
0.766747262291622 0.0
0.766747262291622 0.0
0.766747262291622 0.0
0.766747262291622 0.0
