0.6484854595241192 0.0
0.6484854595241192 0.0
0.6484854595241192 0.0
0.6484854595241192 0.0
0.6484854595241192 0.0
0.6484854595241192 0.0
0.6484854595241192 0.0
0.6484854595241192 0.0
0.6484854595241192 0.0
0.6484854595241192 0.0
0.6484854595241192 0.0
0.6484854595241192 0.0
0.6484854595241192 0.0
0.6484854595241192 0.0
0.6484854595241192 0.0
0.6484854595241192 0.0
0.6484854595241192 0.0
0.6484854595241192 0.0
0.6484854595241192 0.0
0.6484854595241192 0.0
0.6484854595241192 0.0
0.6484854595241192 0.0
0.6484854595241192 0.0
0.6484854595241192 0.0
0.6484854595241192 0.0
0.6484854595241192 0.0
0.6484854595241192 0.0
0.6484854595241192 0.0
0.6484854595241192 0.0
0.6484854595241192 0.0
0.6484854595241192 0.0
0.6484854595241192 0.0
0.6484854595241192 0.0
0.6484854595241192 0.0
0.6484854595241192 0.0
0.6484854595241192 0.0
0.6484854595241192 0.0
0.6484854595241192 0.0
0.6484854595241192 0.0
0.6484854595241192 0.0
0.6484854595241192 0.0
0.6484854595241192 0.0
0.6484854595241192 0.0
0.6484854595241192 0.0
0.6484854595241192 0.0
0.6484854595241192 0.0
0.6484854595241192 0.0
0.6484854595241192 0.0
0.6484854595241192 0.0
0.6484854595241192 0.0
