0.5914973398392935 0.0
0.5914973398392935 0.0
0.5914973398392935 0.0
0.5914973398392935 0.0
0.5914973398392935 0.0
0.5914973398392935 0.0
0.5914973398392935 0.0
0.5914973398392935 0.0
0.5914973398392935 0.0
0.5914973398392935 0.0
0.5914973398392935 0.0
0.5914973398392935 0.0
0.5914973398392935 0.0
0.5914973398392935 0.0
0.5914973398392935 0.0
0.5914973398392935 0.0
0.5914973398392935 0.0
0.5914973398392935 0.0
0.5914973398392935 0.0
0.5914973398392935 0.0
0.5914973398392935 0.0
0.5914973398392935 0.0
0.5914973398392935 0.0
0.5914973398392935 0.0
0.5914973398392935 0.0
0.5914973398392935 0.0
0.5914973398392935 0.0
0.5914973398392935 0.0
0.5914973398392935 0.0
0.5914973398392935 0.0
0.5914973398392935 0.0
0.5914973398392935 0.0
0.5914973398392935 0.0
0.5914973398392935 0.0
0.5914973398392935 0.0
0.5914973398392935 0.0
0.5914973398392935 0.0
0.5914973398392935 0.0
0.5914973398392935 0.0
0.5914973398392935 0.0
0.5914973398392935 0.0
0.5914973398392935 0.0
0.5914973398392935 0.0
0.5914973398392935 0.0
0.5914973398392935 0.0
0.5914973398392935 0.0
0.5914973398392935 0.0
0.5914973398392935 0.0
0.5914973398392935 0.0
0.5914973398392935 0.0
