0.7709893168600899 0.0
0.7709893168600899 0.0
0.7709893168600899 0.0
0.7709893168600899 0.0
0.7709893168600899 0.0
0.7709893168600899 0.0
0.7709893168600899 0.0
0.7709893168600899 0.0
0.7709893168600899 0.0
0.7709893168600899 0.0
0.7709893168600899 0.0
0.7709893168600899 0.0
0.7709893168600899 0.0
0.7709893168600899 0.0
0.7709893168600899 0.0
0.7709893168600899 0.0
0.7709893168600899 0.0
0.7709893168600899 0.0
0.7709893168600899 0.0
0.7709893168600899 0.0
0.7709893168600899 0.0
0.7709893168600899 0.0
0.7709893168600899 0.0
0.7709893168600899 0.0
0.7709893168600899 0.0
0.7709893168600899 0.0
0.7709893168600899 0.0
0.7709893168600899 0.0
0.7709893168600899 0.0
0.7709893168600899 0.0
0.7709893168600899 0.0
0.7709893168600899 0.0
0.7709893168600899 0.0
0.7709893168600899 0.0
0.7709893168600899 0.0
0.7709893168600899 0.0
0.7709893168600899 0.0
0.7709893168600899 0.0
0.7709893168600899 0.0
0.7709893168600899 0.0
0.7709893168600899 0.0
0.7709893168600899 0.0
0.7709893168600899 0.0
0.7709893168600899 0.0
0.7709893168600899 0.0
0.7709893168600899 0.0
0.7709893168600899 0.0
0.7709893168600899 0.0
0.7709893168600899 0.0
0.7709893168600899 0.0
