0.7421225526881807 0.0
0.7421225526881807 0.0
0.7421225526881807 0.0
0.7421225526881807 0.0
0.7421225526881807 0.0
0.7421225526881807 0.0
0.7421225526881807 0.0
0.7421225526881807 0.0
0.7421225526881807 0.0
0.7421225526881807 0.0
0.7421225526881807 0.0
0.7421225526881807 0.0
0.7421225526881807 0.0
0.7421225526881807 0.0
0.7421225526881807 0.0
0.7421225526881807 0.0
0.7421225526881807 0.0
0.7421225526881807 0.0
0.7421225526881807 0.0
0.7421225526881807 0.0
0.7421225526881807 0.0
0.7421225526881807 0.0
0.7421225526881807 0.0
0.7421225526881807 0.0
0.7421225526881807 0.0
0.7421225526881807 0.0
0.7421225526881807 0.0
0.7421225526881807 0.0
0.7421225526881807 0.0
0.7421225526881807 0.0
0.7421225526881807 0.0
0.7421225526881807 0.0
0.7421225526881807 0.0
0.7421225526881807 0.0
0.7421225526881807 0.0
0.7421225526881807 0.0
0.7421225526881807 0.0
0.7421225526881807 0.0
0.7421225526881807 0.0
0.7421225526881807 0.0
0.7421225526881807 0.0
0.7421225526881807 0.0
0.7421225526881807 0.0
0.7421225526881807 0.0
0.7421225526881807 0.0
0.7421225526881807 0.0
0.7421225526881807 0.0
0.7421225526881807 0.0
0.7421225526881807 0.0
0.7421225526881807 0.0
