0.6675085904430187 0.0
0.6675085904430187 0.0
0.6675085904430187 0.0
0.6675085904430187 0.0
0.6675085904430187 0.0
0.6675085904430187 0.0
0.6675085904430187 0.0
0.6675085904430187 0.0
0.6675085904430187 0.0
0.6675085904430187 0.0
0.6675085904430187 0.0
0.6675085904430187 0.0
0.6675085904430187 0.0
0.6675085904430187 0.0
0.6675085904430187 0.0
0.6675085904430187 0.0
0.6675085904430187 0.0
0.6675085904430187 0.0
0.6675085904430187 0.0
0.6675085904430187 0.0
0.6675085904430187 0.0
0.6675085904430187 0.0
0.6675085904430187 0.0
0.6675085904430187 0.0
0.6675085904430187 0.0
0.6675085904430187 0.0
0.6675085904430187 0.0
0.6675085904430187 0.0
0.6675085904430187 0.0
0.6675085904430187 0.0
0.6675085904430187 0.0
0.6675085904430187 0.0
0.6675085904430187 0.0
0.6675085904430187 0.0
0.6675085904430187 0.0
0.6675085904430187 0.0
0.6675085904430187 0.0
0.6675085904430187 0.0
0.6675085904430187 0.0
0.6675085904430187 0.0
0.6675085904430187 0.0
0.6675085904430187 0.0
0.6675085904430187 0.0
0.6675085904430187 0.0
0.6675085904430187 0.0
0.6675085904430187 0.0
0.6675085904430187 0.0
0.6675085904430187 0.0
0.6675085904430187 0.0
0.6675085904430187 0.0
