0.7368781988743187 0.0
0.7368781988743187 0.0
0.7368781988743187 0.0
0.7368781988743187 0.0
0.7368781988743187 0.0
0.7368781988743187 0.0
0.7368781988743187 0.0
0.7368781988743187 0.0
0.7368781988743187 0.0
0.7368781988743187 0.0
0.7368781988743187 0.0
0.7368781988743187 0.0
0.7368781988743187 0.0
0.7368781988743187 0.0
0.7368781988743187 0.0
0.7368781988743187 0.0
0.7368781988743187 0.0
0.7368781988743187 0.0
0.7368781988743187 0.0
0.7368781988743187 0.0
0.7368781988743187 0.0
0.7368781988743187 0.0
0.7368781988743187 0.0
0.7368781988743187 0.0
0.7368781988743187 0.0
0.7368781988743187 0.0
0.7368781988743187 0.0
0.7368781988743187 0.0
0.7368781988743187 0.0
0.7368781988743187 0.0
0.7368781988743187 0.0
0.7368781988743187 0.0
0.7368781988743187 0.0
0.7368781988743187 0.0
0.7368781988743187 0.0
0.7368781988743187 0.0
0.7368781988743187 0.0
0.7368781988743187 0.0
0.7368781988743187 0.0
0.7368781988743187 0.0
0.7368781988743187 0.0
0.7368781988743187 0.0
0.7368781988743187 0.0
0.7368781988743187 0.0
0.7368781988743187 0.0
0.7368781988743187 0.0
0.7368781988743187 0.0
0.7368781988743187 0.0
0.7368781988743187 0.0
0.7368781988743187 0.0
