-0.8814004712936563 126.35157903659874
-0.8772178738925214 20.912987005675063
-0.8765140459805183 3.5191395600142616
-0.8763949927584964 0.5952661101099598
-0.8763748371470435 0.10077805726538279
-0.8763714243133216 0.017064168609248753
-0.8763708464233311 0.0028894499526366246
-0.8763707485696743 0.0004892682825552441
-0.8763707320001799 8.284747277090931e-05
-0.8763707291944782 1.4028508910156722e-05
-0.8763707287193903 2.375438734603108e-06
-0.8763707286389435 4.022338018216942e-07
-0.876370728625322 6.810774166865485e-08
-0.8763707286230158 1.1531331368552777e-08
-0.8763707286226248 1.9551027463649007e-09
-0.8763707286225586 3.3084646133829665e-10
-0.8763707286225477 5.384589341073109e-11
-0.876370728622546 9.992007221626409e-12
-0.8763707286225455 1.1102230246251565e-12
-0.8763707286225455 0.0
-0.8763707286225455 0.0
