0.6652941926429539 0.0
0.6652941926429539 0.0
0.6652941926429539 0.0
0.6652941926429539 0.0
0.6652941926429539 0.0
0.6652941926429539 0.0
0.6652941926429539 0.0
0.6652941926429539 0.0
0.6652941926429539 0.0
0.6652941926429539 0.0
0.6652941926429539 0.0
0.6652941926429539 0.0
0.6652941926429539 0.0
0.6652941926429539 0.0
0.6652941926429539 0.0
0.6652941926429539 0.0
0.6652941926429539 0.0
0.6652941926429539 0.0
0.6652941926429539 0.0
0.6652941926429539 0.0
0.6652941926429539 0.0
0.6652941926429539 0.0
0.6652941926429539 0.0
0.6652941926429539 0.0
0.6652941926429539 0.0
0.6652941926429539 0.0
0.6652941926429539 0.0
0.6652941926429539 0.0
0.6652941926429539 0.0
0.6652941926429539 0.0
0.6652941926429539 0.0
0.6652941926429539 0.0
0.6652941926429539 0.0
0.6652941926429539 0.0
0.6652941926429539 0.0
0.6652941926429539 0.0
0.6652941926429539 0.0
0.6652941926429539 0.0
0.6652941926429539 0.0
0.6652941926429539 0.0
0.6652941926429539 0.0
0.6652941926429539 0.0
0.6652941926429539 0.0
0.6652941926429539 0.0
0.6652941926429539 0.0
0.6652941926429539 0.0
0.6652941926429539 0.0
0.6652941926429539 0.0
0.6652941926429539 0.0
0.6652941926429539 0.0
