0.6410028684979316 0.0
0.6410028684979316 0.0
0.6410028684979316 0.0
0.6410028684979316 0.0
0.6410028684979316 0.0
0.6410028684979316 0.0
0.6410028684979316 0.0
0.6410028684979316 0.0
0.6410028684979316 0.0
0.6410028684979316 0.0
0.6410028684979316 0.0
0.6410028684979316 0.0
0.6410028684979316 0.0
0.6410028684979316 0.0
0.6410028684979316 0.0
0.6410028684979316 0.0
0.6410028684979316 0.0
0.6410028684979316 0.0
0.6410028684979316 0.0
0.6410028684979316 0.0
0.6410028684979316 0.0
0.6410028684979316 0.0
0.6410028684979316 0.0
0.6410028684979316 0.0
0.6410028684979316 0.0
0.6410028684979316 0.0
0.6410028684979316 0.0
0.6410028684979316 0.0
0.6410028684979316 0.0
0.6410028684979316 0.0
0.6410028684979316 0.0
0.6410028684979316 0.0
0.6410028684979316 0.0
0.6410028684979316 0.0
0.6410028684979316 0.0
0.6410028684979316 0.0
0.6410028684979316 0.0
0.6410028684979316 0.0
0.6410028684979316 0.0
0.6410028684979316 0.0
0.6410028684979316 0.0
0.6410028684979316 0.0
0.6410028684979316 0.0
0.6410028684979316 0.0
0.6410028684979316 0.0
0.6410028684979316 0.0
0.6410028684979316 0.0
0.6410028684979316 0.0
0.6410028684979316 0.0
0.6410028684979316 0.0
