1.400000000000000000e+01 2.787209124935007779e-04 2.787209124935007779e-04
1.397197197197197127e+01 2.870859012846124466e-04 2.870859012846124466e-04
1.394394394394394432e+01 2.956180352741795067e-04 2.956180352741795067e-04
1.391591591591591559e+01 3.043232720780960081e-04 3.043232720780960081e-04
1.388788788788788864e+01 3.132077223579172141e-04 3.132077223579172141e-04
1.385985985985985991e+01 3.222776541066906236e-04 3.222776541066906236e-04
1.383183183183183118e+01 3.315394970904505601e-04 3.315394970904505601e-04
1.380380380380380423e+01 3.409998474517594619e-04 3.409998474517594619e-04
1.377577577577577550e+01 3.506654724819420845e-04 3.506654724819420845e-04
1.374774774774774855e+01 3.605433155689595341e-04 3.605433155689595341e-04
1.371971971971971982e+01 3.706405013281793164e-04 3.706405013281793164e-04
1.369169169169169109e+01 3.809643409236207348e-04 3.809643409236207348e-04
1.366366366366366414e+01 3.915223375875922086e-04 3.915223375875922086e-04
1.363563563563563541e+01 4.023221923469985596e-04 4.023221923469985596e-04
1.360760760760760846e+01 4.133718099649596285e-04 4.133718099649596285e-04
1.357957957957957973e+01 4.246793051067876174e-04 4.246793051067876174e-04
1.355155155155155100e+01 4.362530087397701369e-04 4.362530087397701369e-04
1.352352352352352405e+01 4.481014747766463402e-04 4.481014747766463402e-04
1.349549549549549532e+01 4.602334869731141190e-04 4.602334869731141190e-04
1.346746746746746837e+01 4.726580660901797564e-04 4.726580660901797564e-04
1.343943943943943964e+01 4.853844773326702433e-04 4.853844773326702433e-04
1.341141141141141091e+01 4.984222380757422728e-04 4.984222380757422728e-04
1.338338338338338396e+01 5.117811258917944915e-04 5.117811258917944915e-04
1.335535535535535523e+01 5.254711868907456203e-04 5.254711868907456203e-04
1.332732732732732828e+01 5.395027443872659921e-04 5.395027443872659921e-04
1.329929929929929955e+01 5.538864079091974837e-04 5.538864079091974837e-04
1.327127127127127082e+01 5.686330825620511918e-04 5.686330825620511918e-04
1.324324324324324387e+01 5.837539787652036571e-04 5.837539787652036571e-04
1.321521521521521514e+01 5.992606223761432491e-04 5.992606223761432491e-04
1.318718718718718641e+01 6.151648652199075140e-04 6.151648652199075140e-04
1.315915915915915946e+01 6.314788960416766080e-04 6.314788960416766080e-04
1.313113113113113073e+01 6.482152519013715608e-04 6.482152519013715608e-04
1.310310310310310378e+01 6.653868300299726124e-04 6.653868300299726124e-04
1.307507507507507505e+01 6.830069001683104421e-04 6.830069001683104421e-04
1.304704704704704632e+01 7.010891174100128192e-04 7.010891174100128192e-04
1.301901901901901937e+01 7.196475301192599211e-04 7.196475301192599211e-04
1.299099099099099064e+01 7.386954562400759256e-04 7.386954562400759256e-04
1.296296296296296369e+01 7.582440207164793536e-04 7.582440207164793536e-04
1.293493493493493496e+01 7.783042640350106055e-04 7.783042640350106055e-04
1.290690690690690623e+01 7.988874812917241093e-04 7.988874812917241093e-04
1.287887887887887928e+01 8.200052278060233468e-04 8.200052278060233468e-04
1.285085085085085055e+01 8.416693248364015599e-04 8.416693248364015599e-04
1.282282282282282360e+01 8.638918653979655140e-04 8.638918653979655140e-04
1.279479479479479487e+01 8.866852201815500880e-04 8.866852201815500880e-04
1.276676676676676614e+01 9.100620435739288638e-04 9.100620435739288638e-04
1.273873873873873919e+01 9.340352797784887313e-04 9.340352797784887313e-04
1.271071071071071046e+01 9.586181690354982207e-04 9.586181690354982207e-04
1.268268268268268173e+01 9.838242539408055629e-04 9.838242539408055629e-04
1.265465465465465478e+01 1.009667385861609925e-03 1.009667385861609925e-03
1.262662662662662605e+01 1.036161731447604812e-03 1.036161731447604812e-03
1.259859859859859910e+01 1.063321779235468570e-03 1.063321779235468570e-03
1.257057057057057037e+01 1.091162346344436759e-03 1.091162346344436759e-03
1.254254254254254164e+01 1.119698585260158179e-03 1.119698585260158179e-03
1.251451451451451469e+01 1.148945990703816684e-03 1.148945990703816684e-03
1.248648648648648596e+01 1.178920406582973203e-03 1.178920406582973203e-03
1.245845845845845901e+01 1.209638033020107558e-03 1.209638033020107558e-03
1.243043043043043028e+01 1.241115433454470550e-03 1.241115433454470550e-03
1.240240240240240155e+01 1.273369541812142567e-03 1.273369541812142567e-03
1.237437437437437460e+01 1.306417669738819997e-03 1.306417669738819997e-03
1.234634634634634587e+01 1.340277513889078388e-03 1.340277513889078388e-03
1.231831831831831892e+01 1.374967163265282529e-03 1.374967163265282529e-03
1.229029029029029019e+01 1.410505106598634482e-03 1.410505106598634482e-03
1.226226226226226146e+01 1.446910239763977372e-03 1.446910239763977372e-03
1.223423423423423451e+01 1.484201873219307506e-03 1.484201873219307506e-03
1.220620620620620578e+01 1.522399750468316632e-03 1.522399750468316632e-03
1.217817817817817883e+01 1.561524355378914996e-03 1.561524355378914996e-03
1.215015015015015010e+01 1.601596990718002263e-03 1.601596990718002263e-03
1.212212212212212137e+01 1.642639492941589232e-03 1.642639492941589232e-03
1.209409409409409442e+01 1.684674228267445248e-03 1.684674228267445248e-03
1.206606606606606569e+01 1.727724105602434059e-03 1.727724105602434059e-03
1.203803803803803874e+01 1.771812589730832523e-03 1.771812589730832523e-03
1.201001001001001001e+01 1.816963714762728386e-03 1.816963714762728386e-03
1.198198198198198128e+01 1.863202097840612565e-03 1.863202097840612565e-03
1.195395395395395433e+01 1.910552953101633247e-03 1.910552953101633247e-03
1.192592592592592560e+01 1.959042105891981196e-03 1.959042105891981196e-03
1.189789789789789864e+01 2.008696007228828132e-03 2.008696007228828132e-03
1.186986986986986992e+01 2.059541748504233223e-03 2.059541748504233223e-03
1.184184184184184119e+01 2.111607076424014840e-03 2.111607076424014840e-03
1.181381381381381424e+01 2.164920408173436756e-03 2.164920408173436756e-03
1.178578578578578551e+01 2.219510846799864663e-03 2.219510846799864663e-03
1.175775775775775855e+01 2.275408196800993502e-03 2.275408196800993502e-03
1.172972972972972983e+01 2.332642979905496378e-03 2.332642979905496378e-03
1.170170170170170110e+01 2.391246451030782684e-03 2.391246451030782684e-03
1.167367367367367414e+01 2.451250614400599277e-03 2.451250614400599277e-03
1.164564564564564542e+01 2.512688239802708407e-03 2.512688239802708407e-03
1.161761761761761846e+01 2.575592878964245384e-03 2.575592878964245384e-03
1.158958958958958974e+01 2.639998882019707442e-03 2.639998882019707442e-03
1.156156156156156101e+01 2.705941414043188525e-03 2.705941414043188525e-03
1.153353353353353405e+01 2.773456471613350901e-03 2.773456471613350901e-03
1.150550550550550533e+01 2.842580899314552448e-03 2.842580899314552448e-03
1.147747747747747837e+01 2.913351935760968934e-03 2.913351935760968934e-03
1.144944944944944965e+01 2.985806052232000546e-03 2.985806052232000546e-03
1.142142142142142092e+01 3.059980157578916834e-03 3.059980157578916834e-03
1.139339339339339396e+01 3.135911941077670993e-03 3.135911941077670993e-03
1.136536536536536524e+01 3.213639882156829261e-03 3.213639882156829261e-03
1.133733733733733828e+01 3.293203259587969365e-03 3.293203259587969365e-03
1.130930930930930955e+01 3.374642160064498728e-03 3.374642160064498728e-03
1.128128128128128083e+01 3.457997486088304571e-03 3.457997486088304571e-03
1.125325325325325387e+01 3.543310963077357482e-03 3.543310963077357482e-03
1.122522522522522515e+01 3.630625145599893858e-03 3.630625145599893858e-03
1.119719719719719819e+01 3.719983422633316855e-03 3.719983422633316855e-03
1.116916916916916946e+01 3.811430021737905079e-03 3.811430021737905079e-03
1.114114114114114074e+01 3.905010012026549019e-03 3.905010012026549019e-03
1.111311311311311378e+01 4.000769305802836552e-03 4.000769305802836552e-03
1.108508508508508505e+01 4.098754658729910488e-03 4.098754658729910488e-03
1.105705705705705810e+01 4.199013668382154882e-03 4.199013668382154882e-03
1.102902902902902937e+01 4.301594771021258722e-03 4.301594771021258722e-03
1.100100100100100065e+01 4.406547236426272031e-03 4.406547236426272031e-03
1.097297297297297192e+01 4.513921160595771656e-03 4.513921160595771656e-03
1.094494494494494496e+01 4.623767456127226248e-03 4.623767456127226248e-03
1.091691691691691801e+01 4.736137840065919244e-03 4.736137840065919244e-03
1.088888888888888928e+01 4.851084819001770347e-03 4.851084819001770347e-03
1.086086086086086056e+01 4.968661665625709149e-03 4.968661665625709149e-03
1.083283283283283183e+01 5.088922216849939978e-03 5.088922216849939978e-03
1.080480480480480487e+01 5.211920818550177387e-03 5.211920818550177387e-03
1.077677677677677615e+01 5.337712520962885343e-03 5.337712520962885343e-03
1.074874874874874919e+01 5.466353064140256658e-03 5.466353064140256658e-03
1.072072072072072046e+01 5.597898845262582607e-03 5.597898845262582607e-03
1.069269269269269174e+01 5.732406881586411297e-03 5.732406881586411297e-03
1.066466466466466478e+01 5.869934768706719201e-03 5.869934768706719201e-03
1.063663663663663606e+01 6.010540633796199531e-03 6.010540633796199531e-03
1.060860860860860910e+01 6.154283083471166586e-03 6.154283083471166586e-03
1.058058058058058037e+01 6.301221145919970630e-03 6.301221145919970630e-03
1.055255255255255165e+01 6.451414206917631400e-03 6.451414206917631400e-03
1.052452452452452469e+01 6.604921939339741116e-03 6.604921939339741116e-03
1.049649649649649596e+01 6.761804225779337665e-03 6.761804225779337665e-03
1.046846846846846901e+01 6.922121073863682361e-03 6.922121073863682361e-03
1.044044044044044028e+01 7.085932523863876405e-03 7.085932523863876405e-03
1.041241241241241156e+01 7.253298548188730557e-03 7.253298548188730557e-03
1.038438438438438460e+01 7.424278942357709528e-03 7.424278942357709528e-03
1.035635635635635587e+01 7.598933207054278660e-03 7.598933207054278660e-03
1.032832832832832892e+01 7.777320420873741133e-03 7.777320420873741133e-03
1.030030030030030019e+01 7.959499102903564230e-03 7.959499102903564230e-03
1.027227227227227146e+01 8.145526804152624853e-03 8.145526804152624853e-03
1.024424424424424451e+01 8.335459515302507186e-03 8.335459515302507186e-03
1.021621621621621578e+01 8.529352072389065689e-03 8.529352072389065689e-03
1.018818818818818883e+01 8.727258092221875860e-03 8.727258092221875860e-03
1.016016016016016010e+01 8.929229784771232706e-03 8.929229784771232706e-03
1.013213213213213137e+01 9.135317754645318894e-03 9.135317754645318894e-03
1.010410410410410442e+01 9.345570791650551629e-03 9.345570791650551629e-03
1.007607607607607569e+01 9.560035650520989220e-03 9.560035650520989220e-03
1.004804804804804874e+01 9.778756820007698455e-03 9.778756820007698455e-03
1.002002002002002001e+01 1.000177628163827041e-02 1.000177628163827041e-02
9.991991991991991284e+00 1.022913325858723285e-02 1.022913325858723285e-02
9.963963963963964332e+00 1.046086395524317876e-02 1.046086395524317876e-02
9.935935935935935603e+00 1.069700128821466853e-02 1.069700128821466853e-02
9.907907907907908651e+00 1.093757460968556444e-02 1.093757460968556444e-02
9.879879879879879923e+00 1.118260942420952302e-02 1.118260942420952302e-02
9.851851851851851194e+00 1.143212710022009290e-02 1.143212710022009290e-02
9.823823823823824242e+00 1.168614457772771537e-02 1.168614457772771537e-02
9.795795795795795513e+00 1.194467407387177563e-02 1.194467407387177563e-02
9.767767767767768561e+00 1.220772283975406908e-02 1.220772283975406908e-02
9.739739739739739832e+00 1.247529316200248102e-02 1.247529316200248102e-02
9.711711711711711104e+00 1.274738194248739055e-02 1.274738194248739055e-02
9.683683683683684151e+00 1.302398031595103887e-02 1.302398031595103887e-02
9.655655655655655423e+00 1.330507338627518257e-02 1.330507338627518257e-02
9.627627627627628470e+00 1.359063997480888450e-02 1.359063997480888450e-02
9.599599599599599742e+00 1.388065238321589852e-02 1.388065238321589852e-02
9.571571571571571013e+00 1.417507617358188324e-02 1.417507617358188324e-02
9.543543543543542285e+00 1.447386996853480996e-02 1.447386996853480996e-02
9.515515515515515332e+00 1.477698527409779944e-02 1.477698527409779944e-02
9.487487487487488380e+00 1.508436632791334067e-02 1.508436632791334067e-02
9.459459459459459651e+00 1.539594997534588644e-02 1.539594997534588644e-02
9.431431431431430923e+00 1.571166557578524553e-02 1.571166557578524553e-02
9.403403403403402194e+00 1.603143494123649912e-02 1.603143494123649912e-02
9.375375375375375242e+00 1.635517230899341187e-02 1.635517230899341187e-02
9.347347347347348290e+00 1.668278434985565398e-02 1.668278434985565398e-02
9.319319319319319561e+00 1.701417021383096542e-02 1.701417021383096542e-02
9.291291291291290833e+00 1.734922167880891680e-02 1.734922167880891680e-02
9.263263263263262104e+00 1.768782328604639326e-02 1.768782328604639326e-02
9.235235235235235152e+00 1.802985235019272103e-02 1.802985235019272103e-02
9.207207207207208199e+00 1.837517912798483297e-02 1.837517912798483297e-02
9.179179179179179471e+00 1.872366703689060108e-02 1.872366703689060108e-02
9.151151151151150742e+00 1.907517290843907531e-02 1.907517290843907531e-02
9.123123123123122014e+00 1.942954727438455167e-02 1.942954727438455167e-02
9.095095095095095061e+00 1.978663468343593371e-02 1.978663468343593371e-02
9.067067067067068109e+00 2.014627404590709631e-02 2.014627404590709631e-02
9.039039039039039380e+00 2.050829900331454375e-02 2.050829900331454375e-02
9.011011011011010652e+00 2.087253831967591719e-02 2.087253831967591719e-02
8.982982982982981923e+00 2.123881629105110747e-02 2.123881629105110747e-02
8.954954954954954971e+00 2.160695316972032279e-02 2.160695316972032279e-02
8.926926926926928019e+00 2.197676559931474247e-02 2.197676559931474247e-02
8.898898898898899290e+00 2.234806705999875867e-02 2.234806705999875867e-02
8.870870870870870561e+00 2.272066887612139013e-02 2.272066887612139013e-02
8.842842842842841833e+00 2.309438140749357077e-02 2.309438140749357077e-02
8.814814814814814881e+00 2.346901349678674059e-02 2.346901349678674059e-02
8.786786786786787928e+00 2.384437274315732644e-02 2.384437274315732644e-02
8.758758758758759200e+00 2.422026592171554193e-02 2.422026592171554193e-02
8.730730730730730471e+00 2.459649938805229252e-02 2.459649938805229252e-02
8.702702702702701743e+00 2.497287946557243468e-02 2.497287946557243468e-02
8.674674674674674790e+00 2.534921281377830113e-02 2.534921281377830113e-02
8.646646646646647838e+00 2.572530677605092478e-02 2.572530677605092478e-02
8.618618618618619109e+00 2.610096970587270221e-02 2.610096970587270221e-02
8.590590590590590381e+00 2.647601127082368708e-02 2.647601127082368708e-02
8.562562562562561652e+00 2.685024273404770442e-02 2.685024273404770442e-02
8.534534534534534700e+00 2.722347721322556161e-02 2.722347721322556161e-02
8.506506506506507748e+00 2.759552987783500319e-02 2.759552987783500319e-02
8.478478478478479019e+00 2.796621675306873792e-02 2.796621675306873792e-02
8.450450450450450290e+00 2.833535434315890417e-02 2.833535434315890417e-02
8.422422422422421562e+00 2.870276134559716225e-02 2.870276134559716225e-02
8.394394394394394610e+00 2.906825893059935759e-02 2.906825893059935759e-02
8.366366366366367657e+00 2.943167090077401793e-02 2.943167090077401793e-02
8.338338338338338929e+00 2.979282383882192811e-02 2.979282383882192811e-02
8.310310310310310200e+00 3.015154724441553719e-02 3.015154724441553719e-02
8.282282282282281471e+00 3.050767366138345052e-02 3.050767366138345052e-02
8.254254254254254519e+00 3.086103879627982369e-02 3.086103879627982369e-02
8.226226226226227567e+00 3.121148162935632672e-02 3.121148162935632672e-02
8.198198198198198838e+00 3.155884451887835257e-02 3.155884451887835257e-02
8.170170170170170110e+00 3.190297329964017492e-02 3.190297329964017492e-02
8.142142142142141381e+00 3.224371741376190481e-02 3.224371741376190481e-02
8.114114114114114429e+00 3.258093029386324724e-02 3.258093029386324724e-02
8.086086086086085700e+00 3.291446932956399590e-02 3.291446932956399590e-02
8.058058058058058748e+00 3.324419578873277076e-02 3.324419578873277076e-02
8.030030030030030019e+00 3.356997487787937579e-02 3.356997487787937579e-02
8.002002002002001291e+00 3.389167579954720233e-02 3.389167579954720233e-02
7.973973973973974338e+00 3.420917180607477293e-02 3.420917180607477293e-02
7.945945945945945610e+00 3.452234025017239527e-02 3.452234025017239527e-02
7.917917917917917769e+00 3.483106263268423430e-02 3.483106263268423430e-02
7.889889889889889929e+00 3.513522464783164212e-02 3.513522464783164212e-02
7.861861861861862089e+00 3.543471622616303773e-02 3.543471622616303773e-02
7.833833833833834248e+00 3.572943157444811307e-02 3.572943157444811307e-02
7.805805805805805520e+00 3.601926800290915914e-02 3.601926800290915914e-02
7.777777777777777679e+00 3.630412355286691956e-02 3.630412355286691956e-02
7.749749749749749839e+00 3.658389994778952353e-02 3.658389994778952353e-02
7.721721721721721998e+00 3.685850331562174481e-02 3.685850331562174481e-02
7.693693693693694158e+00 3.712784424893762758e-02 3.712784424893762758e-02
7.665665665665665429e+00 3.739183786255804998e-02 3.739183786255804998e-02
7.637637637637637589e+00 3.765040384824463321e-02 3.765040384824463321e-02
7.609609609609609748e+00 3.790346652606479960e-02 3.790346652606479960e-02
7.581581581581581908e+00 3.815095489201252021e-02 3.815095489201252021e-02
7.553553553553553179e+00 3.839280266146578857e-02 3.839280266146578857e-02
7.525525525525525339e+00 3.862894828327383817e-02 3.862894828327383817e-02
7.497497497497497498e+00 3.885933340810376890e-02 3.885933340810376890e-02
7.469469469469469658e+00 3.908390187951601286e-02 3.908390187951601286e-02
7.441441441441441818e+00 3.930260194782270872e-02 3.930260194782270872e-02
7.413413413413413089e+00 3.951538651150651726e-02 3.951538651150651726e-02
7.385385385385385248e+00 3.972221313622924938e-02 3.972221313622924938e-02
7.357357357357357408e+00 3.992304406697648467e-02 3.992304406697648467e-02
7.329329329329329568e+00 4.011784623309124637e-02 4.011784623309124637e-02
7.301301301301301727e+00 4.030659124599295096e-02 4.030659124599295096e-02
7.273273273273272999e+00 4.048925538942085151e-02 4.048925538942085151e-02
7.245245245245245158e+00 4.066581953967912666e-02 4.066581953967912666e-02
7.217217217217217318e+00 4.083626564618712818e-02 4.083626564618712818e-02
7.189189189189189477e+00 4.100057507801799228e-02 4.100057507801799228e-02
7.161161161161161637e+00 4.115873381206976850e-02 4.115873381206976850e-02
7.133133133133132908e+00 4.131073288572310875e-02 4.131073288572310875e-02
7.105105105105105068e+00 4.145656836868119588e-02 4.145656836868119588e-02
7.077077077077077227e+00 4.159624132465331720e-02 4.159624132465331720e-02
7.049049049049049387e+00 4.172975776284707644e-02 4.172975776284707644e-02
7.021021021021020658e+00 4.185712857929302366e-02 4.185712857929302366e-02
6.992992992992992818e+00 4.197836948808800206e-02 4.197836948808800206e-02
6.964964964964964977e+00 4.209350097691171716e-02 4.209350097691171716e-02
6.936936936936937137e+00 4.220254824626955281e-02 4.220254824626955281e-02
6.908908908908909297e+00 4.230554093016419132e-02 4.230554093016419132e-02
6.880880880880880568e+00 4.240251294656913889e-02 4.240251294656913889e-02
6.852852852852852727e+00 4.249350237579149064e-02 4.249350237579149064e-02
6.824824824824824887e+00 4.257855133215054932e-02 4.257855133215054932e-02
6.796796796796797047e+00 4.265770582936575378e-02 4.265770582936575378e-02
6.768768768768769206e+00 4.273101564007228403e-02 4.273101564007228403e-02
6.740740740740740478e+00 4.279853396753164479e-02 4.279853396753164479e-02
6.712712712712712637e+00 4.286031052359969701e-02 4.286031052359969701e-02
6.684684684684684797e+00 4.291638976085227625e-02 4.291638976085227625e-02
6.656656656656656956e+00 4.296681949721153915e-02 4.296681949721153915e-02
6.628628628628629116e+00 4.301165140432403750e-02 4.301165140432403750e-02
6.600600600600600387e+00 4.305094087196363606e-02 4.305094087196363606e-02
6.572572572572572547e+00 4.308474686299664652e-02 4.308474686299664652e-02
6.544544544544544706e+00 4.311313175957367377e-02 4.311313175957367377e-02
6.516516516516516866e+00 4.313616116492460101e-02 4.313616116492460101e-02
6.488488488488488137e+00 4.315390134681233031e-02 4.315390134681233031e-02
6.460460460460460297e+00 4.316641781155605706e-02 4.316641781155605706e-02
6.432432432432432456e+00 4.317377892257980021e-02 4.317377892257980021e-02
6.404404404404404616e+00 4.317605606254695805e-02 4.317605606254695805e-02
6.376376376376376776e+00 4.317332341704943621e-02 4.317332341704943621e-02
6.348348348348348047e+00 4.316565775474982131e-02 4.316565775474982131e-02
6.320320320320320207e+00 4.315313820473734574e-02 4.315313820473734574e-02
6.292292292292292366e+00 4.313584680423544759e-02 4.313584680423544759e-02
6.264264264264264526e+00 4.311387443900608490e-02 4.311387443900608490e-02
6.236236236236236685e+00 4.308731764856101737e-02 4.308731764856101737e-02
6.208208208208207957e+00 4.305627492980067250e-02 4.305627492980067250e-02
6.180180180180180116e+00 4.302084645883048203e-02 4.302084645883048203e-02
6.152152152152152276e+00 4.298113384373147827e-02 4.298113384373147827e-02
6.124124124124124435e+00 4.293723987863504871e-02 4.293723987863504871e-02
6.096096096096096595e+00 4.288926676214704914e-02 4.288926676214704914e-02
6.068068068068067866e+00 4.283729782520497020e-02 4.283729782520497020e-02
6.040040040040040026e+00 4.278140381401884101e-02 4.278140381401884101e-02
6.012012012012012185e+00 4.272165619934033265e-02 4.272165619934033265e-02
5.983983983983984345e+00 4.265812725759061952e-02 4.265812725759061952e-02
5.955955955955955616e+00 4.259088987274111532e-02 4.259088987274111532e-02
5.927927927927928664e+00 4.252001733404212058e-02 4.252001733404212058e-02
5.899899899899899935e+00 4.244558606072547369e-02 4.244558606072547369e-02
5.871871871871871207e+00 4.236768612334904094e-02 4.236768612334904094e-02
5.843843843843844255e+00 4.228641225581410840e-02 4.228641225581410840e-02
5.815815815815815526e+00 4.220185990103463014e-02 4.220185990103463014e-02
5.787787787787788574e+00 4.211412486605514011e-02 4.211412486605514011e-02
5.759759759759759845e+00 4.202330297996741820e-02 4.202330297996741820e-02
5.731731731731731116e+00 4.192948968193145609e-02 4.192948968193145609e-02
5.703703703703704164e+00 4.183277889364957897e-02 4.183277889364957897e-02
5.675675675675675436e+00 4.173326299423639474e-02 4.173326299423639474e-02
5.647647647647648483e+00 4.163103309772495098e-02 4.163103309772495098e-02
5.619619619619619755e+00 4.152617880670077949e-02 4.152617880670077949e-02
5.591591591591591026e+00 4.141878795775943978e-02 4.141878795775943978e-02
5.563563563563564074e+00 4.130894812410627198e-02 4.130894812410627198e-02
5.535535535535535345e+00 4.119676124412578744e-02 4.119676124412578744e-02
5.507507507507508393e+00 4.108233588227550720e-02 4.108233588227550720e-02
5.479479479479479664e+00 4.096577784983142234e-02 4.096577784983142234e-02
5.451451451451450936e+00 4.084718982297538825e-02 4.084718982297538825e-02
5.423423423423423984e+00 4.072667105909845431e-02 4.072667105909845431e-02
5.395395395395395255e+00 4.060431116550671654e-02 4.060431116550671654e-02
5.367367367367368303e+00 4.048017896105705199e-02 4.048017896105705199e-02
5.339339339339339574e+00 4.035433702059076921e-02 4.035433702059076921e-02
5.311311311311310845e+00 4.022684460905105730e-02 4.022684460905105730e-02
5.283283283283283893e+00 4.009775742803312754e-02 4.009775742803312754e-02
5.255255255255255165e+00 3.996713199635995584e-02 3.996713199635994890e-02
5.227227227227226436e+00 3.983505572153408364e-02 3.983505572153408364e-02
5.199199199199199484e+00 3.970162670762132640e-02 3.970162670762132640e-02
5.171171171171170755e+00 3.956693704330171285e-02 3.956693704330171285e-02
5.143143143143143803e+00 3.943107229264325442e-02 3.943107229264324748e-02
5.115115115115115074e+00 3.929411541565847737e-02 3.929411541565845656e-02
5.087087087087086346e+00 3.915617965488396579e-02 3.915617965488392416e-02
5.059059059059059393e+00 3.901738896960227354e-02 3.901738896960219721e-02
5.031031031031030665e+00 3.887785822998846702e-02 3.887785822998830049e-02
5.003003003003003712e+00 3.873769295275785590e-02 3.873769295275750896e-02
4.974974974974974984e+00 3.859698763128116550e-02 3.859698763128043691e-02
4.946946946946946255e+00 3.845582011514737941e-02 3.845582011514588061e-02
4.918918918918919303e+00 3.831425634776152583e-02 3.831425634775848660e-02
4.890890890890890574e+00 3.817235199760396491e-02 3.817235199759784481e-02
4.862862862862863622e+00 3.803015340519912829e-02 3.803015340518688114e-02
4.834834834834834894e+00 3.788774366277875699e-02 3.788774366275448474e-02
4.806806806806806165e+00 3.774525320285062463e-02 3.774525320280296831e-02
4.778778778778779213e+00 3.760280087212224120e-02 3.760280087202946125e-02
4.750750750750750484e+00 3.746048966204022779e-02 3.746048966186112106e-02
4.722722722722723532e+00 3.731841747227960387e-02 3.731841747193681558e-02
4.694694694694694803e+00 3.717670112042402442e-02 3.717670111977360720e-02
4.666666666666666075e+00 3.703544716633132283e-02 3.703544716510778073e-02
4.638638638638639122e+00 3.689474451480423411e-02 3.689474451252224008e-02
4.610610610610610394e+00 3.675468082596974884e-02 3.675468082175009643e-02
4.582582582582583441e+00 3.661540413070470817e-02 3.661540412296886149e-02
4.554554554554554713e+00 3.647706346368914665e-02 3.647706344962833164e-02
4.526526526526525984e+00 3.633978392986829398e-02 3.633978390452942409e-02
4.498498498498499032e+00 3.620369010123029863e-02 3.620369005595718004e-02
4.470470470470470303e+00 3.606898117680618077e-02 3.606898109660647972e-02
4.442442442442443351e+00 3.593586219090395828e-02 3.593586205004418305e-02
4.414414414414414622e+00 3.580451995642336405e-02 3.580451971112992571e-02
4.386386386386385894e+00 3.567508264965129489e-02 3.567508222613263724e-02
4.358358358358358942e+00 3.554756697429482803e-02 3.554756624927470771e-02
4.330330330330330213e+00 3.542194265160637789e-02 3.542194142099266974e-02
4.302302302302303261e+00 3.529816814650571510e-02 3.529816607545321200e-02
4.274274274274274532e+00 3.517654614239359295e-02 3.517654268648863491e-02
4.246246246246245803e+00 3.505763826083346801e-02 3.505763254291926340e-02
4.218218218218218851e+00 3.494200035277651023e-02 3.494199097234793050e-02
4.190190190190190123e+00 3.483001884765800360e-02 3.483000358883026754e-02
4.162162162162161394e+00 3.472166988465651832e-02 3.472164527318600397e-02
4.134134134134134442e+00 3.461683596553229159e-02 3.461679660358725485e-02
4.106106106106105713e+00 3.451545275659647499e-02 3.451539033382228228e-02
4.078078078078078761e+00 3.441798891161633456e-02 3.441789074986499608e-02
4.050050050050050032e+00 3.432512696155434750e-02 3.432497389521041442e-02
4.022022022022021304e+00 3.423752948298999094e-02 3.423729280327050123e-02
3.993993993993994351e+00 3.415553298148714390e-02 3.415517007698164187e-02
3.965965965965965623e+00 3.407926692941917746e-02 3.407871513154375753e-02
3.937937937937938671e+00 3.400887851841886966e-02 3.400804650419579633e-02
3.909909909909909942e+00 3.394482585772540251e-02 3.394358176825839485e-02
3.881881881881881213e+00 3.388780921746580715e-02 3.388596441416012739e-02
3.853853853853854261e+00 3.383856208187106113e-02 3.383584918067045894e-02
3.825825825825825532e+00 3.379773288584321522e-02 3.379377638160109554e-02
3.797797797797798580e+00 3.376597264102317031e-02 3.376025006205497087e-02
3.769769769769769852e+00 3.374404782439590494e-02 3.373583894841841041e-02
3.741741741741741123e+00 3.373291612048867627e-02 3.372123735076040102e-02
3.713713713713714171e+00 3.373371785479515467e-02 3.371723841999609006e-02
3.685685685685685442e+00 3.374777041872408651e-02 3.372470665125072709e-02
3.657657657657658490e+00 3.377659326713394056e-02 3.374457687075165663e-02
3.629629629629629761e+00 3.382198797859091444e-02 3.377790396605435952e-02
3.601601601601601033e+00 3.388608755374804271e-02 3.382587747512712240e-02
3.573573573573574080e+00 3.397143123487000871e-02 3.388985749178772405e-02
3.545545545545545352e+00 3.408080885516082126e-02 3.397117637232114490e-02
3.517517517517518399e+00 3.421675959138679307e-02 3.407059196060557155e-02
3.489489489489489671e+00 3.438226459999378648e-02 3.418893308160980693e-02
3.461461461461460942e+00 3.458152978964266350e-02 3.432783529433176134e-02
3.433433433433433990e+00 3.481988946830292392e-02 3.448959986745301493e-02
3.405405405405405261e+00 3.510298316477983294e-02 3.467633097518019181e-02
3.377377377377378309e+00 3.543643270627182262e-02 3.488958130909357302e-02
3.349349349349349581e+00 3.582665968286184027e-02 3.513114966404715794e-02
3.321321321321320852e+00 3.628102329270091464e-02 3.540321407664036302e-02
3.293293293293293900e+00 3.680756947786101296e-02 3.570809496207778128e-02
3.265265265265265171e+00 3.624634920359789958e-02 3.604759922459867955e-02
3.237237237237238219e+00 3.690280724019978642e-02 3.642352965638869650e-02
3.209209209209209490e+00 3.646987878914337983e-02 3.683809458958686028e-02
3.181181181181180762e+00 3.728077558823621879e-02 3.729357134130280305e-02
3.153153153153153809e+00 3.819917980920082418e-02 3.779223851121368827e-02
3.125125125125125081e+00 3.808595883959993433e-02 3.833667398793368791e-02
3.097097097097096352e+00 3.920092678304951117e-02 3.892877948430380208e-02
3.069069069069069400e+00 4.044051365866365572e-02 3.956971309338595810e-02
3.041041041041040671e+00 4.180833014232634981e-02 4.026004200401274435e-02
3.013013013013013719e+00 4.094935478124019784e-02 4.099995798180286477e-02
2.984984984984984990e+00 4.247672945101860220e-02 4.179165686831859405e-02
2.956956956956956262e+00 4.412396963687899992e-02 4.263742531963827381e-02
2.928928928928929309e+00 4.588264968123702270e-02 4.353462771532697756e-02
2.900900900900900581e+00 4.774236205489939405e-02 4.448172619461311650e-02
2.872872872872873629e+00 4.969453699356982113e-02 4.548257693850648459e-02
2.844844844844844900e+00 5.172295744073891754e-02 4.653528526685803135e-02
2.816816816816816171e+00 5.244613613409591923e-02 4.763281908976738782e-02
2.788788788788789219e+00 5.447529909557117384e-02 4.877617536516277996e-02
2.760760760760760490e+00 5.650582481422006947e-02 4.996986638022239691e-02
2.732732732732733538e+00 5.852116418068864512e-02 5.121716298996431549e-02
2.704704704704704810e+00 6.051141986127719918e-02 5.252251984256572220e-02
2.676676676676676081e+00 6.095035779154303612e-02 5.389706878315268096e-02
2.648648648648649129e+00 6.280558131808766653e-02 5.535800821145613060e-02
2.620620620620620400e+00 6.313803918504706791e-02 5.691644075420124183e-02
2.592592592592593448e+00 6.499948054794481289e-02 5.857793861772236238e-02
2.564564564564564719e+00 6.700207500855435983e-02 6.034330470432267696e-02
2.536536536536535991e+00 6.920219283198525417e-02 6.219897838877488927e-02
2.508508508508509038e+00 7.165271914622951821e-02 6.412344539385686493e-02
2.480480480480480310e+00 7.094680404830168430e-02 6.608366781927188516e-02
2.452452452452453358e+00 7.364407828948216217e-02 6.801192944426262543e-02
2.424424424424424629e+00 7.663719638981686400e-02 6.978596747684415180e-02
2.396396396396395900e+00 7.995721953591068687e-02 7.138036806029499082e-02
2.368368368368368948e+00 7.980533746784043703e-02 7.292373759872794459e-02
2.340340340340340219e+00 8.272777575801873451e-02 7.464223223468652302e-02
2.312312312312313267e+00 8.658310297908584918e-02 7.673062316532870686e-02
2.284284284284284539e+00 9.083923198141974353e-02 7.928626592169356335e-02
2.256256256256255810e+00 9.557514828174326627e-02 8.224427213074031462e-02
2.228228228228228858e+00 9.622418599634884051e-02 8.568031771073025826e-02
2.200200200200200129e+00 1.013599481948002506e-01 9.017756318258461634e-02
2.172172172172171400e+00 1.046029454875702508e-01 9.590436442335481537e-02
2.144144144144144448e+00 1.104932183342062502e-01 1.017505970104613661e-01
2.116116116116115720e+00 1.140747987342669856e-01 1.070172051716883066e-01
2.088088088088088767e+00 1.205601464471725143e-01 1.109973063337005988e-01
2.060060060060060039e+00 1.279310881846886239e-01 1.133172261395374719e-01
2.032032032032031310e+00 1.360409779856363854e-01 1.177662661620276496e-01
2.004004004004004358e+00 1.457052735599413118e-01 1.232875541026783733e-01
1.975975975975975629e+00 1.565482210478731928e-01 1.236847758567821837e-01
1.947947947947948677e+00 1.453035685849015102e-01 1.192494974886505604e-01
1.919919919919919948e+00 1.528243674527328122e-01 1.138112050889021898e-01
1.891891891891891220e+00 1.630191954172034441e-01 1.223105614190199697e-01
1.863863863863864268e+00 1.735272820810702665e-01 1.629855146793259824e-01
1.835835835835835539e+00 1.919711244519606841e-01 2.290128390821952742e-01
1.807807807807808587e+00 2.042223898505788615e-01 2.161184705415066520e-01
1.779779779779779858e+00 1.812892501335252038e-01 1.655555976836469156e-01
1.751751751751751129e+00 1.840670180179601600e-01 1.665793591344272295e-01
1.723723723723724177e+00 1.873543391000738467e-01 2.052369091761457043e-01
1.695695695695695449e+00 1.934599196511787578e-01 3.261378552766668881e-01
1.667667667667668496e+00 2.127147435784996765e-01 2.387459094156212658e-01
1.639639639639639768e+00 2.008837374406040321e-01 1.395184390153795806e-01
1.611611611611611039e+00 1.995248396842728422e-01 1.592253141323097809e-01
1.583583583583584087e+00 2.244400683110171768e-01 2.501294767930620777e-01
1.555555555555555358e+00 2.312945517456422295e-01 2.558230049590748401e-01
1.527527527527528406e+00 2.004106543887002878e-01 2.383504606334053422e-01
1.499499499499499677e+00 2.143087200285285210e-01 4.550720344348981317e-01
1.471471471471470949e+00 2.040088087841833708e-01 3.946877256967004088e-01
1.443443443443443996e+00 1.935983145536984140e-01 3.199059252288860011e-01
1.415415415415415268e+00 1.909090938955969596e-01 6.388960308017439527e-01
1.387387387387388316e+00 1.794780238185165744e-01 1.227030596593874590e+00
1.359359359359359587e+00 1.699454895268935062e-01 8.584433770044298806e-02
1.331331331331330858e+00 1.688791146902832441e-01 2.988370988486951582e-02
1.303303303303303906e+00 1.492669293860716950e-01 1.780914751301794496e-02
1.275275275275275177e+00 1.363145396166798584e-01 1.284968290599670764e-02
1.247247247247248225e+00 1.253407040840683051e-01 1.020242576804987304e-02
1.219219219219219497e+00 1.151989783606350015e-01 8.596488467163923217e-03
1.191191191191190768e+00 1.055125235409296452e-01 7.531564248601761713e-03
1.163163163163163816e+00 9.618089985976210898e-02 6.788307379152099842e-03
1.135135135135135087e+00 8.719514457168808796e-02 6.246656175247851557e-03
1.107107107107106359e+00 7.859031604017936712e-02 5.841148315141587305e-03
1.079079079079079406e+00 7.041356306683921318e-02 5.531187827172504012e-03
1.051051051051050678e+00 6.271140607547576185e-02 5.289888030400809009e-03
1.023023023023023725e+00 5.552490419115967829e-02 5.100140895371222012e-03
9.949949949949949968e-01 4.888404543919214890e-02 4.949263858866777797e-03
9.669669669669662682e-01 4.280737248915320731e-02 4.828283789814804758e-03
9.389389389389393159e-01 3.730110223233110839e-02 4.730191193220287769e-03
9.109109109109105873e-01 3.236109923542854899e-02 4.650619712005205596e-03
8.828828828828836350e-01 2.797089411412542748e-02 4.584249231128998195e-03
8.548548548548549064e-01 2.410736594155428805e-02 4.528663253560764879e-03
8.268268268268261778e-01 2.073930051235158348e-02 4.480980904617347035e-03
7.987987987987992256e-01 1.783039752228843255e-02 4.438935954011244758e-03
7.707707707707704969e-01 1.534042566303487655e-02 4.400187244680888246e-03
7.427427427427435447e-01 1.322808594083615084e-02 4.363489171237043551e-03
7.147147147147148161e-01 1.145069881746857941e-02 4.326887590674766658e-03
6.866866866866860875e-01 9.966905298706174240e-03 4.289162519147019653e-03
6.586586586586591352e-01 8.736839263628365382e-03 4.248988826778636423e-03
6.306306306306304066e-01 7.722821278736636576e-03 4.204863978437000348e-03
6.026026026026034543e-01 6.890475124743836860e-03 4.155690552810655837e-03
5.745745745745747257e-01 6.208609328469859301e-03 4.100333150391708911e-03
5.465465465465459971e-01 5.649245622282146606e-03 4.037502868608646919e-03
5.185185185185190448e-01 5.188016542446701428e-03 3.966159650873476127e-03
4.904904904904903162e-01 4.803700129138873363e-03 3.885167918679184942e-03
4.624624624624633640e-01 4.478262922103157934e-03 3.793545496825795511e-03
4.344344344344346354e-01 4.196289484008313211e-03 3.690155734957252260e-03
4.064064064064059068e-01 3.945172375399197233e-03 3.574192238568543734e-03
3.783783783783789545e-01 3.714527447345898192e-03 3.444900874117302718e-03
3.503503503503502259e-01 3.496107447989778554e-03 3.301796247630500378e-03
3.223223223223232736e-01 3.283689817097772048e-03 3.144836927608819430e-03
2.942942942942945450e-01 3.072852507355512686e-03 2.974465414815367741e-03
2.662662662662658164e-01 2.861172315790777142e-03 2.792042716905639241e-03
2.382382382382388641e-01 2.647881219607319675e-03 2.599710993898447786e-03
2.102102102102101355e-01 2.434490548597077579e-03 2.401194062723785959e-03
1.821821821821831833e-01 2.224124995565094839e-03 2.201279132422707344e-03
1.541541541541544547e-01 2.022136131345329477e-03 2.006551719576537759e-03
1.261261261261257260e-01 1.835406784580007446e-03 1.824797881122170633e-03
9.809809809809877379e-02 1.671898772723968800e-03 1.664629188130968204e-03
7.007007007007004518e-02 1.539825908240243305e-03 1.534715207881385364e-03
4.204204204204131656e-02 1.447015634532112464e-03 1.443189414448449188e-03
1.401401401401436431e-02 1.398976445786958905e-03 1.395747843447856830e-03
-1.401401401401436431e-02 1.398972190092779904e-03 1.395743265355576558e-03
-4.204204204204131656e-02 1.447025402576305195e-03 1.443198162938015864e-03
-7.007007007007004518e-02 1.539964194971208886e-03 1.534851614289729164e-03
-9.809809809809877379e-02 1.671974395971282355e-03 1.664701775295680504e-03
-1.261261261261257260e-01 1.835476383865623480e-03 1.824862826835235057e-03
-1.541541541541544547e-01 2.022206091228679475e-03 2.006614726577545839e-03
-1.821821821821814069e-01 2.224113807870796954e-03 2.201257715305349541e-03
-2.102102102102101355e-01 2.434492438183980326e-03 2.401181071139960304e-03
-2.382382382382388641e-01 2.648000098462156143e-03 2.599808430168497071e-03
-2.662662662662658164e-01 2.861160469110346233e-03 2.792000243523260362e-03
-2.942942942942945450e-01 3.072944298464597417e-03 2.974513828931333106e-03
-3.223223223223214973e-01 3.283727461564151656e-03 3.144813641442166085e-03
-3.503503503503502259e-01 3.496278213914486618e-03 3.301882118697558634e-03
-3.783783783783789545e-01 3.714787906774415314e-03 3.445043995480039176e-03
-4.064064064064059068e-01 3.945442648289492794e-03 3.574301614203034567e-03
-4.344344344344346354e-01 4.196464702259644110e-03 3.690112049928898855e-03
-4.624624624624615876e-01 4.478420212442613298e-03 3.793407261907618799e-03
-4.904904904904903162e-01 4.804103212345506302e-03 3.885175066537398247e-03
-5.185185185185190448e-01 5.188562286114739401e-03 3.966178899601512098e-03
-5.465465465465459971e-01 5.649984230674128492e-03 4.037546513754235698e-03
-5.745745745745747257e-01 6.209513607660672486e-03 4.100326700287578417e-03
-6.026026026026016780e-01 6.891674245403413279e-03 4.155704605086755522e-03
-6.306306306306304066e-01 7.724414318900512527e-03 4.204925594332406188e-03
-6.586586586586591352e-01 8.738808179546876317e-03 4.248992024129766808e-03
-6.866866866866860875e-01 9.969635522474351239e-03 4.289386053888425906e-03
-7.147147147147148161e-01 1.145396765852037951e-02 4.326980173474360980e-03
-7.427427427427417683e-01 1.323227104320850306e-02 4.363674339613693616e-03
-7.707707707707704969e-01 1.534552453699261805e-02 4.400278877793089606e-03
-7.987987987987992256e-01 1.783661872125383643e-02 4.438924972164717993e-03
-8.268268268268261778e-01 2.074713900452570051e-02 4.481105680297494537e-03
-8.548548548548549064e-01 2.411710270855497995e-02 4.528903755679551842e-03
-8.828828828828836350e-01 2.798263524388402632e-02 4.584360178710797026e-03
-9.109109109109105873e-01 3.237521937456407095e-02 4.650567640947450045e-03
-9.389389389389393159e-01 3.731895908743489143e-02 4.730862205182153127e-03
-9.669669669669662682e-01 4.282828234566781606e-02 4.828452085960486563e-03
-9.949949949949949968e-01 4.890899001163340892e-02 4.949291574439113224e-03
-1.023023023023023725e+00 5.555481331694289010e-02 5.100254030746087346e-03
-1.051051051051050678e+00 6.274733270883091352e-02 5.290345310120677519e-03
-1.079079079079079406e+00 7.045507983347046310e-02 5.530672220141620576e-03
-1.107107107107106359e+00 7.864016879410085092e-02 5.841417226539098034e-03
-1.135135135135135087e+00 8.725333955792957674e-02 6.246627569663488512e-03
-1.163163163163163816e+00 9.624828945816313319e-02 6.787647531876272143e-03
-1.191191191191190768e+00 1.055925050842695251e-01 7.532392373034948151e-03
-1.219219219219219497e+00 1.152902704286306312e-01 8.596163362284544793e-03
-1.247247247247246449e+00 1.254501653092398028e-01 1.020638019524529837e-02
-1.275275275275275177e+00 1.364309341336115144e-01 1.284521036507647179e-02
-1.303303303303303906e+00 1.494067645873095040e-01 1.781126741280524353e-02
-1.331331331331330858e+00 1.690521516106391064e-01 2.990071148505795209e-02
-1.359359359359359587e+00 1.701067987032702788e-01 8.588346747330126429e-02
-1.387387387387386539e+00 1.796578713278708939e-01 1.227916971674079871e+00
-1.415415415415415268e+00 1.911403133140265609e-01 6.385523284584226911e-01
-1.443443443443443996e+00 1.938247245499082894e-01 3.201241163464146333e-01
-1.471471471471470949e+00 2.042732820269682614e-01 3.948312772377293167e-01
-1.499499499499499677e+00 2.146035998035597525e-01 4.548411755055641881e-01
-1.527527527527526630e+00 2.007489862813326698e-01 2.384071032068535989e-01
-1.555555555555555358e+00 2.316396122944696934e-01 2.558635922966531195e-01
-1.583583583583584087e+00 2.232068267870306044e-01 2.500878847682421746e-01
-1.611611611611611039e+00 1.999061384625005211e-01 1.592649325219299694e-01
-1.639639639639639768e+00 2.012781587144027717e-01 1.395283373133506255e-01
-1.667667667667666720e+00 2.131245836500751389e-01 2.386748444034704486e-01
-1.695695695695695449e+00 1.941879810185332123e-01 3.261576490740829004e-01
-1.723723723723724177e+00 1.881249997254395845e-01 2.052856342927069921e-01
-1.751751751751751129e+00 1.848993017272076989e-01 1.666713251017300501e-01
-1.779779779779779858e+00 1.822209836482107381e-01 1.655695688222724449e-01
-1.807807807807806810e+00 2.050190218378529772e-01 2.160427480604883155e-01
-1.835835835835835539e+00 1.923140297506845675e-01 2.289952985718666234e-01
-1.863863863863864268e+00 1.737687028571848202e-01 1.629979194052805502e-01
-1.891891891891891220e+00 1.633730325314123877e-01 1.223164268995993037e-01
-1.919919919919919948e+00 1.532787912609047398e-01 1.138050872029972294e-01
-1.947947947947948677e+00 1.457385144780174724e-01 1.192270771599775597e-01
-1.975975975975975629e+00 1.479780292850706724e-01 1.236634570460482391e-01
-2.004004004004002581e+00 1.461745828136858938e-01 1.232673990883429299e-01
-2.032032032032031310e+00 1.364419783803488273e-01 1.177754282061004021e-01
-2.060060060060060039e+00 1.282721341280622651e-01 1.133352210369597268e-01
-2.088088088088088767e+00 1.208380029834442426e-01 1.110058022934666128e-01
-2.116116116116117496e+00 1.142840797885822379e-01 1.070055275624988006e-01
-2.144144144144142672e+00 1.106759811383859898e-01 1.017570014481237323e-01
-2.172172172172171400e+00 1.047370973036732406e-01 9.591354073874383546e-02
-2.200200200200200129e+00 1.014870069294564886e-01 9.018205705915419146e-02
-2.228228228228228858e+00 9.631954694836483699e-02 8.567862201457702997e-02
-2.256256256256257586e+00 9.568475906477272308e-02 8.224529726156390441e-02
-2.284284284284282762e+00 9.091820293564112365e-02 7.929114243086132774e-02
-2.312312312312311491e+00 8.663400993110093040e-02 7.672939429948512358e-02
-2.340340340340340219e+00 8.275342227060802913e-02 7.463125523988704824e-02
-2.368368368368368948e+00 7.981118157925889967e-02 7.292233349726290337e-02
-2.396396396396397677e+00 7.997692315431846610e-02 7.138918870564482655e-02
-2.424424424424422853e+00 7.663588817945340970e-02 6.979751126772275327e-02
-2.452452452452451581e+00 7.362585237956494055e-02 6.801279401948077952e-02
-2.480480480480480310e+00 7.091554114883293070e-02 6.608925651822931957e-02
-2.508508508508509038e+00 7.163912361522546679e-02 6.412611776214031944e-02
-2.536536536536537767e+00 6.917844671335943163e-02 6.219423768004492953e-02
-2.564564564564562943e+00 6.697355080904894564e-02 6.033935788538390133e-02
-2.592592592592591672e+00 6.496855025229353320e-02 5.857872591403858603e-02
-2.620620620620620400e+00 6.310519172746689720e-02 5.691584185675731961e-02
-2.648648648648649129e+00 6.278571327387445777e-02 5.535428573763669091e-02
-2.676676676676677857e+00 6.093141644396061346e-02 5.389257189321939451e-02
-2.704704704704703033e+00 6.050669945889591145e-02 5.251916949464709855e-02
-2.732732732732731762e+00 5.852114862148528884e-02 5.121928611975960777e-02
-2.760760760760760490e+00 5.650992006196495221e-02 4.997543015789938231e-02
-2.788788788788789219e+00 5.447879252021960855e-02 4.877892717313581789e-02
-2.816816816816817948e+00 5.244742035985401618e-02 4.763158054594327645e-02
-2.844844844844843124e+00 5.173425632816476549e-02 4.653251522816261726e-02
-2.872872872872871852e+00 4.970567590826521776e-02 4.548082982147755998e-02
-2.900900900900900581e+00 4.775170883114457365e-02 4.447990733868741053e-02
-2.928928928928929309e+00 4.588868863912597129e-02 4.353208744083440773e-02
-2.956956956956958038e+00 4.412871787018873837e-02 4.263776942603390852e-02
-2.984984984984983214e+00 4.248031831883351817e-02 4.179527165790752202e-02
-3.013013013013011943e+00 4.094861863513068329e-02 4.100234792576477882e-02
-3.041041041041040671e+00 4.182312966518491465e-02 4.025975787502408115e-02
-3.069069069069069400e+00 4.045066790420871056e-02 3.956880418953138273e-02
-3.097097097097098128e+00 3.920810713286021487e-02 3.892910314653940523e-02
-3.125125125125123304e+00 3.809068816445862482e-02 3.833871228762455313e-02
-3.153153153153152033e+00 3.821039314210347704e-02 3.779459742891011498e-02
-3.181181181181180762e+00 3.728724295774686615e-02 3.729476137283958825e-02
-3.209209209209209490e+00 3.647222574229289777e-02 3.683829396969285491e-02
-3.237237237237238219e+00 3.691211958076810740e-02 3.642339512149940506e-02
-3.265265265265263395e+00 3.625253347880612320e-02 3.604718593774355884e-02
-3.293293293293292123e+00 3.682112609310207729e-02 3.570736220019936347e-02
-3.321321321321320852e+00 3.629204696988039963e-02 3.540236893414249603e-02
-3.349349349349349581e+00 3.583573003683863945e-02 3.513044803504836860e-02
-3.377377377377378309e+00 3.544415765562146381e-02 3.488933116045467298e-02
-3.405405405405403485e+00 3.510997913303539469e-02 3.467687537497519262e-02
-3.433433433433432214e+00 3.482622960811621038e-02 3.449076669364304487e-02
-3.461461461461460942e+00 3.458667461316054792e-02 3.432886819324177524e-02
-3.489489489489489671e+00 3.438594421468105233e-02 3.418937308257465058e-02
-3.517517517517518399e+00 3.421944302899256746e-02 3.407074544662159338e-02
-3.545545545545547128e+00 3.408318758113360741e-02 3.397159669822526901e-02
-3.573573573573572304e+00 3.397372491840427999e-02 3.389064851672073803e-02
-3.601601601601601033e+00 3.388809397949432700e-02 3.382674105272854420e-02
-3.629629629629629761e+00 3.382348244312347041e-02 3.377853687018287504e-02
-3.657657657657658490e+00 3.377743950673894879e-02 3.374477930926152863e-02
-3.685685685685687218e+00 3.374795375230238426e-02 3.372441312985902800e-02
-3.713713713713712394e+00 3.373337937489181287e-02 3.371654984224479318e-02
-3.741741741741741123e+00 3.373231112678977406e-02 3.372037757957681292e-02
-3.769769769769769852e+00 3.374335759705432425e-02 3.373496493986122974e-02
-3.797797797797798580e+00 3.376525703867595124e-02 3.375940305537278308e-02
-3.825825825825827309e+00 3.379698535671061405e-02 3.379293572306409088e-02
-3.853853853853852485e+00 3.383777526642981620e-02 3.383499694190487961e-02
-3.881881881881881213e+00 3.388696124050760011e-02 3.388507088103703824e-02
-3.909909909909909942e+00 3.394391463628413513e-02 3.394263910333686352e-02
-3.937937937937938671e+00 3.400801910684893292e-02 3.400716558051000010e-02
-3.965965965965967399e+00 3.407870833967527324e-02 3.407814195349283259e-02
-3.993993993993992575e+00 3.415548654035348991e-02 3.415511382975269794e-02
-4.022022022022021304e+00 3.423791963256838516e-02 3.423767641918200322e-02
-4.050050050050050032e+00 3.432558740244889134e-02 3.432543002103571883e-02
-4.078078078078078761e+00 3.441811050341356260e-02 3.441800951685575899e-02
-4.106106106106107489e+00 3.451516180941766043e-02 3.451509755365368692e-02
-4.134134134134132665e+00 3.461640630444545036e-02 3.461636576353223360e-02
-4.162162162162161394e+00 3.472153949870653705e-02 3.472151413558699495e-02
-4.190190190190190123e+00 3.483035936522502207e-02 3.483034363139094619e-02
-4.218218218218218851e+00 3.494266655676333405e-02 3.494265687878791993e-02
-4.246246246246247580e+00 3.505823847084699185e-02 3.505823256818332845e-02
-4.274274274274272756e+00 3.517679169974086834e-02 3.517678813012994204e-02
-4.302302302302301484e+00 3.529800091572309756e-02 3.529799877530311047e-02
-4.330330330330330213e+00 3.542151787682495251e-02 3.542151660426416659e-02
-4.358358358358358942e+00 3.554712223377815700e-02 3.554712148361482971e-02
-4.386386386386387670e+00 3.567477683794786913e-02 3.567477639949049456e-02
-4.414414414414412846e+00 3.580443129785337159e-02 3.580443104376201946e-02
-4.442442442442441575e+00 3.593600012213053752e-02 3.593599997613480812e-02
-4.470470470470470303e+00 3.606931249570435871e-02 3.606931241253272941e-02
-4.498498498498499032e+00 3.620414634491338213e-02 3.620414629793563405e-02
-4.526526526526527761e+00 3.634025712016150655e-02 3.634025709385347441e-02
-4.554554554554552936e+00 3.647741942486450173e-02 3.647741941025750556e-02
-4.582582582582581665e+00 3.661554855809807246e-02 3.661554855005711567e-02
-4.610610610610610394e+00 3.675457576490456790e-02 3.675457576051596731e-02
-4.638638638638639122e+00 3.689440850440769970e-02 3.689440850203297428e-02
-4.666666666666667851e+00 3.703494275086739729e-02 3.703494274959339555e-02
-4.694694694694693027e+00 3.717609271662900700e-02 3.717609271595138237e-02
-4.722722722722721755e+00 3.731776350280911758e-02 3.731776350245178536e-02
-4.750750750750750484e+00 3.745984346677322385e-02 3.745984346658640107e-02
-4.778778778778779213e+00 3.760221165723172387e-02 3.760221165713489161e-02
-4.806806806806807941e+00 3.774476767098486341e-02 3.774476767093510460e-02
-4.834834834834833117e+00 3.788740705002879156e-02 3.788740705000344378e-02
-4.862862862862861846e+00 3.803001024236500605e-02 3.803001024235220379e-02
-4.890890890890890574e+00 3.817244565432308806e-02 3.817244565431667652e-02
-4.918918918918919303e+00 3.831461081775199701e-02 3.831461081774881205e-02
-4.946946946946948032e+00 3.845642414714325191e-02 3.845642414714167678e-02
-4.974974974974973208e+00 3.859779230966057378e-02 3.859779230965981051e-02
-5.003003003003001936e+00 3.873860954821072705e-02 3.873860954821035235e-02
-5.031031031031030665e+00 3.887876947990999421e-02 3.887876947990982074e-02
-5.059059059059059393e+00 3.901819608277430629e-02 3.901819608277422302e-02
-5.087087087087088122e+00 3.915681388535763308e-02 3.915681388535759144e-02
-5.115115115115113298e+00 3.929453944310766500e-02 3.929453944310765112e-02
-5.143143143143142026e+00 3.943128179138417205e-02 3.943128179138416511e-02
-5.171171171171170755e+00 3.956695358412801178e-02 3.956695358412800484e-02
-5.199199199199199484e+00 3.970148146513707149e-02 3.970148146513707149e-02
-5.227227227227228212e+00 3.983478754403608352e-02 3.983478754403608352e-02
-5.255255255255253388e+00 3.996678723530111554e-02 3.996678723530111554e-02
-5.283283283283282117e+00 4.009738956039338859e-02 4.009738956039338859e-02
-5.311311311311310845e+00 4.022650693329361815e-02 4.022650693329361815e-02
-5.339339339339339574e+00 4.035406742108545164e-02 4.035406742108545164e-02
-5.367367367367368303e+00 4.047999771218008941e-02 4.047999771218008941e-02
-5.395395395395393479e+00 4.060422072108418878e-02 4.060422072108418878e-02
-5.423423423423422207e+00 4.072665587636730561e-02 4.072665587636730561e-02
-5.451451451451450936e+00 4.084721859079891437e-02 4.084721859079891437e-02
-5.479479479479479664e+00 4.096581645054385434e-02 4.096581645054385434e-02
-5.507507507507508393e+00 4.108235168066674825e-02 4.108235168066674825e-02
-5.535535535535537122e+00 4.119672283971099330e-02 4.119672283971099330e-02
-5.563563563563562298e+00 4.130882510209916980e-02 4.130882510209916980e-02
-5.591591591591591026e+00 4.141855066650931838e-02 4.141855066650931838e-02
-5.619619619619619755e+00 4.152580038482549946e-02 4.152580038482549946e-02
-5.647647647647648483e+00 4.163049387985105765e-02 4.163049387985105765e-02
-5.675675675675677212e+00 4.173255181106032274e-02 4.173255181106032274e-02
-5.703703703703702388e+00 4.183189402139551871e-02 4.183189402139551871e-02
-5.731731731731731116e+00 4.192843984179038530e-02 4.192843984179038530e-02
-5.759759759759759845e+00 4.202210836627745527e-02 4.202210836627745527e-02
-5.787787787787788574e+00 4.211281666505471699e-02 4.211281666505471699e-02
-5.815815815815817302e+00 4.220047798960862434e-02 4.220047798960862434e-02
-5.843843843843842478e+00 4.228500418184705928e-02 4.228500418184705928e-02
-5.871871871871871207e+00 4.236630614454438976e-02 4.236630614454438976e-02
-5.899899899899899935e+00 4.244429408263829945e-02 4.244429408263829945e-02
-5.927927927927928664e+00 4.251887775002158310e-02 4.251887775002158310e-02
-5.955955955955957393e+00 4.258996492932573541e-02 4.258996492932573541e-02
-5.983983983983982569e+00 4.265745719578170614e-02 4.265745719578170614e-02
-6.012012012012011297e+00 4.272125508424302887e-02 4.272125508424302887e-02
-6.040040040040040026e+00 4.278125975079771076e-02 4.278125975079771076e-02
-6.068068068068068754e+00 4.283737324840022204e-02 4.283737324840022204e-02
-6.096096096096097483e+00 4.288949880569062345e-02 4.288949880569062345e-02
-6.124124124124122659e+00 4.293754121032605786e-02 4.293754121032605786e-02
-6.152152152152151388e+00 4.298141199737528367e-02 4.298141199737528367e-02
-6.180180180180180116e+00 4.302103141827627597e-02 4.302103141827627597e-02
-6.208208208208208845e+00 4.305632153729715972e-02 4.305632153729715972e-02
-6.236236236236237573e+00 4.308720585051948465e-02 4.308720585051948465e-02
-6.264264264264262749e+00 4.311360948986164843e-02 4.311360948986164843e-02
-6.292292292292291478e+00 4.313545942393245958e-02 4.313545942393245958e-02
-6.320320320320320207e+00 4.315268457831959725e-02 4.315268457831959725e-02
-6.348348348348348935e+00 4.316520717926867340e-02 4.316520717926867340e-02
-6.376376376376377664e+00 4.317293435351433895e-02 4.317293435351433895e-02
-6.404404404404402840e+00 4.317577309294951676e-02 4.317577309294951676e-02
-6.432432432432431568e+00 4.317363239450905388e-02 4.317363239450905388e-02
-6.460460460460460297e+00 4.316642349701869941e-02 4.316642349701869941e-02
-6.488488488488489025e+00 4.315406011873885311e-02 4.315406011873885311e-02
-6.516516516516517754e+00 4.313645869491446877e-02 4.313645869491446877e-02
-6.544544544544542930e+00 4.311353927223602472e-02 4.311353927223602472e-02
-6.572572572572571659e+00 4.308523226148917168e-02 4.308523226148917168e-02
-6.600600600600600387e+00 4.305147584625884649e-02 4.305147584625884649e-02
-6.628628628628629116e+00 4.301221178170570175e-02 4.301221178170570175e-02
-6.656656656656657844e+00 4.296738549550144920e-02 4.296738549550144920e-02
-6.684684684684683020e+00 4.291694624455504037e-02 4.291694624455504037e-02
-6.712712712712711749e+00 4.286084726157514402e-02 4.286084726157514402e-02
-6.740740740740740478e+00 4.279904589074716437e-02 4.279904589074716437e-02
-6.768768768768769206e+00 4.273150287420691279e-02 4.273150287420691279e-02
-6.796796796796797935e+00 4.265817053233574019e-02 4.265817053233574019e-02
-6.824824824824823111e+00 4.257899510152737127e-02 4.257899510152737127e-02
-6.852852852852851839e+00 4.249392611191613045e-02 4.249392611191613045e-02
-6.880880880880880568e+00 4.240291677725570307e-02 4.240291677725570307e-02
-6.908908908908909297e+00 4.230592413122853668e-02 4.230592413122853668e-02
-6.936936936936938025e+00 4.220290915856837743e-02 4.220290915856837743e-02
-6.964964964964963201e+00 4.209383692065995358e-02 4.209383692065995358e-02
-6.992992992992991930e+00 4.197867667530445074e-02 4.197867667530445074e-02
-7.021021021021020658e+00 4.185740259739771651e-02 4.185740259739771651e-02
-7.049049049049049387e+00 4.172999621924208813e-02 4.172999621924208813e-02
-7.077077077077078116e+00 4.159644466175817928e-02 4.159644466175817928e-02
-7.105105105105103291e+00 4.145673989154599615e-02 4.145673989154599615e-02
-7.133133133133132020e+00 4.131087878066617286e-02 4.131087878066617286e-02
-7.161161161161160749e+00 4.115886315534648954e-02 4.115886315534648954e-02
-7.189189189189189477e+00 4.100069983334759388e-02 4.100069983334759388e-02
-7.217217217217218206e+00 4.083640064989687429e-02 4.083640064989687429e-02
-7.245245245245243382e+00 4.066598247216268724e-02 4.066598247216268724e-02
-7.273273273273272110e+00 4.048946637094531786e-02 4.048946637094531786e-02
-7.301301301301300839e+00 4.030686849706895114e-02 4.030686849706895114e-02
-7.329329329329329568e+00 4.011820318459208973e-02 4.011820318459208973e-02
-7.357357357357358296e+00 3.992348922266497624e-02 3.992348922266497624e-02
-7.385385385385383472e+00 3.972274999991123878e-02 3.972274999991123878e-02
-7.413413413413412201e+00 3.951601353258128724e-02 3.951601353258128724e-02
-7.441441441441440929e+00 3.930331248739293848e-02 3.930331248739293848e-02
-7.469469469469469658e+00 3.908468419927148968e-02 3.908468419927148968e-02
-7.497497497497498387e+00 3.886017068422330245e-02 3.886017068422330245e-02
-7.525525525525523562e+00 3.862981864759408579e-02 3.862981864759408579e-02
-7.553553553553552291e+00 3.839367971104613170e-02 3.839367971104613170e-02
-7.581581581581581020e+00 3.815181277116286990e-02 3.815181277116286990e-02
-7.609609609609609748e+00 3.790428323145771106e-02 3.790428323145771106e-02
-7.637637637637638477e+00 3.765116144056825792e-02 3.765116144056825792e-02
-7.665665665665667206e+00 3.739252261513736214e-02 3.739252261513736214e-02
-7.693693693693692381e+00 3.712844678151622918e-02 3.712844678151622918e-02
-7.721721721721721110e+00 3.685901871186978568e-02 3.685901871186978568e-02
-7.749749749749749839e+00 3.658432785511497864e-02 3.658432785511497864e-02
-7.777777777777778567e+00 3.630446826312728331e-02 3.630446826312728331e-02
-7.805805805805807296e+00 3.601953851265239648e-02 3.601953851265239648e-02
-7.833833833833832472e+00 3.572964162335506844e-02 3.572964162335506844e-02
-7.861861861861861200e+00 3.543488361432674955e-02 3.543488361432674955e-02
-7.889889889889889929e+00 3.513536738617943633e-02 3.513536738617943633e-02
-7.917917917917918658e+00 3.483119745723907423e-02 3.483119745723907423e-02
-7.945945945945947386e+00 3.452248238520813639e-02 3.452248238520813639e-02
-7.973973973973972562e+00 3.420933473094171090e-02 3.420933473094171090e-02
-8.002002002002001291e+00 3.389187101932148588e-02 3.389187101932148588e-02
-8.030030030030030019e+00 3.357021169905256147e-02 3.357021169905256147e-02
-8.058058058058058748e+00 3.324448110125664824e-02 3.324448110125664824e-02
-8.086086086086087477e+00 3.291480739665812033e-02 3.291480739665812033e-02
-8.114114114114112652e+00 3.258132255107431402e-02 3.258132255107431402e-02
-8.142142142142141381e+00 3.224416227883081243e-02 3.224416227883081243e-02
-8.170170170170170110e+00 3.190346600002944011e-02 3.190346600002944011e-02
-8.198198198198198838e+00 3.155937765611351725e-02 3.155937765611351725e-02
-8.226226226226227567e+00 3.121204667365933341e-02 3.121204667365933341e-02
-8.254254254254252743e+00 3.086162652535992187e-02 3.086162652535992187e-02
-8.282282282282281471e+00 3.050827444735157087e-02 3.050827444735157087e-02
-8.310310310310310200e+00 3.015215134227302099e-02 3.015215134227302099e-02
-8.338338338338338929e+00 2.979342167426997021e-02 2.979342167426997021e-02
-8.366366366366367657e+00 2.943225335501168521e-02 2.943225335501168521e-02
-8.394394394394392833e+00 2.906881761972772427e-02 2.906881761972772427e-02
-8.422422422422421562e+00 2.870328889222761859e-02 2.870328889222761859e-02
-8.450450450450450290e+00 2.833584463783814927e-02 2.833584463783814927e-02
-8.478478478478479019e+00 2.796666520318055738e-02 2.796666520318055738e-02
-8.506506506506507748e+00 2.759593364172265029e-02 2.759593364172265029e-02
-8.534534534534532924e+00 2.722383538898705616e-02 2.722383538898705616e-02
-8.562562562562561652e+00 2.685055603302216945e-02 2.685055603302216945e-02
-8.590590590590590381e+00 2.647628149990046212e-02 2.647628149990046212e-02
-8.618618618618619109e+00 2.610119950268484368e-02 2.610119950268484368e-02
-8.646646646646647838e+00 2.572549935469555307e-02 2.572549935469555307e-02
-8.674674674674673014e+00 2.534937171484574064e-02 2.534937171484574064e-02
-8.702702702702701743e+00 2.497300831310926561e-02 2.497300831310926561e-02
-8.730730730730730471e+00 2.459660165599004272e-02 2.459660165599004272e-02
-8.758758758758759200e+00 2.422034471215846196e-02 2.422034471215846196e-02
-8.786786786786787928e+00 2.384443057874873276e-02 2.384443057874873276e-02
-8.814814814814813104e+00 2.346905212915929156e-02 2.346905212915929156e-02
-8.842842842842841833e+00 2.309440164356383121e-02 2.309440164356383121e-02
-8.870870870870870561e+00 2.272067042371488099e-02 2.272067042371488099e-02
-8.898898898898899290e+00 2.234804839399394741e-02 2.234804839399394741e-02
-8.926926926926928019e+00 2.197672393728593299e-02 2.197672393728593299e-02
-8.954954954954953195e+00 2.160688511180821128e-02 2.160688511180821128e-02
-8.982982982982981923e+00 2.123871828274661797e-02 2.123871828274661797e-02
-9.011011011011010652e+00 2.087240684928208523e-02 2.087240684928208523e-02
-9.039039039039039380e+00 2.050813078772891276e-02 2.050813078772891276e-02
-9.067067067067068109e+00 2.014606620412036017e-02 2.014606620412036017e-02
-9.095095095095093285e+00 1.978638489598455452e-02 1.978638489598455452e-02
-9.123123123123122014e+00 1.942925392728258108e-02 1.942925392728258108e-02
-9.151151151151150742e+00 1.907483522042108248e-02 1.907483522042108248e-02
-9.179179179179179471e+00 1.872328516911419757e-02 1.872328516911419757e-02
-9.207207207207208199e+00 1.837475427566265598e-02 1.837475427566265598e-02
-9.235235235235233375e+00 1.802938681593866527e-02 1.802938681593866527e-02
-9.263263263263262104e+00 1.768732053502496127e-02 1.768732053502496127e-02
-9.291291291291290833e+00 1.734868637606213140e-02 1.734868637606213140e-02
-9.319319319319319561e+00 1.701360824441769393e-02 1.701360824441769393e-02
-9.347347347347348290e+00 1.668220275682888443e-02 1.668220275682888443e-02
-9.375375375375373466e+00 1.635457860238859543e-02 1.635457860238859543e-02
-9.403403403403402194e+00 1.603083660279684339e-02 1.603083660279684339e-02
-9.431431431431430923e+00 1.571106992014036433e-02 1.571106992014036433e-02
-9.459459459459459651e+00 1.539536402800548674e-02 1.539536402800548674e-02
-9.487487487487488380e+00 1.508379671631783145e-02 1.508379671631783145e-02
-9.515515515515513556e+00 1.477643813198108516e-02 1.477643813198108516e-02
-9.543543543543542285e+00 1.447335085363005147e-02 1.447335085363005147e-02
-9.571571571571571013e+00 1.417458999849658188e-02 1.417458999849658188e-02
-9.599599599599599742e+00 1.388020335912025505e-02 1.388020335912025505e-02
-9.627627627627628470e+00 1.359023156742436914e-02 1.359023156742436914e-02
-9.655655655655657199e+00 1.330470828351838081e-02 1.330470828351838081e-02
-9.683683683683682375e+00 1.302366040648205749e-02 1.302366040648205749e-02
-9.711711711711711104e+00 1.274710830433073254e-02 1.274710830433073254e-02
-9.739739739739739832e+00 1.247506606035272796e-02 1.247506606035272796e-02
-9.767767767767768561e+00 1.220754173304286656e-02 1.220754173304286656e-02
-9.795795795795797289e+00 1.194453762734688611e-02 1.194453762734688611e-02
-9.823823823823822465e+00 1.168605077988777927e-02 1.168605077988777927e-02
-9.851851851851851194e+00 1.143207355755714548e-02 1.143207355755714548e-02
-9.879879879879879923e+00 1.118259346468401631e-02 1.118259346468401631e-02
-9.907907907907908651e+00 1.093759334163043641e-02 1.093759334163043641e-02
-9.935935935935937380e+00 1.069705165328724457e-02 1.069705165328724457e-02
-9.963963963963962556e+00 1.046094277564794083e-02 1.046094277564794083e-02
-9.991991991991991284e+00 1.022923727883606401e-02 1.022923727883606401e-02
-1.002002002002002001e+01 1.000190220514920666e-02 1.000190220514920666e-02
-1.004804804804804874e+01 9.778901340866157782e-03 9.778901340866157782e-03
-1.007607607607607747e+01 9.560195480743523613e-03 9.560195480743523613e-03
-1.010410410410410265e+01 9.345742684298956673e-03 9.345742684298956673e-03
-1.013213213213213137e+01 9.135498523139990237e-03 9.135498523139990237e-03
-1.016016016016016010e+01 8.929416318749461637e-03 8.929416318749461637e-03
-1.018818818818818883e+01 8.727447370277204020e-03 8.727447370277204020e-03
-1.021621621621621756e+01 8.529541172016709763e-03 8.529541172016709763e-03
-1.024424424424424274e+01 8.335645620360305694e-03 8.335645620360305694e-03
-1.027227227227227146e+01 8.145707210130003970e-03 8.145707210130003970e-03
-1.030030030030030019e+01 7.959671220273113745e-03 7.959671220273113745e-03
-1.032832832832832892e+01 7.777481803267392857e-03 7.777481803267392857e-03
-1.035635635635635765e+01 7.599081708760995792e-03 7.599081708760995792e-03
-1.038438438438438283e+01 7.424412762979064502e-03 7.424412762979064502e-03
-1.041241241241241156e+01 7.253416214560435768e-03 7.253416214560435768e-03
-1.044044044044044028e+01 7.086032872975108789e-03 7.086032872975108789e-03
-1.046846846846846901e+01 6.922203236830013102e-03 6.922203236830013102e-03
-1.049649649649649774e+01 6.761867612806982640e-03 6.761867612806982640e-03
-1.052452452452452292e+01 6.604966225619727203e-03 6.604966225619727203e-03
-1.055255255255255165e+01 6.451439319389602224e-03 6.451439319389602224e-03
-1.058058058058058037e+01 6.301227250847989472e-03 6.301227250847989472e-03
-1.060860860860860910e+01 6.154270574775522196e-03 6.154270574775522196e-03
-1.063663663663663783e+01 6.010510122088346535e-03 6.010510122088346535e-03
-1.066466466466466301e+01 5.869887070977151955e-03 5.869887070977151955e-03
-1.069269269269269174e+01 5.732343011497968363e-03 5.732343011497968363e-03
-1.072072072072072046e+01 5.597820004005014949e-03 5.597820004005014949e-03
-1.074874874874874919e+01 5.466260631804445262e-03 5.466260631804445262e-03
-1.077677677677677792e+01 5.337608048396124544e-03 5.337608048396124544e-03
-1.080480480480480310e+01 5.211806019656886613e-03 5.211806019656886613e-03
-1.083283283283283183e+01 5.088798961304508497e-03 5.088798961304508497e-03
-1.086086086086086056e+01 4.968531971967243659e-03 4.968531971967243659e-03
-1.088888888888888928e+01 4.850950837547805122e-03 4.850950837547805122e-03
-1.091691691691691801e+01 4.736001675046582968e-03 4.736001675046582968e-03
-1.094494494494494319e+01 4.623631026231551228e-03 4.623631026231551228e-03
-1.097297297297297192e+01 4.513786199972798403e-03 4.513786199972798403e-03
-1.100100100100100065e+01 4.406415299801868558e-03 4.406415299801868558e-03
-1.102902902902902937e+01 4.301467238705107554e-03 4.301467238705107554e-03
-1.105705705705705810e+01 4.198891751166552305e-03 4.198891751166552305e-03
-1.108508508508508328e+01 4.098639402681765811e-03 4.098639402681765811e-03
-1.111311311311311201e+01 4.000661596950351104e-03 4.000661596950351104e-03
-1.114114114114114074e+01 3.904910580941997351e-03 3.904910580941997351e-03
-1.116916916916916946e+01 3.811339448017939547e-03 3.811339448017939547e-03
-1.119719719719719819e+01 3.719902139278072773e-03 3.719902139278072773e-03
-1.122522522522522337e+01 3.630553443292379272e-03 3.630553443292379272e-03
-1.125325325325325210e+01 3.543248994364389583e-03 3.543248994364389583e-03
-1.128128128128128083e+01 3.457945269464392669e-03 3.457945269464392669e-03
-1.130930930930930955e+01 3.374599583959991302e-03 3.374599583959991302e-03
-1.133733733733733828e+01 3.293170086262783153e-03 3.293170086262783153e-03
-1.136536536536536346e+01 3.213615751501138623e-03 3.213615751501138623e-03
-1.139339339339339219e+01 3.135896374320877675e-03 3.135896374320877675e-03
-1.142142142142142092e+01 3.059972560908254952e-03 3.059972560908254952e-03
-1.144944944944944965e+01 2.985805720322142875e-03 2.985805720322142875e-03
-1.147747747747747837e+01 2.913358055215983702e-03 2.913358055215983702e-03
-1.150550550550550355e+01 2.842592552023558497e-03 2.842592552023558497e-03
-1.153353353353353228e+01 2.773472662926210371e-03 2.773472662926210371e-03
-1.156156156156156101e+01 2.705961191410321404e-03 2.705961191410321404e-03
-1.158958958958958974e+01 2.640021367859512590e-03 2.640021367859512590e-03
-1.161761761761761846e+01 2.575617268723215218e-03 2.575617268723215218e-03
-1.164564564564564719e+01 2.512713800051523481e-03 2.512713800051523481e-03
-1.167367367367367237e+01 2.451276680970387780e-03 2.451276680970387780e-03
-1.170170170170170110e+01 2.391272427189072586e-03 2.391272427189072586e-03
-1.172972972972972983e+01 2.332668334571557072e-03 2.332668334571557072e-03
-1.175775775775775855e+01 2.275432462800007060e-03 2.275432462800007060e-03
-1.178578578578578728e+01 2.219533619155546374e-03 2.219533619155546374e-03
-1.181381381381381246e+01 2.164941342438630924e-03 2.164941342438630924e-03
-1.184184184184184119e+01 2.111625887048712916e-03 2.111625887048712916e-03
-1.186986986986986992e+01 2.059558207240638240e-03 2.059558207240638240e-03
-1.189789789789789864e+01 2.008709941572838810e-03 2.008709941572838810e-03
-1.192592592592592737e+01 1.959053397560622106e-03 1.959053397560622106e-03
-1.195395395395395255e+01 1.910561536545917795e-03 1.910561536545917795e-03
-1.198198198198198128e+01 1.863207958793211896e-03 1.863207958793211896e-03
-1.201001001001001001e+01 1.816966888820004079e-03 1.816966888820004079e-03
-1.203803803803803874e+01 1.771813160968572793e-03 1.771813160968572793e-03
-1.206606606606606746e+01 1.727722205224777822e-03 1.727722205224777822e-03
-1.209409409409409264e+01 1.684670033288413783e-03 1.684670033288413783e-03
-1.212212212212212137e+01 1.642633224898602676e-03 1.642633224898602676e-03
-1.215015015015015010e+01 1.601588914416900199e-03 1.601588914416900199e-03
-1.217817817817817883e+01 1.561514777669776189e-03 1.561514777669776189e-03
-1.220620620620620755e+01 1.522389019051577450e-03 1.522389019051577450e-03
-1.223423423423423273e+01 1.484190373623456641e-03 1.484190373623456641e-03
-1.226226226226226146e+01 1.446898358272871938e-03 1.446898358272871938e-03
-1.229029029029029019e+01 1.410493197753678310e-03 1.410493197753678310e-03
-1.231831831831831892e+01 1.374955549648857215e-03 1.374955549648857215e-03
-1.234634634634634764e+01 1.340266487089846435e-03 1.340266487089846435e-03
-1.237437437437437282e+01 1.306407491288325007e-03 1.306407491288325007e-03
-1.240240240240240155e+01 1.273360444093350925e-03 1.273360444093350925e-03
-1.243043043043043028e+01 1.241107620583026131e-03 1.241107620583026131e-03
-1.245845845845845901e+01 1.209631681698900962e-03 1.209631681698900962e-03
-1.248648648648648773e+01 1.178915666930732643e-03 1.178915666930732643e-03
-1.251451451451451291e+01 1.148942987058407250e-03 1.148942987058407250e-03
-1.254254254254254164e+01 1.119697416957180381e-03 1.119697416957180381e-03
-1.257057057057057037e+01 1.091163088471868966e-03 1.091163088471868966e-03
-1.259859859859859910e+01 1.063324483364897193e-03 1.063324483364897193e-03
-1.262662662662662783e+01 1.036166426342730908e-03 1.036166426342730908e-03
-1.265465465465465300e+01 1.009674078164638075e-03 1.009674078164638075e-03
-1.268268268268268173e+01 9.838329288372746947e-04 9.838329288372746947e-04
-1.271071071071071046e+01 9.586287908982332956e-04 9.586287908982332956e-04
-1.273873873873873919e+01 9.340477927911743127e-04 9.340477927911743127e-04
-1.276676676676676792e+01 9.100763723349139913e-04 9.100763723349139913e-04
-1.279479479479479309e+01 8.867012702884424996e-04 8.867012702884424996e-04
-1.282282282282282182e+01 8.639095240135257663e-04 8.639095240135257663e-04
-1.285085085085085055e+01 8.416884612363218637e-04 8.416884612363218637e-04
-1.287887887887887928e+01 8.200256939090643741e-04 8.200256939090643741e-04
-1.290690690690690801e+01 7.989091121727297544e-04 7.989091121727297544e-04
-1.293493493493493318e+01 7.783268784213122262e-04 7.783268784213122262e-04
-1.296296296296296191e+01 7.582674214681274028e-04 7.582674214681274028e-04
-1.299099099099099064e+01 7.387194308144229673e-04 7.387194308144229673e-04
-1.301901901901901937e+01 7.196718510203071366e-04 7.196718510203071366e-04
-1.304704704704704810e+01 7.011135451194326195e-04 7.011135451194326195e-04
-1.307507507507507327e+01 6.830312019138416171e-04 6.830312019138416171e-04
-1.310310310310310200e+01 6.654107878214346765e-04 6.654107878214346765e-04
-1.313113113113113073e+01 6.482386621361544820e-04 6.482386621361544820e-04
-1.315915915915915946e+01 6.315015690838517897e-04 6.315015690838517897e-04
-1.318718718718718819e+01 6.151866249930600062e-04 6.151866249930600062e-04
-1.321521521521521336e+01 5.992813059694089995e-04 5.992813059694089995e-04
-1.324324324324324209e+01 5.837734360519670996e-04 5.837734360519670996e-04
-1.327127127127127082e+01 5.686511758308495420e-04 5.686511758308495420e-04
-1.329929929929929955e+01 5.539030115063323578e-04 5.539030115063323578e-04
-1.332732732732732828e+01 5.395177443706764171e-04 5.395177443706764171e-04
-1.335535535535535345e+01 5.254844806947110312e-04 5.254844806947110312e-04
-1.338338338338338218e+01 5.117926220020399975e-04 5.117926220020399975e-04
-1.341141141141141091e+01 4.984318557145588080e-04 4.984318557145588080e-04
-1.343943943943943964e+01 4.853921461536522949e-04 4.853921461536522949e-04
-1.346746746746746837e+01 4.726637258822135061e-04 4.726637258822135061e-04
-1.349549549549549354e+01 4.602370873732630351e-04 4.602370873732630351e-04
-1.352352352352352227e+01 4.481029749915898240e-04 4.481029749915898240e-04
-1.355155155155155100e+01 4.362523772754770099e-04 4.362523772754770099e-04
-1.357957957957957973e+01 4.246765195060977788e-04 4.246765195060977788e-04
-1.360760760760760846e+01 4.133668565527811494e-04 4.133668565527811494e-04
-1.363563563563563363e+01 4.023150659828301882e-04 4.023150659828301882e-04
-1.366366366366366236e+01 3.915130414250884744e-04 3.915130414250884744e-04
-1.369169169169169109e+01 3.809528861769450789e-04 3.809528861769450789e-04
-1.371971971971971982e+01 3.706269070448777229e-04 3.706269070448777229e-04
-1.374774774774774855e+01 3.605276084091151609e-04 3.605276084091151609e-04
-1.377577577577577728e+01 3.506476865033766530e-04 3.506476865033766530e-04
-1.380380380380380245e+01 3.409800239010561608e-04 3.409800239010561608e-04
-1.383183183183183118e+01 3.315176841995760956e-04 3.315176841995760956e-04
-1.385985985985985991e+01 3.222539068950206614e-04 3.222539068950206614e-04
-1.388788788788788864e+01 3.131821024394541744e-04 3.131821024394541744e-04
-1.391591591591591737e+01 3.042958474736948984e-04 3.042958474736948984e-04
-1.394394394394394254e+01 2.955888802286002438e-04 2.955888802286002438e-04
-1.397197197197197127e+01 2.870550960882120215e-04 2.870550960882120215e-04
-1.400000000000000000e+01 2.786885433084153188e-04 2.786885433084153188e-04
