1.400000000000000000e+01 1.805281866842430190e-04 1.805281866842430190e-04
1.397197197197197127e+01 1.848955124204812884e-04 1.848955124204812884e-04
1.394394394394394432e+01 1.893261725979419571e-04 1.893261725979419571e-04
1.391591591591591559e+01 1.938273698068683547e-04 1.938273698068683547e-04
1.388788788788788864e+01 1.984065002707329449e-04 1.984065002707329449e-04
1.385985985985985991e+01 2.030711598095854675e-04 2.030711598095854675e-04
1.383183183183183118e+01 2.078291499649588048e-04 2.078291499649588048e-04
1.380380380380380423e+01 2.126884842905340470e-04 2.126884842905340470e-04
1.377577577577577550e+01 2.176573948128695786e-04 2.176573948128695786e-04
1.374774774774774855e+01 2.227443386665999795e-04 2.227443386665999795e-04
1.371971971971971982e+01 2.279580049085858822e-04 2.279580049085858822e-04
1.369169169169169109e+01 2.333073215155547745e-04 2.333073215155547745e-04
1.366366366366366414e+01 2.388014625697966139e-04 2.388014625697966139e-04
1.363563563563563541e+01 2.444498556374821350e-04 2.444498556374821350e-04
1.360760760760760846e+01 2.502621893441318553e-04 2.502621893441318553e-04
1.357957957957957973e+01 2.562484211516914733e-04 2.562484211516914733e-04
1.355155155155155100e+01 2.624187853415533927e-04 2.624187853415533927e-04
1.352352352352352405e+01 2.687838012076875752e-04 2.687838012076875752e-04
1.349549549549549532e+01 2.753542814638272412e-04 2.753542814638272412e-04
1.346746746746746837e+01 2.821413408683555901e-04 2.821413408683555901e-04
1.343943943943943964e+01 2.891564050701872393e-04 2.891564050701872393e-04
1.341141141141141091e+01 2.964112196784850434e-04 2.964112196784850434e-04
1.338338338338338396e+01 3.039178595585364465e-04 3.039178595585364465e-04
1.335535535535535523e+01 3.116887383554642408e-04 3.116887383554642408e-04
1.332732732732732828e+01 3.197366182467154222e-04 3.197366182467154222e-04
1.329929929929929955e+01 3.280746199234075059e-04 3.280746199234075059e-04
1.327127127127127082e+01 3.367162327996021118e-04 3.367162327996021118e-04
1.324324324324324387e+01 3.456753254474332032e-04 3.456753254474332032e-04
1.321521521521521514e+01 3.549661562546944211e-04 3.549661562546944211e-04
1.318718718718718641e+01 3.646033842999940274e-04 3.646033842999940274e-04
1.315915915915915946e+01 3.746020804388830688e-04 3.746020804388830688e-04
1.313113113113113073e+01 3.849777385924565607e-04 3.849777385924565607e-04
1.310310310310310378e+01 3.957462872277393569e-04 3.957462872277393569e-04
1.307507507507507505e+01 4.069241010167917423e-04 4.069241010167917423e-04
1.304704704704704632e+01 4.185280126587159690e-04 4.185280126587159690e-04
1.301901901901901937e+01 4.305753068017507696e-04 4.305753068017507696e-04
1.299099099099099064e+01 4.430799821037302946e-04 4.430799821037302946e-04
1.296296296296296369e+01 4.560479882589762871e-04 4.560479882589762871e-04
1.293493493493493496e+01 4.694842634342844163e-04 4.694842634342844163e-04
1.290690690690690623e+01 4.833938470360499002e-04 4.833938470360499002e-04
1.287887887887887928e+01 4.977818843325049940e-04 4.977818843325049940e-04
1.285085085085085055e+01 5.126536309913756447e-04 5.126536309913756447e-04
1.282282282282282360e+01 5.280144575075702840e-04 5.280144575075702840e-04
1.279479479479479487e+01 5.438698534896085164e-04 5.438698534896085164e-04
1.276676676676676614e+01 5.602254317670004322e-04 5.602254317670004322e-04
1.273873873873873919e+01 5.770869322739505128e-04 5.770869322739505128e-04
1.271071071071071046e+01 5.944602256573732098e-04 5.944602256573732098e-04
1.268268268268268173e+01 6.123513165492864771e-04 6.123513165492864771e-04
1.265465465465465478e+01 6.307663464352682202e-04 6.307663464352682202e-04
1.262662662662662605e+01 6.497115960416213060e-04 6.497115960416213060e-04
1.259859859859859910e+01 6.691934871542828435e-04 6.691934871542828435e-04
1.257057057057057037e+01 6.892185837723470996e-04 6.892185837723470996e-04
1.254254254254254164e+01 7.097935924880599285e-04 7.097935924880599285e-04
1.251451451451451469e+01 7.309253619736577525e-04 7.309253619736577525e-04
1.248648648648648596e+01 7.526208814430255167e-04 7.526208814430255167e-04
1.245845845845845901e+01 7.748872779430281132e-04 7.748872779430281132e-04
1.243043043043043028e+01 7.977318123155476004e-04 7.977318123155476004e-04
1.240240240240240155e+01 8.211618736563837222e-04 8.211618736563837222e-04
1.237437437437437460e+01 8.451849720816940201e-04 8.451849720816940201e-04
1.234634634634634587e+01 8.698087295960409355e-04 8.698087295960409355e-04
1.231831831831831892e+01 8.950408688387395022e-04 8.950408688387395022e-04
1.229029029029029019e+01 9.208891994669049464e-04 9.208891994669049464e-04
1.226226226226226146e+01 9.473616019142561476e-04 9.473616019142561476e-04
1.223423423423423451e+01 9.744660082447305317e-04 9.744660082447305317e-04
1.220620620620620578e+01 1.002210574720175003e-03 1.002210574720175003e-03
1.217817817817817883e+01 1.030608885246322992e-03 1.030608885246322992e-03
1.215015015015015010e+01 1.059680815686948234e-03 1.059680815686948234e-03
1.212212212212212137e+01 1.089447149994864517e-03 1.089447149994864517e-03
1.209409409409409442e+01 1.119929333652590342e-03 1.119929333652590342e-03
1.206606606606606569e+01 1.151149524519171335e-03 1.151149524519171335e-03
1.203803803803803874e+01 1.183130642995044914e-03 1.183130642995044914e-03
1.201001001001001001e+01 1.215896421117767991e-03 1.215896421117767991e-03
1.198198198198198128e+01 1.249471450147844392e-03 1.249471450147844392e-03
1.195395395395395433e+01 1.283881226145747482e-03 1.283881226145747482e-03
1.192592592592592560e+01 1.319152192977732403e-03 1.319152192977732403e-03
1.189789789789789864e+01 1.355311782118938076e-03 1.355311782118938076e-03
1.186986986986986992e+01 1.392388448547263397e-03 1.392388448547263397e-03
1.184184184184184119e+01 1.430411701939732607e-03 1.430411701939732607e-03
1.181381381381381424e+01 1.469412132294542961e-03 1.469412132294542961e-03
1.178578578578578551e+01 1.509421429005721729e-03 1.509421429005721729e-03
1.175775775775775855e+01 1.550472392313178476e-03 1.550472392313178476e-03
1.172972972972972983e+01 1.592598935938394468e-03 1.592598935938394468e-03
1.170170170170170110e+01 1.635836079594400186e-03 1.635836079594400186e-03
1.167367367367367414e+01 1.680219929928231798e-03 1.680219929928231798e-03
1.164564564564564542e+01 1.725787648314067906e-03 1.725787648314067906e-03
1.161761761761761846e+01 1.772577403766033635e-03 1.772577403766033635e-03
1.158958958958958974e+01 1.820628309081559959e-03 1.820628309081559959e-03
1.156156156156156101e+01 1.869980338159404594e-03 1.869980338159404594e-03
1.153353353353353405e+01 1.920674222262502059e-03 1.920674222262502059e-03
1.150550550550550533e+01 1.972751322655921097e-03 1.972751322655921097e-03
1.147747747747747837e+01 2.026252263888753385e-03 2.026252263888753385e-03
1.144944944944944965e+01 2.081213873852976251e-03 2.081213873852976251e-03
1.142142142142142092e+01 2.137672485970863560e-03 2.137672485970863560e-03
1.139339339339339396e+01 2.195664990319289630e-03 2.195664990319289630e-03
1.136536536536536524e+01 2.255229019584812158e-03 2.255229019584812158e-03
1.133733733733733828e+01 2.316403141094427673e-03 2.316403141094427673e-03
1.130930930930930955e+01 2.379227053061212360e-03 2.379227053061212360e-03
1.128128128128128083e+01 2.443741782793385810e-03 2.443741782793385810e-03
1.125325325325325387e+01 2.509989884205122979e-03 2.509989884205122979e-03
1.122522522522522515e+01 2.578015631537254257e-03 2.578015631537254257e-03
1.119719719719719819e+01 2.647865205745598624e-03 2.647865205745598624e-03
1.116916916916916946e+01 2.719586869540724546e-03 2.719586869540724546e-03
1.114114114114114074e+01 2.793231126560266359e-03 2.793231126560266359e-03
1.111311311311311378e+01 2.868850859616883797e-03 2.868850859616883797e-03
1.108508508508508505e+01 2.946501442381577792e-03 2.946501442381577792e-03
1.105705705705705810e+01 3.026240818222321848e-03 3.026240818222321848e-03
1.102902902902902937e+01 3.108129539209096483e-03 3.108129539209096483e-03
1.100100100100100065e+01 3.192230757503047595e-03 3.192230757503047595e-03
1.097297297297297192e+01 3.278610160456089332e-03 3.278610160456089332e-03
1.094494494494494496e+01 3.367335839741667208e-03 3.367335839741667208e-03
1.091691691691691801e+01 3.458478083705647087e-03 3.458478083705647087e-03
1.088888888888888928e+01 3.552109080856979441e-03 3.552109080856979441e-03
1.086086086086086056e+01 3.648302311741675411e-03 3.648302311741675411e-03
1.083283283283283183e+01 3.747124960223870149e-03 3.747124960223870149e-03
1.080480480480480487e+01 3.848635000218107640e-03 3.848635000218107640e-03
1.077677677677677615e+01 3.952888824585542964e-03 3.952888824585542964e-03
1.074874874874874919e+01 4.059941847524875004e-03 4.059941847524875004e-03
1.072072072072072046e+01 4.169848637948767901e-03 4.169848637948767901e-03
1.069269269269269174e+01 4.282663094551538395e-03 4.282663094551538395e-03
1.066466466466466478e+01 4.398438661021542365e-03 4.398438661021542365e-03
1.063663663663663606e+01 4.517228579102421267e-03 4.517228579102421267e-03
1.060860860860860910e+01 4.639086176240370986e-03 4.639086176240370986e-03
1.058058058058058037e+01 4.764065183356926483e-03 4.764065183356926483e-03
1.055255255255255165e+01 4.892220076838453210e-03 4.892220076838453210e-03
1.052452452452452469e+01 5.023606437105055181e-03 5.023606437105055181e-03
1.049649649649649596e+01 5.158281314068972889e-03 5.158281314068972889e-03
1.046846846846846901e+01 5.296303587358888558e-03 5.296303587358888558e-03
1.044044044044044028e+01 5.437734306295178947e-03 5.437734306295178947e-03
1.041241241241241156e+01 5.582636991154674155e-03 5.582636991154674155e-03
1.038438438438438460e+01 5.731077873143551604e-03 5.731077873143551604e-03
1.035635635635635587e+01 5.883126045558128257e-03 5.883126045558128257e-03
1.032832832832832892e+01 6.038853492691792155e-03 6.038853492691792155e-03
1.030030030030030019e+01 6.198334972318498073e-03 6.198334972318498073e-03
1.027227227227227146e+01 6.361656326880628723e-03 6.361656326880628723e-03
1.024424424424424451e+01 6.528928330195728214e-03 6.528928330195728214e-03
1.021621621621621578e+01 6.700267383713496075e-03 6.700267383713496075e-03
1.018818818818818883e+01 6.875791704978956309e-03 6.875791704978956309e-03
1.016016016016016010e+01 7.055621331033348070e-03 7.055621331033348070e-03
1.013213213213213137e+01 7.239878210112297291e-03 7.239878210112297291e-03
1.010410410410410442e+01 7.428686378467094786e-03 7.428686378467094786e-03
1.007607607607607569e+01 7.622172214684250387e-03 7.622172214684250387e-03
1.004804804804804874e+01 7.820464758174050512e-03 7.820464758174050512e-03
1.002002002002002001e+01 8.023696071427059012e-03 8.023696071427059012e-03
9.991991991991991284e+00 8.232001617143150027e-03 8.232001617143150027e-03
9.963963963963964332e+00 8.445520611446785328e-03 8.445520611446785328e-03
9.935935935935935603e+00 8.664396303214709841e-03 8.664396303214709841e-03
9.907907907907908651e+00 8.888776117242995836e-03 8.888776117242995836e-03
9.879879879879879923e+00 9.118811585819792953e-03 9.118811585819792953e-03
9.851851851851851194e+00 9.354657979554686226e-03 9.354657979554686226e-03
9.823823823823824242e+00 9.596473534387700219e-03 9.596473534387700219e-03
9.795795795795795513e+00 9.844418157922047580e-03 9.844418157922047580e-03
9.767767767767768561e+00 1.009865118874226156e-02 1.009865118874226156e-02
9.739739739739739832e+00 1.035932575181857523e-02 1.035932575181857523e-02
9.711711711711711104e+00 1.062658464605946602e-02 1.062658464605946602e-02
9.683683683683684151e+00 1.090056006447604441e-02 1.090056006447604441e-02
9.655655655655655423e+00 1.118137376427065857e-02 1.118137376427065857e-02
9.627627627627628470e+00 1.146913748341073062e-02 1.146913748341073062e-02
9.599599599599599742e+00 1.176395355887220086e-02 1.176395355887220086e-02
9.571571571571571013e+00 1.206591568194677333e-02 1.206591568194677333e-02
9.543543543543542285e+00 1.237510970409084685e-02 1.237510970409084685e-02
9.515515515515515332e+00 1.269161438244601273e-02 1.269161438244601273e-02
9.487487487487488380e+00 1.301550192779167038e-02 1.301550192779167038e-02
9.459459459459459651e+00 1.334683818980727903e-02 1.334683818980727903e-02
9.431431431431430923e+00 1.368568228574117661e-02 1.368568228574117661e-02
9.403403403403402194e+00 1.403208544965622168e-02 1.403208544965622168e-02
9.375375375375375242e+00 1.438608885129653847e-02 1.438608885129653847e-02
9.347347347347348290e+00 1.474772010755072763e-02 1.474772010755072763e-02
9.319319319319319561e+00 1.511698601553431061e-02 1.511698601553431061e-02
9.291291291291290833e+00 1.549368278095614171e-02 1.549368278095614171e-02
9.263263263263262104e+00 1.587725046287525449e-02 1.587725046287525449e-02
9.235235235235235152e+00 1.626706446655695401e-02 1.626706446655695401e-02
9.207207207207208199e+00 1.666247402114809720e-02 1.666247402114809720e-02
9.179179179179179471e+00 1.706280927430787325e-02 1.706280927430787325e-02
9.151151151151150742e+00 1.746738906535935318e-02 1.746738906535935318e-02
9.123123123123122014e+00 1.787552888719114511e-02 1.787552888719114511e-02
9.095095095095095061e+00 1.828654845182461561e-02 1.828654845182461561e-02
9.067067067067068109e+00 1.869977819938298605e-02 1.869977819938298605e-02
9.039039039039039380e+00 1.911456404033544734e-02 1.911456404033544734e-02
9.011011011011010652e+00 1.953026959888360878e-02 1.953026959888360878e-02
8.982982982982981923e+00 1.994627523096854232e-02 1.994627523096854232e-02
8.954954954954954971e+00 2.036197312118300656e-02 2.036197312118300656e-02
8.926926926926928019e+00 2.077675781560234594e-02 2.077675781560234594e-02
8.898898898898899290e+00 2.119001388353348656e-02 2.119001388353348656e-02
8.870870870870870561e+00 2.160154326044162049e-02 2.160154326044162049e-02
8.842842842842841833e+00 2.201209749606849314e-02 2.201209749606849314e-02
8.814814814814814881e+00 2.242253756017532906e-02 2.242253756017532906e-02
8.786786786786787928e+00 2.283371717634830739e-02 2.283371717634830739e-02
8.758758758758759200e+00 2.324649847194111899e-02 2.324649847194111899e-02
8.730730730730730471e+00 2.366176810060944061e-02 2.366176810060944061e-02
8.702702702702701743e+00 2.408045239894820305e-02 2.408045239894820305e-02
8.674674674674674790e+00 2.450353010698642919e-02 2.450353010698642919e-02
8.646646646646647838e+00 2.493204119567815277e-02 2.493204119567815277e-02
8.618618618618619109e+00 2.536709040181636676e-02 2.536709040181636676e-02
8.590590590590590381e+00 2.580984415896295237e-02 2.580984415896295237e-02
8.562562562562561652e+00 2.626151970946498035e-02 2.626151970946498035e-02
8.534534534534534700e+00 2.672336526068211371e-02 2.672336526068211371e-02
8.506506506506507748e+00 2.719660287318299841e-02 2.719660287318299841e-02
8.478478478478479019e+00 2.768144099972802072e-02 2.768144099972802072e-02
8.450450450450450290e+00 2.817676693532295343e-02 2.817676693532295343e-02
8.422422422422421562e+00 2.868126804765355753e-02 2.868126804765355753e-02
8.394394394394394610e+00 2.919353311662870390e-02 2.919353311662870390e-02
8.366366366366367657e+00 2.971207909321753327e-02 2.971207909321753327e-02
8.338338338338338929e+00 3.023537537649594042e-02 3.023537537649594042e-02
8.310310310310310200e+00 3.076186284427224332e-02 3.076186284427224332e-02
8.282282282282281471e+00 3.128996501954343229e-02 3.128996501954343229e-02
8.254254254254254519e+00 3.181808905250950448e-02 3.181808905250950448e-02
8.226226226226227567e+00 3.234461459525378446e-02 3.234461459525378446e-02
8.198198198198198838e+00 3.286786907225628523e-02 3.286786907225628523e-02
8.170170170170170110e+00 3.338608823978084228e-02 3.338608823978084228e-02
8.142142142142141381e+00 3.389739435206088475e-02 3.389739435206088475e-02
8.114114114114114429e+00 3.440001391136458808e-02 3.440001391136458808e-02
8.086086086086085700e+00 3.489223075401490237e-02 3.489223075401490237e-02
8.058058058058058748e+00 3.537234809798164153e-02 3.537234809798164153e-02
8.030030030030030019e+00 3.583877358891736364e-02 3.583877358891736364e-02
8.002002002002001291e+00 3.629009597814960436e-02 3.629009597814960436e-02
7.973973973973974338e+00 3.672514613774403858e-02 3.672514613774403858e-02
7.945945945945945610e+00 3.714303675256266229e-02 3.714303675256266229e-02
7.917917917917917769e+00 3.754317606394918377e-02 3.754317606394918377e-02
7.889889889889889929e+00 3.792525238870626120e-02 3.792525238870626120e-02
7.861861861861862089e+00 3.828918763785951751e-02 3.828918763785951751e-02
7.833833833833834248e+00 3.863505972744395861e-02 3.863505972744395861e-02
7.805805805805805520e+00 3.896324958639048319e-02 3.896324958639048319e-02
7.777777777777777679e+00 3.927480784519796209e-02 3.927480784519796209e-02
7.749749749749749839e+00 3.957080326149514660e-02 3.957080326149514660e-02
7.721721721721721998e+00 3.985225455428396263e-02 3.985225455428396263e-02
7.693693693693694158e+00 4.012019995073694972e-02 4.012019995073694972e-02
7.665665665665665429e+00 4.037574866804385931e-02 4.037574866804385931e-02
7.637637637637637589e+00 4.062010843049874975e-02 4.062010843049874975e-02
7.609609609609609748e+00 4.085458482397755914e-02 4.085458482397755914e-02
7.581581581581581908e+00 4.108055020279871572e-02 4.108055020279871572e-02
7.553553553553553179e+00 4.129938152171935828e-02 4.129938152171935828e-02
7.525525525525525339e+00 4.151235141400172468e-02 4.151235141400172468e-02
7.497497497497497498e+00 4.171952965537658459e-02 4.171952965537658459e-02
7.469469469469469658e+00 4.191924457488842987e-02 4.191924457488842987e-02
7.441441441441441818e+00 4.210970625218960622e-02 4.210970625218960622e-02
7.413413413413413089e+00 4.228927496060216201e-02 4.228927496060216201e-02
7.385385385385385248e+00 4.245654944623699495e-02 4.245654944623699495e-02
7.357357357357357408e+00 4.261040967157543602e-02 4.261040967157543602e-02
7.329329329329329568e+00 4.275000825802746651e-02 4.275000825802746651e-02
7.301301301301301727e+00 4.287470820601816529e-02 4.287470820601816529e-02
7.273273273273272999e+00 4.298396818839606004e-02 4.298396818839606004e-02
7.245245245245245158e+00 4.307719809261140870e-02 4.307719809261140870e-02
7.217217217217217318e+00 4.315458089691835697e-02 4.315458089691835697e-02
7.189189189189189477e+00 4.321757339835870931e-02 4.321757339835870931e-02
7.161161161161161637e+00 4.326767043557302322e-02 4.326767043557302322e-02
7.133133133133132908e+00 4.330647752321353100e-02 4.330647752321353100e-02
7.105105105105105068e+00 4.333583490795349380e-02 4.333583490795349380e-02
7.077077077077077227e+00 4.335785478802101772e-02 4.335785478802101772e-02
7.049049049049049387e+00 4.337487257438459032e-02 4.337487257438459032e-02
7.021021021021020658e+00 4.338931614471060183e-02 4.338931614471060183e-02
6.992992992992992818e+00 4.340349723899708523e-02 4.340349723899708523e-02
6.964964964964964977e+00 4.341795648181628192e-02 4.341795648181628192e-02
6.936936936936937137e+00 4.342813935432009165e-02 4.342813935432009165e-02
6.908908908908909297e+00 4.342852778812957004e-02 4.342852778812957004e-02
6.880880880880880568e+00 4.341396641846336640e-02 4.341396641846336640e-02
6.852852852852852727e+00 4.337990287465533223e-02 4.337990287465533223e-02
6.824824824824824887e+00 4.332253528860109670e-02 4.332253528860109670e-02
6.796796796796797047e+00 4.323884128526428450e-02 4.323884128526428450e-02
6.768768768768769206e+00 4.312647337595505725e-02 4.312647337595505725e-02
6.740740740740740478e+00 4.298364516760967702e-02 4.298364516760967702e-02
6.712712712712712637e+00 4.281326706815725275e-02 4.281326706815725275e-02
6.684684684684684797e+00 4.262371600590757897e-02 4.262371600590757897e-02
6.656656656656656956e+00 4.242315165121416515e-02 4.242315165121416515e-02
6.628628628628629116e+00 4.221931790577400367e-02 4.221931790577400367e-02
6.600600600600600387e+00 4.201966021288037340e-02 4.201966021288037340e-02
6.572572572572572547e+00 4.183136677658564478e-02 4.183136677658564478e-02
6.544544544544544706e+00 4.166135322732083396e-02 4.166135322732083396e-02
6.516516516516516866e+00 4.151608299977167793e-02 4.151608299977167793e-02
6.488488488488488137e+00 4.139422129715757820e-02 4.139422129715757820e-02
6.460460460460460297e+00 4.128254789970828287e-02 4.128254789970828287e-02
6.432432432432432456e+00 4.116737847071204326e-02 4.116737847071204326e-02
6.404404404404404616e+00 4.103589045632464322e-02 4.103589045632464322e-02
6.376376376376376776e+00 4.087635311390420967e-02 4.087635311390420967e-02
6.348348348348348047e+00 4.067830794870599259e-02 4.067830794870599259e-02
6.320320320320320207e+00 4.043261624600558851e-02 4.043261624600558851e-02
6.292292292292292366e+00 4.013314116462241010e-02 4.013314116462241010e-02
6.264264264264264526e+00 3.979019838211686477e-02 3.979019838211686477e-02
6.236236236236236685e+00 3.942100745411077772e-02 3.942100745411077772e-02
6.208208208208207957e+00 3.904105626435384890e-02 3.904105626435384890e-02
6.180180180180180116e+00 3.866438362182341576e-02 3.866438362182341576e-02
6.152152152152152276e+00 3.830398132970615904e-02 3.830398132970615904e-02
6.124124124124124435e+00 3.797213066514520258e-02 3.797213066514520258e-02
6.096096096096096595e+00 3.767955626009610037e-02 3.767955626009610037e-02
6.068068068068067866e+00 3.742311091176241111e-02 3.742311091176241111e-02
6.040040040040040026e+00 3.719070143099428849e-02 3.719070143099428849e-02
6.012012012012012185e+00 3.697069843748884005e-02 3.697069843748884005e-02
5.983983983983984345e+00 3.675204026419789244e-02 3.675204026419789244e-02
5.955955955955955616e+00 3.652417878211308699e-02 3.652417878211308699e-02
5.927927927927928664e+00 3.627703776365546334e-02 3.627703776365546334e-02
5.899899899899899935e+00 3.600360516060836791e-02 3.600360516060836791e-02
5.871871871871871207e+00 3.570925128740156523e-02 3.570925128740156523e-02
5.843843843843844255e+00 3.540330508328950326e-02 3.540330508328950326e-02
5.815815815815815526e+00 3.509514595129838155e-02 3.509514595129838155e-02
5.787787787787788574e+00 3.479323624990431768e-02 3.479323624990431768e-02
5.759759759759759845e+00 3.450397024685019493e-02 3.450397024685019493e-02
5.731731731731731116e+00 3.422991112867530134e-02 3.422991112867530134e-02
5.703703703703704164e+00 3.396398738408649975e-02 3.396398738408649975e-02
5.675675675675675436e+00 3.369734209988404366e-02 3.369734209988404366e-02
5.647647647647648483e+00 3.342551655994095011e-02 3.342551655994095011e-02
5.619619619619619755e+00 3.314685577611280187e-02 3.314685577611279493e-02
5.591591591591591026e+00 3.286042334475070686e-02 3.286042334475070686e-02
5.563563563563564074e+00 3.256453830614894351e-02 3.256453830614894351e-02
5.535535535535535345e+00 3.225913923243422382e-02 3.225913923243421688e-02
5.507507507507508393e+00 3.194636417460674366e-02 3.194636417460673672e-02
5.479479479479479664e+00 3.163010972399212667e-02 3.163010972399209197e-02
5.451451451451450936e+00 3.131655514403131751e-02 3.131655514403124119e-02
5.423423423423423984e+00 3.101371353957810620e-02 3.101371353957794660e-02
5.395395395395395255e+00 3.072422758694678263e-02 3.072422758694645303e-02
5.367367367367368303e+00 3.043599755228028683e-02 3.043599755227959641e-02
5.339339339339339574e+00 3.013542808139984056e-02 3.013542808139843196e-02
5.311311311311310845e+00 2.981148340497121949e-02 2.981148340496836760e-02
5.283283283283283893e+00 2.945545579949706769e-02 2.945545579949134310e-02
5.255255255255255165e+00 2.906420407974435322e-02 2.906420407973295955e-02
5.227227227227226436e+00 2.866165235578399528e-02 2.866165235576150980e-02
5.199199199199199484e+00 2.827776782122138483e-02 2.827776782117740612e-02
5.171171171171170755e+00 2.792864808475982105e-02 2.792864808467451776e-02
5.143143143143143803e+00 2.761405468854189957e-02 2.761405468837788840e-02
5.115115115115115074e+00 2.732460933839560985e-02 2.732460933808299186e-02
5.087087087087086346e+00 2.705354942045980204e-02 2.705354941986906972e-02
5.059059059059059393e+00 2.680465065831986668e-02 2.680465065721323106e-02
5.031031031031030665e+00 2.658344874753727077e-02 2.658344874548203285e-02
5.003003003003003712e+00 2.638764085955359537e-02 2.638764085576951121e-02
4.974974974974974984e+00 2.620332081333540813e-02 2.620332080642819028e-02
4.946946946946946255e+00 2.601348659545538525e-02 2.601348658295590463e-02
4.918918918918919303e+00 2.580934313878315359e-02 2.580934311635822015e-02
4.890890890890890574e+00 2.558791758750122297e-02 2.558791754761500017e-02
4.862862862862863622e+00 2.534310270438394630e-02 2.534310263404906602e-02
4.834834834834834894e+00 2.507165355321046285e-02 2.507165343024644541e-02
4.806806806806806165e+00 2.478708017890865131e-02 2.478707996577673295e-02
4.778778778778779213e+00 2.451452264317045826e-02 2.451452227691339539e-02
4.750750750750750484e+00 2.428610690946243419e-02 2.428610628544771236e-02
4.722722722722723532e+00 2.411982673332608434e-02 2.411982567923165802e-02
4.694694694694694803e+00 2.399743484756978323e-02 2.399743308216244556e-02
4.666666666666666075e+00 2.390666669601442668e-02 2.390666376447130384e-02
4.638638638638639122e+00 2.385100613753011675e-02 2.385100131095367962e-02
4.610610610610610394e+00 2.383368765211423337e-02 2.383367977295959561e-02
4.582582582582583441e+00 2.383825415829456812e-02 2.383824140495238372e-02
4.554554554554554713e+00 2.384758512150545948e-02 2.384756465332567299e-02
4.526526526526525984e+00 2.385686020150814754e-02 2.385682762889452732e-02
4.498498498498499032e+00 2.386836031827775650e-02 2.386830891959012407e-02
4.470470470470470303e+00 2.388122468466182674e-02 2.388114426061931778e-02
4.442442442442443351e+00 2.388932738676616263e-02 2.388920260153161793e-02
4.414414414414414622e+00 2.387390107842955744e-02 2.387370908183344270e-02
4.386386386386385894e+00 2.381941024621846495e-02 2.381911730051509274e-02
4.358358358358358942e+00 2.376102649241619222e-02 2.376058323609379561e-02
4.330330330330330213e+00 2.376141230932520346e-02 2.376074717616653148e-02
4.302302302302303261e+00 2.389131330436479114e-02 2.389032347456402500e-02
4.274274274274274532e+00 2.413723523979720981e-02 2.413577432822988991e-02
4.246246246246245803e+00 2.441250591574341960e-02 2.441036739799868488e-02
4.218218218218218851e+00 2.461890786890663305e-02 2.461580300730852391e-02
4.190190190190190123e+00 2.469595488886377685e-02 2.469148364930907891e-02
4.162162162162161394e+00 2.470341079679944790e-02 2.469702394643400953e-02
4.134134134134134442e+00 2.473639073753656006e-02 2.472734099019631079e-02
4.106106106106105713e+00 2.489490577632470780e-02 2.488218551865214317e-02
4.078078078078078761e+00 2.517945240316976641e-02 2.516171520564487729e-02
4.050050050050050032e+00 2.553952688044636501e-02 2.551498969582599932e-02
4.022022022022021304e+00 2.591121995229757335e-02 2.587754265614651897e-02
3.993993993993994351e+00 2.626237388818767476e-02 2.621651265440030562e-02
3.965965965965965623e+00 2.659779111115629160e-02 2.653582207591326930e-02
3.937937937937938671e+00 2.693405782966563911e-02 2.685096761916463265e-02
3.909909909909909942e+00 2.728688204416822652e-02 2.717632206430516464e-02
3.881881881881881213e+00 2.767231816451141621e-02 2.752632011187748640e-02
3.853853853853854261e+00 2.811432905689005210e-02 2.792297994192015700e-02
3.825825825825825532e+00 2.861200141017821233e-02 2.836307750784907225e-02
3.797797797797798580e+00 2.914727501842591037e-02 2.882583558947821728e-02
3.769769769769769852e+00 2.971058836878520334e-02 2.929853171847759952e-02
3.741741741741741123e+00 3.029917104219272822e-02 2.977475747797187627e-02
3.713713713713714171e+00 3.090605055639510101e-02 3.024339902266882582e-02
3.685685685685685442e+00 3.153097506387760735e-02 3.069954260051292044e-02
3.657657657657658490e+00 3.087623678796554486e-02 3.116384102865943709e-02
3.629629629629629761e+00 3.153094517317206469e-02 3.166765110288602414e-02
3.601601601601601033e+00 3.229619282821923759e-02 3.223262597483244479e-02
3.573573573573574080e+00 3.317469079329339599e-02 3.286763218405854003e-02
3.545545545545545352e+00 3.415935636936229258e-02 3.356952275063394137e-02
3.517517517517518399e+00 3.522105683272434146e-02 3.429790837138412679e-02
3.489489489489489671e+00 3.632446612756012189e-02 3.499842598516966080e-02
3.461461461461460942e+00 3.747637542120368925e-02 3.566076873255207697e-02
3.433433433433433990e+00 3.592810148848734481e-02 3.631979314417571603e-02
3.405405405405405261e+00 3.714617536070073667e-02 3.700965907048273107e-02
3.377377377377378309e+00 3.697015457975021124e-02 3.774350863046092852e-02
3.349349349349349581e+00 3.841817358309045777e-02 3.853038271078369770e-02
3.321321321321320852e+00 3.844091518892904513e-02 3.937697178464578951e-02
3.293293293293293900e+00 4.008260852317953316e-02 4.029584305276726758e-02
3.265265265265265171e+00 4.186076129283421848e-02 4.129900595448578182e-02
3.237237237237238219e+00 4.223802853946252711e-02 4.237543783215159260e-02
3.209209209209209490e+00 4.430311677831690748e-02 4.348671083940137266e-02
3.181181181181180762e+00 4.650519556787836850e-02 4.460666262585035596e-02
3.153153153153153809e+00 4.882540583113186700e-02 4.575427635263902559e-02
3.125125125125125081e+00 4.879360069481607221e-02 4.695620970738940969e-02
3.097097097097096352e+00 5.114510245340352090e-02 4.819209650260438543e-02
3.069069069069069400e+00 5.359928689807656743e-02 4.942479600168171033e-02
3.041041041041040671e+00 5.615178929486124709e-02 5.071536117913538755e-02
3.013013013013013719e+00 5.824778504273100260e-02 5.211475034453950939e-02
2.984984984984984990e+00 5.839833325999385649e-02 5.352448858030275231e-02
2.956956956956956262e+00 6.096945946806678340e-02 5.491929706573245307e-02
2.928928928928929309e+00 6.361024040111368238e-02 5.632653819748428131e-02
2.900900900900900581e+00 6.497351330629812238e-02 5.772059740270180095e-02
2.872872872872873629e+00 6.772952633729137362e-02 5.930543086087553678e-02
2.844844844844844900e+00 7.055769632285717463e-02 6.111420509348447494e-02
2.816816816816816171e+00 7.077970628776512896e-02 6.280926653213043942e-02
2.788788788788789219e+00 7.351114597902860814e-02 6.440527841609364201e-02
2.760760760760760490e+00 7.632958177151642765e-02 6.614788544005135995e-02
2.732732732732733538e+00 7.667280740961940344e-02 6.813401555446463309e-02
2.704704704704704810e+00 7.955613478259337956e-02 7.044348423969823414e-02
2.676676676676676081e+00 8.121329151881663544e-02 7.312249344355778446e-02
2.648648648648649129e+00 8.402992724451822937e-02 7.607419018051170267e-02
2.620620620620620400e+00 8.689124932394061418e-02 7.959387681680657467e-02
2.592592592592593448e+00 8.994772400207878826e-02 8.378421777541075754e-02
2.564564564564564719e+00 9.303061576515787856e-02 8.805044604541627240e-02
2.536536536536535991e+00 9.636752939576631594e-02 9.113646761447211087e-02
2.508508508508509038e+00 9.987007696720999472e-02 9.439029343976930442e-02
2.480480480480480310e+00 1.035427608975037911e-01 9.818320802796090541e-02
2.452452452452453358e+00 1.086662186229851168e-01 9.784061313017258787e-02
2.424424424424424629e+00 1.121141545050991367e-01 9.884557233722306158e-02
2.396396396396395900e+00 1.181181210493930378e-01 1.019100307441850178e-01
2.368368368368368948e+00 1.209437255659358418e-01 1.044800656967263125e-01
2.340340340340340219e+00 1.227173466895415260e-01 1.070385860370525744e-01
2.312312312312313267e+00 1.271182596298303935e-01 1.087958663227302641e-01
2.284284284284284539e+00 1.333202891432530290e-01 1.146407694871891120e-01
2.256256256256255810e+00 1.413997938797217635e-01 1.256876932466379493e-01
2.228228228228228858e+00 1.409137250689188325e-01 1.326880007609283207e-01
2.200200200200200129e+00 1.462168933384669633e-01 1.366045183191263446e-01
2.172172172172171400e+00 1.485136817011577237e-01 1.452673585635180509e-01
2.144144144144144448e+00 1.485957089033791423e-01 1.747306732380025929e-01
2.116116116116115720e+00 1.534791110616162968e-01 2.050122020212021556e-01
2.088088088088088767e+00 1.575349726836759168e-01 2.071569459853049300e-01
2.060060060060060039e+00 1.634828320454408679e-01 2.298014307563285841e-01
2.032032032032031310e+00 1.666832609274841726e-01 2.231082766397113337e-01
2.004004004004004358e+00 1.762491728534195390e-01 2.070389059802070775e-01
1.975975975975975629e+00 1.876482656943740668e-01 1.810948037863077398e-01
1.947947947947948677e+00 1.923432640359113155e-01 1.572198473443773004e-01
1.919919919919919948e+00 1.932813978090479334e-01 1.345499752829051876e-01
1.891891891891891220e+00 1.973810304289504158e-01 1.177566284741335401e-01
1.863863863863864268e+00 2.012571640128369144e-01 1.117797748846521555e-01
1.835835835835835539e+00 1.996734045356789999e-01 1.180974084663790336e-01
1.807807807807808587e+00 1.886988702910192550e-01 1.357410469817351695e-01
1.779779779779779858e+00 1.871681189148550473e-01 1.915418456488650889e-01
1.751751751751751129e+00 1.900280829798854654e-01 3.843486973104741633e-01
1.723723723723724177e+00 1.879771849569564501e-01 2.576570655415460487e-01
1.695695695695695449e+00 1.846774672665180694e-01 2.552254292037969829e-01
1.667667667667668496e+00 1.822796544183417911e-01 2.999365489436069954e-01
1.639639639639639768e+00 1.852528042696370558e-01 2.920426359990505594e-01
1.611611611611611039e+00 1.878694217399858868e-01 3.291190741564527511e-01
1.583583583583584087e+00 1.873412111717358552e-01 3.295031930540688880e-01
1.555555555555555358e+00 1.739951884077938216e-01 3.174471054825696026e-01
1.527527527527528406e+00 1.651090836479322255e-01 4.283238325961576387e-01
1.499499499499499677e+00 1.684797469707994821e-01 7.555954737613531647e-01
1.471471471471470949e+00 1.656444835784069980e-01 1.435936955833737871e-01
1.443443443443443996e+00 1.821295838541703294e-01 8.285840152887935517e-02
1.415415415415415268e+00 1.706852584196470735e-01 6.814844466296396397e-02
1.387387387387388316e+00 1.580750389125638866e-01 6.149801173273446858e-02
1.359359359359359587e+00 1.475729942521019633e-01 5.747900973556824278e-02
1.331331331331330858e+00 1.377633746213813848e-01 5.510053375951962790e-02
1.303303303303303906e+00 1.301395597829850537e-01 5.488685519028443927e-02
1.275275275275275177e+00 1.202193834404175626e-01 5.200562764582275510e-02
1.247247247247248225e+00 1.118107337600891815e-01 5.103138903457319492e-02
1.219219219219219497e+00 1.010827013018383846e-01 4.684861324625535367e-02
1.191191191191190768e+00 8.981874632633526923e-02 4.202215840480995335e-02
1.163163163163163816e+00 7.797544848913999516e-02 3.603996484320010074e-02
1.135135135135135087e+00 6.701951886074471176e-02 3.031027394320682730e-02
1.107107107107106359e+00 5.698555791499544665e-02 2.521686282608853052e-02
1.079079079079079406e+00 4.873093049122025067e-02 2.148630325545438854e-02
1.051051051051050678e+00 4.065849749877629982e-02 1.753431297917878301e-02
1.023023023023023725e+00 3.445455102435947270e-02 1.452386956349667642e-02
9.949949949949949968e-01 2.900995980869398860e-02 1.231190717989548086e-02
9.669669669669662682e-01 2.428873139922981678e-02 1.042643164553392482e-02
9.389389389389393159e-01 1.999140470859487109e-02 8.610491643285148738e-03
9.109109109109105873e-01 1.694808071388609338e-02 7.640527387800799541e-03
8.828828828828836350e-01 1.426307375833896218e-02 6.496810062688626423e-03
8.548548548548549064e-01 1.159945755124532421e-02 5.352897649508824018e-03
8.268268268268261778e-01 9.888480934966338565e-03 4.904849609854137864e-03
7.987987987987992256e-01 8.318545454351429849e-03 4.374733334835090651e-03
7.707707707707704969e-01 7.065385091892201729e-03 3.969807978574628124e-03
7.427427427427435447e-01 6.021626790343194945e-03 3.611651712946032950e-03
7.147147147147148161e-01 5.218845453879857911e-03 3.357958581620045825e-03
6.866866866866860875e-01 4.680759277174603196e-03 3.255626314540245592e-03
6.586586586586591352e-01 4.225483673255710226e-03 3.143026424854377960e-03
6.306306306306304066e-01 3.914435864106499859e-03 3.099021303162967800e-03
6.026026026026034543e-01 3.723917490962496118e-03 3.114729562274818394e-03
5.745745745745747257e-01 3.596303898611407420e-03 3.144944631314352135e-03
5.465465465465459971e-01 3.552802435730136304e-03 3.221148507606513313e-03
5.185185185185190448e-01 3.463750872453136460e-03 3.222074943757805964e-03
4.904904904904903162e-01 3.432356342684581788e-03 3.257709329664558364e-03
4.624624624624633640e-01 3.343369121864498208e-03 3.218209926214390428e-03
4.344344344344346354e-01 3.341562813186911216e-03 3.252615507740094260e-03
4.064064064064059068e-01 3.261359991878824000e-03 3.198674624606704341e-03
3.783783783783789545e-01 3.206613249930620989e-03 3.162804762394499057e-03
3.503503503503502259e-01 3.108980335280278704e-03 3.078620094612317341e-03
3.223223223223232736e-01 2.951856448430188913e-03 2.930992096423798519e-03
2.942942942942945450e-01 2.889043171733041843e-03 2.874824491522316554e-03
2.662662662662658164e-01 2.653722349477883984e-03 2.644113299849592657e-03
2.382382382382388641e-01 2.468244043266210573e-03 2.461803745389059758e-03
2.102102102102101355e-01 2.246397544045343735e-03 2.242115626584858905e-03
1.821821821821831833e-01 1.966525920488683323e-03 1.963700099079648646e-03
1.541541541541544547e-01 1.556548118587293026e-03 1.554694118019551291e-03
1.261261261261257260e-01 9.976164806089992104e-04 9.964023568588044073e-04
9.809809809809877379e-02 7.325679879642644837e-04 7.317665563930498109e-04
7.007007007007004518e-02 6.865667703927004787e-04 6.860212006247188611e-04
4.204204204204131656e-02 6.636965108429932012e-04 6.632952251264565913e-04
1.401401401401436431e-02 6.464893350837394928e-04 6.461471684440241560e-04
-1.401401401401436431e-02 6.332377262461945117e-04 6.328808975552384104e-04
-4.204204204204131656e-02 6.286036723493333657e-04 6.281564970112089299e-04
-7.007007007007004518e-02 6.261285121198422940e-04 6.254999757403610769e-04
-9.809809809809877379e-02 6.465060679263584737e-04 6.455743858422642763e-04
-1.261261261261257260e-01 8.957123896015688940e-04 8.943055020403960957e-04
-1.541541541541544547e-01 1.481220347510378435e-03 1.479089939928118031e-03
-1.821821821821814069e-01 1.888879200434077097e-03 1.885665282552542905e-03
-2.102102102102101355e-01 2.202555414387669282e-03 2.197737724427728263e-03
-2.382382382382388641e-01 2.403016116553181609e-03 2.395847621944823761e-03
-2.662662662662658164e-01 2.594077714075897559e-03 2.583494240865105186e-03
-2.942942942942945450e-01 2.799367650390202286e-03 2.783866181173230789e-03
-3.223223223223214973e-01 2.929344389263909693e-03 2.906820826293498097e-03
-3.503503503503502259e-01 3.018425000045358176e-03 2.985960217742035950e-03
-3.783783783783789545e-01 3.132339131831559167e-03 3.085919989951997448e-03
-4.064064064064059068e-01 3.182185895890487799e-03 3.116345635477861704e-03
-4.344344344344346354e-01 3.231878175475462380e-03 3.139238403317732868e-03
-4.624624624624615876e-01 3.323746594845284393e-03 3.194441059547799104e-03
-4.904904904904903162e-01 3.292627632829675608e-03 3.113586445510219212e-03
-5.185185185185190448e-01 3.295677408335715396e-03 3.049749561553314735e-03
-5.465465465465459971e-01 3.464952817496376458e-03 3.129845161185013276e-03
-5.745745745745747257e-01 3.377145690284862056e-03 2.924158331642647424e-03
-6.026026026026016780e-01 3.508859920897924346e-03 2.901401749453309808e-03
-6.306306306306304066e-01 3.851037012764946081e-03 3.042911129788896784e-03
-6.586586586586591352e-01 3.985269776431738832e-03 2.918727401007193464e-03
-6.866866866866860875e-01 4.553583703919181561e-03 3.157156911444987130e-03
-7.147147147147148161e-01 4.787994330112587717e-03 2.974132873672281647e-03
-7.427427427427417683e-01 5.827629990562491376e-03 3.490185366439717361e-03
-7.707707707707704969e-01 6.807317385142824979e-03 3.818937860262478119e-03
-7.987987987987992256e-01 7.537781566806756386e-03 4.117078485239890513e-03
-8.268268268268261778e-01 9.172951461528187564e-03 4.888956815053067430e-03
-8.548548548548549064e-01 1.053030693551017249e-02 5.167333988546833450e-03
-8.828828828828836350e-01 1.305082742003763757e-02 6.490124833307202648e-03
-9.109109109109105873e-01 1.552154753097052808e-02 7.294283242055592080e-03
-9.389389389389393159e-01 1.894516126340181628e-02 9.330251198902633422e-03
-9.669669669669662682e-01 2.151988391996296698e-02 9.986013434064841543e-03
-9.949949949949949968e-01 2.663613497308180492e-02 1.214625068861360790e-02
-1.023023023023023725e+00 3.156311703229801313e-02 1.481415960630673781e-02
-1.051051051051050678e+00 3.681074474156981191e-02 1.823631587136716192e-02
-1.079079079079079406e+00 4.658975133651632738e-02 2.360616657172080399e-02
-1.107107107107106359e+00 5.491785984346372884e-02 2.734800717854694863e-02
-1.135135135135135087e+00 6.500257449970339718e-02 3.226352022012764220e-02
-1.163163163163163816e+00 7.823650131769531446e-02 4.174225104672465297e-02
-1.191191191191190768e+00 8.639102220505048835e-02 4.513268650002758703e-02
-1.219219219219219497e+00 9.435154062315641299e-02 4.662463758575031980e-02
-1.247247247247246449e+00 1.114703633015060036e-01 5.780084092342481494e-02
-1.275275275275275177e+00 1.191777791898882971e-01 5.690331316867808242e-02
-1.303303303303303906e+00 1.256012073926447981e-01 5.550154147455740872e-02
-1.331331331331330858e+00 1.326283357610305025e-01 5.620687350308611885e-02
-1.359359359359359587e+00 1.443530325898133848e-01 6.015021106460489292e-02
-1.387387387387386539e+00 1.508016689960690604e-01 6.024823480012220234e-02
-1.415415415415415268e+00 1.596765465428193753e-01 6.414762052691914962e-02
-1.443443443443443996e+00 1.678151330802010455e-01 6.854127794075996760e-02
-1.471471471471470949e+00 1.378421927528055424e-01 1.054225061231983257e-01
-1.499499499499499677e+00 1.539993935259072744e-01 4.100527739998839349e-01
-1.527527527527526630e+00 1.609735360206410171e-01 5.612260794078415271e-01
-1.555555555555555358e+00 1.689298863174502618e-01 4.017772119995572377e-01
-1.583583583583584087e+00 1.881567602424588093e-01 3.038080409341211152e-01
-1.611611611611611039e+00 1.882230889655246986e-01 2.998208733559130090e-01
-1.639639639639639768e+00 2.005509342126228500e-01 2.902817596564410407e-01
-1.667667667667666720e+00 1.935263421970874198e-01 3.174700395145843013e-01
-1.695695695695695449e+00 1.950552470203512356e-01 2.733114903465410639e-01
-1.723723723723724177e+00 2.037397528509768685e-01 2.193289376055148898e-01
-1.751751751751751129e+00 1.984767825797472962e-01 2.050357561496836400e-01
-1.779779779779779858e+00 1.957462856036599474e-01 2.028474119620325145e-01
-1.807807807807806810e+00 1.975843885590177207e-01 2.026264946713458581e-01
-1.835835835835835539e+00 2.051251631254506214e-01 1.658678051306872181e-01
-1.863863863863864268e+00 2.006594673370938053e-01 1.424819505238857364e-01
-1.891891891891891220e+00 1.988631408357714181e-01 1.491781495620042308e-01
-1.919919919919919948e+00 1.965067493683546052e-01 1.722921634375139954e-01
-1.947947947947948677e+00 1.917716417549212293e-01 1.918302384149705164e-01
-1.975975975975975629e+00 1.840334043866826419e-01 1.960703994401467587e-01
-2.004004004004002581e+00 1.790813666218922795e-01 2.158889610502659762e-01
-2.032032032032031310e+00 1.678760365908371632e-01 2.030925801054085933e-01
-2.060060060060060039e+00 1.659157380079180344e-01 1.854597000625748116e-01
-2.088088088088088767e+00 1.611394318221825162e-01 1.726421688574444890e-01
-2.116116116116117496e+00 1.604948169880232312e-01 1.874007113435220973e-01
-2.144144144144142672e+00 1.577311413669155171e-01 1.884019709840560330e-01
-2.172172172172171400e+00 1.544086615861431089e-01 1.884097406735845415e-01
-2.200200200200200129e+00 1.533029629282026685e-01 1.934708273720128213e-01
-2.228228228228228858e+00 1.494255188114071431e-01 1.818940834021753883e-01
-2.256256256256257586e+00 1.457196249214256500e-01 1.563996024636119808e-01
-2.284284284284282762e+00 1.391183512881461748e-01 1.286762953264069809e-01
-2.312312312312311491e+00 1.382313447260144490e-01 1.165263475944456617e-01
-2.340340340340340219e+00 1.339665234575359021e-01 1.153467036601028839e-01
-2.368368368368368948e+00 1.292876118441569633e-01 1.240380752125774394e-01
-2.396396396396397677e+00 1.226538522066142195e-01 1.238173511155224726e-01
-2.424424424424422853e+00 1.198152330433869817e-01 1.081852976159605045e-01
-2.452452452452451581e+00 1.144740673089325589e-01 9.736956103068868107e-02
-2.480480480480480310e+00 1.095884470897033475e-01 9.216203018436452954e-02
-2.508508508508509038e+00 1.048959279506518766e-01 8.829923800736792783e-02
-2.536536536536537767e+00 1.019639253630832826e-01 8.480157655363035341e-02
-2.564564564564562943e+00 9.697409781123374206e-02 8.079297256536199789e-02
-2.592592592592591672e+00 9.259714313637963656e-02 7.644910091458716195e-02
-2.620620620620620400e+00 8.870393437344523124e-02 7.296162440516844316e-02
-2.648648648648649129e+00 8.855713087476625722e-02 7.001269952849653588e-02
-2.676676676676677857e+00 8.478136276256743875e-02 6.740718916109980641e-02
-2.704704704704703033e+00 8.130402313376938750e-02 6.536857419524318147e-02
-2.732732732732731762e+00 7.790421953707672709e-02 6.385276343219131734e-02
-2.760760760760760490e+00 7.472792733399245824e-02 6.284800518057588603e-02
-2.788788788788789219e+00 7.245611555658612590e-02 6.221153330854042179e-02
-2.816816816816817948e+00 6.967199414199012897e-02 6.132489858165015434e-02
-2.844844844844843124e+00 6.699254062830406475e-02 6.019106306293151021e-02
-2.872872872872871852e+00 6.581144202977969038e-02 5.912705632734228250e-02
-2.900900900900900581e+00 6.343141049447502400e-02 5.803401109547553366e-02
-2.928928928928929309e+00 6.114579079230947345e-02 5.683818966664483385e-02
-2.956956956956958038e+00 5.900550174456813124e-02 5.556896251223001487e-02
-2.984984984984983214e+00 5.692366893623056201e-02 5.416370906476597469e-02
-3.013013013013011943e+00 5.477877945557920597e-02 5.259621488580689536e-02
-3.041041041041040671e+00 5.266458853808645563e-02 5.100359003481166886e-02
-3.069069069069069400e+00 5.312715826650131479e-02 4.947819772167636604e-02
-3.097097097097098128e+00 5.106409465617048338e-02 4.796759745274541825e-02
-3.125125125125123304e+00 4.902246684350417688e-02 4.648480314410359526e-02
-3.153153153153152033e+00 4.704880948335307678e-02 4.512732198114966647e-02
-3.181181181181180762e+00 4.771747441763975195e-02 4.391462052837223629e-02
-3.209209209209209490e+00 4.718158126968151345e-02 4.279283990145434785e-02
-3.237237237237238219e+00 4.530070096615786135e-02 4.172317702890801505e-02
-3.265265265265263395e+00 4.346650196058843285e-02 4.066827808150758755e-02
-3.293293293293292123e+00 4.166423458907490135e-02 3.962863682211099220e-02
-3.321321321321320852e+00 3.995098694741506390e-02 3.867754521945829249e-02
-3.349349349349349581e+00 3.837270920580826417e-02 3.785734752760682581e-02
-3.377377377377378309e+00 3.690968167451910698e-02 3.712273113983379641e-02
-3.405405405405403485e+00 3.553379251981515774e-02 3.641712681780200078e-02
-3.433433433433432214e+00 3.424798492858855542e-02 3.570781672916113064e-02
-3.461461461461460942e+00 3.306043180247812685e-02 3.498717561468447923e-02
-3.489489489489489671e+00 3.338108966207830458e-02 3.426353403631984818e-02
-3.517517517517518399e+00 3.223848666450545436e-02 3.354567200406342875e-02
-3.545545545545547128e+00 3.113835096786803092e-02 3.285052281433083893e-02
-3.573573573573572304e+00 3.012937131205497415e-02 3.220712046935909206e-02
-3.601601601601601033e+00 3.078632147080565332e-02 3.162977377050368161e-02
-3.629629629629629761e+00 3.290095178449142094e-02 3.108495364400573266e-02
-3.657657657657658490e+00 3.201404467954096361e-02 3.053861016051016841e-02
-3.685685685685687218e+00 3.116372197912573722e-02 2.997475185639892487e-02
-3.713713713713712394e+00 3.032763769438429416e-02 2.937737138086642455e-02
-3.741741741741741123e+00 2.948895622074819770e-02 2.873573469113618536e-02
-3.769769769769769852e+00 2.870373399059576724e-02 2.811164760110039865e-02
-3.797797797797798580e+00 2.804334455558561701e-02 2.758179703163636531e-02
-3.825825825825827309e+00 2.752433247959064008e-02 2.716755073972154308e-02
-3.853853853853852485e+00 2.706414974243617766e-02 2.679066625695138495e-02
-3.881881881881881213e+00 2.658088757848361960e-02 2.637301809537111186e-02
-3.909909909909909942e+00 2.603535572594359998e-02 2.587869086845669131e-02
-3.937937937937938671e+00 2.544904263931516836e-02 2.533196746281575137e-02
-3.965965965965967399e+00 2.485851975164742392e-02 2.477177113780722195e-02
-3.993993993993992575e+00 2.429991461317240059e-02 2.423618259109929646e-02
-4.022022022022021304e+00 2.380330714512451928e-02 2.375688299545085369e-02
-4.050050050050050032e+00 2.339280181862280622e-02 2.335927320138460328e-02
-4.078078078078078761e+00 2.306209114763485557e-02 2.303808250314798994e-02
-4.106106106106107489e+00 2.276953208305018336e-02 2.275248714846616477e-02
-4.134134134134132665e+00 2.248342676679991603e-02 2.247142916161032691e-02
-4.162162162162161394e+00 2.218590206723770886e-02 2.217752944411955501e-02
-4.190190190190190123e+00 2.188403603380884022e-02 2.187824317649308264e-02
-4.218218218218218851e+00 2.160180620249039021e-02 2.159783259191326923e-02
-4.246246246246247580e+00 2.136803833076841505e-02 2.136533601498552190e-02
-4.274274274274272756e+00 2.119113542192086613e-02 2.118931344615060039e-02
-4.302302302302301484e+00 2.106837160705855860e-02 2.106715373295171140e-02
-4.330330330330330213e+00 2.100261510160966738e-02 2.100180802774419958e-02
-4.358358358358358942e+00 2.097726825863485689e-02 2.097673801774400937e-02
-4.386386386386387670e+00 2.094701339831894424e-02 2.094666803174391467e-02
-4.414414414414412846e+00 2.087442973085639267e-02 2.087420671651413207e-02
-4.442442442442441575e+00 2.074032366289258605e-02 2.074018089549033508e-02
-4.470470470470470303e+00 2.059696601732117702e-02 2.059687540910592335e-02
-4.498498498498499032e+00 2.051450621196809765e-02 2.051444920250747664e-02
-4.526526526526527761e+00 2.054947608752232674e-02 2.054944052719102215e-02
-4.554554554554552936e+00 2.072366684392575042e-02 2.072364485404213155e-02
-4.582582582582581665e+00 2.096866743242202860e-02 2.096865395157565537e-02
-4.610610610610610394e+00 2.121402837086134446e-02 2.121402017777778912e-02
-4.638638638638639122e+00 2.141696300623583890e-02 2.141695806981058423e-02
-4.666666666666667851e+00 2.156797557986040587e-02 2.156797263128849840e-02
-4.694694694694693027e+00 2.169594231901789821e-02 2.169594057301913598e-02
-4.722722722722721755e+00 2.182818635353336173e-02 2.182818532857008081e-02
-4.750750750750750484e+00 2.199220758933486883e-02 2.199220699284369293e-02
-4.778778778778779213e+00 2.220902547471782437e-02 2.220902513058168812e-02
-4.806806806806807941e+00 2.245985566751891940e-02 2.245985547069117433e-02
-4.834834834834833117e+00 2.271162175208952735e-02 2.271162164048766766e-02
-4.862862862862861846e+00 2.293904719091632502e-02 2.293904712818493202e-02
-4.890890890890890574e+00 2.313476700340687253e-02 2.313476696845051181e-02
-4.918918918918919303e+00 2.332131047867168697e-02 2.332131045936113728e-02
-4.946946946946948032e+00 2.352878093526193301e-02 2.352878092468671523e-02
-4.974974974974973208e+00 2.377985470308031229e-02 2.377985469733901597e-02
-5.003003003003001936e+00 2.409933179628945960e-02 2.409933179319946953e-02
-5.031031031031030665e+00 2.450842199587098882e-02 2.450842199422234233e-02
-5.059059059059059393e+00 2.498330367190192136e-02 2.498330367102991056e-02
-5.087087087087088122e+00 2.548008520809252192e-02 2.548008520763528004e-02
-5.115115115115113298e+00 2.594599771302917579e-02 2.594599771279150133e-02
-5.143143143143142026e+00 2.632733469293146653e-02 2.632733469280898811e-02
-5.171171171171170755e+00 2.660408100463236211e-02 2.660408100456980451e-02
-5.199199199199199484e+00 2.681405840933499124e-02 2.681405840930330478e-02
-5.227227227227228212e+00 2.699974032738982829e-02 2.699974032737392088e-02
-5.255255255255253388e+00 2.720371587034751265e-02 2.720371587033959190e-02
-5.283283283283282117e+00 2.747116196831011700e-02 2.747116196830621734e-02
-5.311311311311310845e+00 2.782907989265356527e-02 2.782907989265164667e-02
-5.339339339339339574e+00 2.825606473208693362e-02 2.825606473208600727e-02
-5.367367367367368303e+00 2.871980569284397072e-02 2.871980569284352663e-02
-5.395395395395393479e+00 2.918488687388344840e-02 2.918488687388323677e-02
-5.423423423423422207e+00 2.961682956306267711e-02 2.961682956306257650e-02
-5.451451451451450936e+00 2.999121885325188933e-02 2.999121885325184769e-02
-5.479479479479479664e+00 3.031818442019091828e-02 3.031818442019089746e-02
-5.507507507507508393e+00 3.061733601822057976e-02 3.061733601822056935e-02
-5.535535535535537122e+00 3.090564192040997499e-02 3.090564192040997499e-02
-5.563563563563562298e+00 3.119677523319360282e-02 3.119677523319359588e-02
-5.591591591591591026e+00 3.150115431465593668e-02 3.150115431465593668e-02
-5.619619619619619755e+00 3.182219446362861276e-02 3.182219446362861276e-02
-5.647647647647648483e+00 3.215454183855865483e-02 3.215454183855865483e-02
-5.675675675675677212e+00 3.249360924866143835e-02 3.249360924866143835e-02
-5.703703703703702388e+00 3.283597043583708075e-02 3.283597043583708075e-02
-5.731731731731731116e+00 3.317918471113373569e-02 3.317918471113373569e-02
-5.759759759759759845e+00 3.352186382008317395e-02 3.352186382008317395e-02
-5.787787787787788574e+00 3.386389733102846550e-02 3.386389733102846550e-02
-5.815815815815817302e+00 3.420537507944536315e-02 3.420537507944536315e-02
-5.843843843843842478e+00 3.454521479656467303e-02 3.454521479656467303e-02
-5.871871871871871207e+00 3.488209985574015903e-02 3.488209985574015903e-02
-5.899899899899899935e+00 3.521538200886615427e-02 3.521538200886615427e-02
-5.927927927927928664e+00 3.554561924404085055e-02 3.554561924404085055e-02
-5.955955955955957393e+00 3.587419638749388823e-02 3.587419638749388823e-02
-5.983983983983982569e+00 3.620161196313179813e-02 3.620161196313179813e-02
-6.012012012012011297e+00 3.652800934478213357e-02 3.652800934478213357e-02
-6.040040040040040026e+00 3.685355500911290799e-02 3.685355500911290799e-02
-6.068068068068068754e+00 3.717835284588285466e-02 3.717835284588285466e-02
-6.096096096096097483e+00 3.750206177111358591e-02 3.750206177111358591e-02
-6.124124124124122659e+00 3.782318266191206368e-02 3.782318266191206368e-02
-6.152152152152151388e+00 3.813894460173079815e-02 3.813894460173079815e-02
-6.180180180180180116e+00 3.844643600434326930e-02 3.844643600434326930e-02
-6.208208208208208845e+00 3.874329709595963900e-02 3.874329709595963900e-02
-6.236236236236237573e+00 3.902870931187941289e-02 3.902870931187941289e-02
-6.264264264264262749e+00 3.930389778627724900e-02 3.930389778627724900e-02
-6.292292292292291478e+00 3.957202365646490111e-02 3.957202365646490111e-02
-6.320320320320320207e+00 3.983751434866440733e-02 3.983751434866440733e-02
-6.348348348348348935e+00 4.010322073647397401e-02 4.010322073647397401e-02
-6.376376376376377664e+00 4.036772998254679889e-02 4.036772998254679889e-02
-6.404404404404402840e+00 4.062858155093349716e-02 4.062858155093349716e-02
-6.432432432432431568e+00 4.088339857792966381e-02 4.088339857792966381e-02
-6.460460460460460297e+00 4.113035826546716095e-02 4.113035826546716095e-02
-6.488488488488489025e+00 4.136829754702588818e-02 4.136829754702588818e-02
-6.516516516516517754e+00 4.159641965107516159e-02 4.159641965107516159e-02
-6.544544544544542930e+00 4.181368846505279652e-02 4.181368846505279652e-02
-6.572572572572571659e+00 4.201892855694351614e-02 4.201892855694351614e-02
-6.600600600600600387e+00 4.221081820178894384e-02 4.221081820178894384e-02
-6.628628628628629116e+00 4.238821210679397100e-02 4.238821210679397100e-02
-6.656656656656657844e+00 4.255075816385449350e-02 4.255075816385449350e-02
-6.684684684684683020e+00 4.269917963839753999e-02 4.269917963839753999e-02
-6.712712712712711749e+00 4.283521161964364693e-02 4.283521161964364693e-02
-6.740740740740740478e+00 4.296124118534320330e-02 4.296124118534320330e-02
-6.768768768768769206e+00 4.307964262065586136e-02 4.307964262065586136e-02
-6.796796796796797935e+00 4.319094573846145313e-02 4.319094573846145313e-02
-6.824824824824823111e+00 4.329406217271488527e-02 4.329406217271488527e-02
-6.852852852852851839e+00 4.338775861397299594e-02 4.338775861397299594e-02
-6.880880880880880568e+00 4.347111871031839742e-02 4.347111871031839742e-02
-6.908908908908909297e+00 4.354380637975318463e-02 4.354380637975318463e-02
-6.936936936936938025e+00 4.360617211332421667e-02 4.360617211332421667e-02
-6.964964964964963201e+00 4.365921476254888689e-02 4.365921476254888689e-02
-6.992992992992991930e+00 4.370440460379001330e-02 4.370440460379001330e-02
-7.021021021021020658e+00 4.374308229384246682e-02 4.374308229384246682e-02
-7.049049049049049387e+00 4.377496316631188794e-02 4.377496316631188794e-02
-7.077077077077078116e+00 4.379891957896080157e-02 4.379891957896080157e-02
-7.105105105105103291e+00 4.381356754563421607e-02 4.381356754563421607e-02
-7.133133133133132020e+00 4.381744477320750203e-02 4.381744477320750203e-02
-7.161161161161160749e+00 4.380912869787573216e-02 4.380912869787573216e-02
-7.189189189189189477e+00 4.378729196949441432e-02 4.378729196949441432e-02
-7.217217217217218206e+00 4.375069106312859391e-02 4.375069106312859391e-02
-7.245245245245243382e+00 4.369808503558846036e-02 4.369808503558846036e-02
-7.273273273273272110e+00 4.362816555332126034e-02 4.362816555332126034e-02
-7.301301301301300839e+00 4.354030442986021182e-02 4.354030442986021182e-02
-7.329329329329329568e+00 4.343444077727459662e-02 4.343444077727459662e-02
-7.357357357357358296e+00 4.331072758975618164e-02 4.331072758975618164e-02
-7.385385385385383472e+00 4.316967708275570165e-02 4.316967708275570165e-02
-7.413413413413412201e+00 4.301224768846877156e-02 4.301224768846877156e-02
-7.441441441441440929e+00 4.283986175124999962e-02 4.283986175124999962e-02
-7.469469469469469658e+00 4.265435745525258254e-02 4.265435745525258254e-02
-7.497497497497498387e+00 4.245788258264312359e-02 4.245788258264312359e-02
-7.525525525525523562e+00 4.225274092997768904e-02 4.225274092997768904e-02
-7.553553553553552291e+00 4.204106624255936342e-02 4.204106624255936342e-02
-7.581581581581581020e+00 4.182319104269047183e-02 4.182319104269047183e-02
-7.609609609609609748e+00 4.159814497946021788e-02 4.159814497946021788e-02
-7.637637637637638477e+00 4.136476256222502978e-02 4.136476256222502978e-02
-7.665665665665667206e+00 4.112183448556489679e-02 4.112183448556489679e-02
-7.693693693693692381e+00 4.086819940048359162e-02 4.086819940048359162e-02
-7.721721721721721110e+00 4.060279487291541117e-02 4.060279487291541117e-02
-7.749749749749749839e+00 4.032467124104199135e-02 4.032467124104199135e-02
-7.777777777777778567e+00 4.003297254026375734e-02 4.003297254026375734e-02
-7.805805805805807296e+00 3.972688931915927674e-02 3.972688931915927674e-02
-7.833833833833832472e+00 3.940558907181379578e-02 3.940558907181379578e-02
-7.861861861861861200e+00 3.906830954529298683e-02 3.906830954529298683e-02
-7.889889889889889929e+00 3.871513515311220816e-02 3.871513515311220816e-02
-7.917917917917918658e+00 3.834651797341127877e-02 3.834651797341127877e-02
-7.945945945945947386e+00 3.796306296371324690e-02 3.796306296371324690e-02
-7.973973973973972562e+00 3.756558566143988753e-02 3.756558566143988753e-02
-8.002002002002001291e+00 3.715513648632688681e-02 3.715513648632688681e-02
-8.030030030030030019e+00 3.673299500066265488e-02 3.673299500066265488e-02
-8.058058058058058748e+00 3.630063891211664229e-02 3.630063891211664229e-02
-8.086086086086087477e+00 3.585969354512823226e-02 3.585969354512823226e-02
-8.114114114114112652e+00 3.541186799474443925e-02 3.541186799474443925e-02
-8.142142142142141381e+00 3.495888416429251966e-02 3.495888416429251966e-02
-8.170170170170170110e+00 3.450240077986159448e-02 3.450240077986159448e-02
-8.198198198198198838e+00 3.404345667635889916e-02 3.404345667635889916e-02
-8.226226226226227567e+00 3.358195625071028201e-02 3.358195625071028201e-02
-8.254254254254252743e+00 3.311759453682717319e-02 3.311759453682717319e-02
-8.282282282282281471e+00 3.265004714491834270e-02 3.265004714491834270e-02
-8.310310310310310200e+00 3.217902263579237865e-02 3.217902263579237865e-02
-8.338338338338338929e+00 3.170429417078184098e-02 3.170429417078184098e-02
-8.366366366366367657e+00 3.122571244793389406e-02 3.122571244793389406e-02
-8.394394394394392833e+00 3.074320217458581181e-02 3.074320217458581181e-02
-8.422422422422421562e+00 3.025674469617875909e-02 3.025674469617875909e-02
-8.450450450450450290e+00 2.976634983173008162e-02 2.976634983173008162e-02
-8.478478478478479019e+00 2.927202036325177864e-02 2.927202036325177864e-02
-8.506506506506507748e+00 2.877371290799959902e-02 2.877371290799959902e-02
-8.534534534534532924e+00 2.827133117639447565e-02 2.827133117639447565e-02
-8.562562562562561652e+00 2.776519153182251121e-02 2.776519153182251121e-02
-8.590590590590590381e+00 2.725598847952421036e-02 2.725598847952421036e-02
-8.618618618618619109e+00 2.674445316255597699e-02 2.674445316255597699e-02
-8.646646646646647838e+00 2.623137098111279902e-02 2.623137098111279902e-02
-8.674674674674673014e+00 2.571759882312552384e-02 2.571759882312552384e-02
-8.702702702702701743e+00 2.520407163239434326e-02 2.520407163239434326e-02
-8.730730730730730471e+00 2.469179952898215014e-02 2.469179952898215014e-02
-8.758758758758759200e+00 2.418185691086908659e-02 2.418185691086908659e-02
-8.786786786786787928e+00 2.367536517068668731e-02 2.367536517068668731e-02
-8.814814814814813104e+00 2.317347082293911079e-02 2.317347082293911079e-02
-8.842842842842841833e+00 2.267732092415420883e-02 2.267732092415420883e-02
-8.870870870870870561e+00 2.218803766000975244e-02 2.218803766000975244e-02
-8.898898898898899290e+00 2.170669386420047420e-02 2.170669386420047420e-02
-8.926926926926928019e+00 2.123422028800732789e-02 2.123422028800732789e-02
-8.954954954954953195e+00 2.077092602377095601e-02 2.077092602377095601e-02
-8.982982982982981923e+00 2.031678900156893078e-02 2.031678900156893078e-02
-9.011011011011010652e+00 1.987171809888525070e-02 1.987171809888525070e-02
-9.039039039039039380e+00 1.943557354484621441e-02 1.943557354484621441e-02
-9.067067067067068109e+00 1.900818104224991784e-02 1.900818104224991784e-02
-9.095095095095093285e+00 1.858934156919447508e-02 1.858934156919447508e-02
-9.123123123123122014e+00 1.817883759262402601e-02 1.817883759262402601e-02
-9.151151151151150742e+00 1.777643639695943023e-02 1.777643639695943023e-02
-9.179179179179179471e+00 1.738189118941683639e-02 1.738189118941683639e-02
-9.207207207207208199e+00 1.699494059344197269e-02 1.699494059344197269e-02
-9.235235235235233375e+00 1.661530708567759973e-02 1.661530708567759973e-02
-9.263263263263262104e+00 1.624269487242477675e-02 1.624269487242477675e-02
-9.291291291291290833e+00 1.587678764094578587e-02 1.587678764094578587e-02
-9.319319319319319561e+00 1.551724656147092894e-02 1.551724656147092894e-02
-9.347347347347348290e+00 1.516372474528467594e-02 1.516372474528467594e-02
-9.375375375375373466e+00 1.481601425018941667e-02 1.481601425018941667e-02
-9.403403403403402194e+00 1.447399869877176275e-02 1.447399869877176275e-02
-9.431431431431430923e+00 1.413757510177433147e-02 1.413757510177433147e-02
-9.459459459459459651e+00 1.380665745704242296e-02 1.380665745704242296e-02
-9.487487487487488380e+00 1.348117937974117886e-02 1.348117937974117886e-02
-9.515515515515513556e+00 1.316109505161300840e-02 1.316109505161300840e-02
-9.543543543543542285e+00 1.284637879050194546e-02 1.284637879050194546e-02
-9.571571571571571013e+00 1.253702352034819292e-02 1.253702352034819292e-02
-9.599599599599599742e+00 1.223303840079809947e-02 1.223303840079809947e-02
-9.627627627627628470e+00 1.193444585410306444e-02 1.193444585410306444e-02
-9.655655655655657199e+00 1.164127820480923350e-02 1.164127820480923350e-02
-9.683683683683682375e+00 1.135357412477208151e-02 1.135357412477208151e-02
-9.711711711711711104e+00 1.107137505236785099e-02 1.107137505236785099e-02
-9.739739739739739832e+00 1.079472173070595946e-02 1.079472173070595946e-02
-9.767767767767768561e+00 1.052365098559752271e-02 1.052365098559752271e-02
-9.795795795795797289e+00 1.025819281873006916e-02 1.025819281873006916e-02
-9.823823823823822465e+00 9.998356835029866344e-03 9.998356835029866344e-03
-9.851851851851851194e+00 9.744111806257059125e-03 9.744111806257059125e-03
-9.879879879879879923e+00 9.495410498493936369e-03 9.495410498493936369e-03
-9.907907907907908651e+00 9.252197264291982595e-03 9.252197264291982595e-03
-9.935935935935937380e+00 9.014410485702754536e-03 9.014410485702754536e-03
-9.963963963963962556e+00 8.781984439549273339e-03 8.781984439549273339e-03
-9.991991991991991284e+00 8.554850675910824834e-03 8.554850675910824834e-03
-1.002002002002002001e+01 8.332938991922873503e-03 8.332938991922873503e-03
-1.004804804804804874e+01 8.116178074574750823e-03 8.116178074574750823e-03
-1.007607607607607747e+01 7.904495878242474502e-03 7.904495878242474502e-03
-1.010410410410410265e+01 7.697819795204382219e-03 7.697819795204382219e-03
-1.013213213213213137e+01 7.496076670336578734e-03 7.496076670336578734e-03
-1.016016016016016010e+01 7.299192704564910240e-03 7.299192704564910240e-03
-1.018818818818818883e+01 7.107093285464014497e-03 7.107093285464014497e-03
-1.021621621621621756e+01 6.919702777665371132e-03 6.919702777665371132e-03
-1.024424424424424274e+01 6.736944300490792757e-03 6.736944300490792757e-03
-1.027227227227227146e+01 6.558739515499054963e-03 6.558739515499054963e-03
-1.030030030030030019e+01 6.385008442449716798e-03 6.385008442449716798e-03
-1.032832832832832892e+01 6.215666781553413900e-03 6.215666781553413900e-03
-1.035635635635635765e+01 6.050613572547261163e-03 6.050613572547261163e-03
-1.038438438438438283e+01 5.889742876029466744e-03 5.889742876029466744e-03
-1.041241241241241156e+01 5.732950656049205090e-03 5.732950656049205090e-03
-1.044044044044044028e+01 5.580135313209499091e-03 5.580135313209499091e-03
-1.046846846846846901e+01 5.431198029300552364e-03 5.431198029300552364e-03
-1.049649649649649774e+01 5.286042964133203306e-03 5.286042964133203306e-03
-1.052452452452452292e+01 5.144577330759355673e-03 5.144577330759355673e-03
-1.055255255255255165e+01 5.006711372427736714e-03 5.006711372427736714e-03
-1.058058058058058037e+01 4.872358262006103689e-03 4.872358262006103689e-03
-1.060860860860860910e+01 4.741433942185247982e-03 4.741433942185247982e-03
-1.063663663663663783e+01 4.613856922546511787e-03 4.613856922546511787e-03
-1.066466466466466301e+01 4.489548047499252251e-03 4.489548047499252251e-03
-1.069269269269269174e+01 4.368430247160887646e-03 4.368430247160887646e-03
-1.072072072072072046e+01 4.250428281445459491e-03 4.250428281445459491e-03
-1.074874874874874919e+01 4.135468485936967531e-03 4.135468485936967531e-03
-1.077677677677677792e+01 4.023478526547935932e-03 4.023478526547935932e-03
-1.080480480480480310e+01 3.914387168499255422e-03 3.914387168499255422e-03
-1.083283283283283183e+01 3.808124063807421123e-03 3.808124063807421123e-03
-1.086086086086086056e+01 3.704619560233790056e-03 3.704619560233790056e-03
-1.088888888888888928e+01 3.603804800929627690e-03 3.603804800929627690e-03
-1.091691691691691801e+01 3.505615683446602383e-03 3.505615683446602383e-03
-1.094494494494494319e+01 3.409991953678131928e-03 3.409991953678131928e-03
-1.097297297297297192e+01 3.316873929953015332e-03 3.316873929953015332e-03
-1.100100100100100065e+01 3.226202673827182482e-03 3.226202673827182482e-03
-1.102902902902902937e+01 3.137920209793742046e-03 3.137920209793742046e-03
-1.105705705705705810e+01 3.051969694302251838e-03 3.051969694302251838e-03
-1.108508508508508328e+01 2.968295541262962970e-03 2.968295541262962970e-03
-1.111311311311311201e+01 2.886843510396107371e-03 2.886843510396107371e-03
-1.114114114114114074e+01 2.807560764043109339e-03 2.807560764043109339e-03
-1.116916916916916946e+01 2.730395897384130157e-03 2.730395897384130157e-03
-1.119719719719719819e+01 2.655298946402612475e-03 2.655298946402612475e-03
-1.122522522522522337e+01 2.582221377397044167e-03 2.582221377397044167e-03
-1.125325325325325210e+01 2.511116061358892228e-03 2.511116061358892228e-03
-1.128128128128128083e+01 2.441937236108315552e-03 2.441937236108315552e-03
-1.130930930930930955e+01 2.374640458700172374e-03 2.374640458700172374e-03
-1.133733733733733828e+01 2.309182550277955916e-03 2.309182550277955916e-03
-1.136536536536536346e+01 2.245521535257112393e-03 2.245521535257112393e-03
-1.139339339339339219e+01 2.183616576457829590e-03 2.183616576457829590e-03
-1.142142142142142092e+01 2.123427907577281771e-03 2.123427907577281771e-03
-1.144944944944944965e+01 2.064916764188262123e-03 2.064916764188262123e-03
-1.147747747747747837e+01 2.008045314273267101e-03 2.008045314273267101e-03
-1.150550550550550355e+01 1.952776589146913364e-03 1.952776589146913364e-03
-1.153353353353353228e+01 1.899072996879490978e-03 1.899072996879490978e-03
-1.156156156156156101e+01 1.846891131645653607e-03 1.846891131645653607e-03
-1.158958958958958974e+01 1.796186697957622867e-03 1.796186697957622867e-03
-1.161761761761761846e+01 1.746916525245012465e-03 1.746916525245012465e-03
-1.164564564564564719e+01 1.699038583294106746e-03 1.699038583294106746e-03
-1.167367367367367237e+01 1.652511988469220709e-03 1.652511988469220709e-03
-1.170170170170170110e+01 1.607297002203151443e-03 1.607297002203151443e-03
-1.172972972972972983e+01 1.563355022861237422e-03 1.563355022861237422e-03
-1.175775775775775855e+01 1.520648571970605522e-03 1.520648571970605522e-03
-1.178578578578578728e+01 1.479141275702643447e-03 1.479141275702643447e-03
-1.181381381381381246e+01 1.438797842401503277e-03 1.438797842401503277e-03
-1.184184184184184119e+01 1.399584036864207374e-03 1.399584036864207374e-03
-1.186986986986986992e+01 1.361466651998270022e-03 1.361466651998270022e-03
-1.189789789789789864e+01 1.324413478409604879e-03 1.324413478409604879e-03
-1.192592592592592737e+01 1.288393272407118220e-03 1.288393272407118220e-03
-1.195395395395395255e+01 1.253375722849593915e-03 1.253375722849593915e-03
-1.198198198198198128e+01 1.219331417205231230e-03 1.219331417205231230e-03
-1.201001001001001001e+01 1.186231807144062355e-03 1.186231807144062355e-03
-1.203803803803803874e+01 1.154049173937789175e-03 1.154049173937789175e-03
-1.206606606606606746e+01 1.122756593900427246e-03 1.122756593900427246e-03
-1.209409409409409264e+01 1.092327904065814540e-03 1.092327904065814540e-03
-1.212212212212212137e+01 1.062737668264412136e-03 1.062737668264412136e-03
-1.215015015015015010e+01 1.033961143731720227e-03 1.033961143731720227e-03
-1.217817817817817883e+01 1.005974248353440435e-03 1.005974248353440435e-03
-1.220620620620620755e+01 9.787535286285321823e-04 9.787535286285321823e-04
-1.223423423423423273e+01 9.522761681517129869e-04 9.522761681517129869e-04
-1.226226226226226146e+01 9.265206880866446414e-04 9.265206880866446414e-04
-1.229029029029029019e+01 9.014668369562446170e-04 9.014668369562446170e-04
-1.231831831831831892e+01 8.770949007981115875e-04 8.770949007981115875e-04
-1.234634634634634764e+01 8.533856778695518477e-04 8.533856778695518477e-04
-1.237437437437437282e+01 8.303204771164237946e-04 8.303204771164237946e-04
-1.240240240240240155e+01 8.078811147697936975e-04 8.078811147697936975e-04
-1.243043043043043028e+01 7.860499093130863439e-04 7.860499093130863439e-04
-1.245845845845845901e+01 7.648096750372201068e-04 7.648096750372201068e-04
-1.248648648648648773e+01 7.441437143785692735e-04 7.441437143785692735e-04
-1.251451451451451291e+01 7.240358092138798668e-04 7.240358092138798668e-04
-1.254254254254254164e+01 7.044702112676070422e-04 7.044702112676070422e-04
-1.257057057057057037e+01 6.854316317703286693e-04 6.854316317703286693e-04
-1.259859859859859910e+01 6.669052304915881356e-04 6.669052304915881356e-04
-1.262662662662662783e+01 6.488766042569141983e-04 6.488766042569141983e-04
-1.265465465465465300e+01 6.313317750463870448e-04 6.313317750463870448e-04
-1.268268268268268173e+01 6.142571777610457895e-04 6.142571777610457895e-04
-1.271071071071071046e+01 5.976396477335341965e-04 5.976396477335341965e-04
-1.273873873873873919e+01 5.814664080503711540e-04 5.814664080503711540e-04
-1.276676676676676792e+01 5.657250567453157982e-04 5.657250567453157982e-04
-1.279479479479479309e+01 5.504035539160801946e-04 5.504035539160801946e-04
-1.282282282282282182e+01 5.354902088102218372e-04 5.354902088102218372e-04
-1.285085085085085055e+01 5.209736669203459758e-04 5.209736669203459758e-04
-1.287887887887887928e+01 5.068428971235369946e-04 5.068428971235369946e-04
-1.290690690690690801e+01 4.930871788954196543e-04 4.930871788954196543e-04
-1.293493493493493318e+01 4.796960896251086003e-04 4.796960896251086003e-04
-1.296296296296296191e+01 4.666594920536523998e-04 4.666594920536523998e-04
-1.299099099099099064e+01 4.539675218553566156e-04 4.539675218553566156e-04
-1.301901901901901937e+01 4.416105753784140713e-04 4.416105753784140713e-04
-1.304704704704704810e+01 4.295792646496430492e-04 4.295792646496430492e-04
-1.307507507507507327e+01 4.178641995523844866e-04 4.178641995523844866e-04
-1.310310310310310200e+01 4.064561275060258922e-04 4.064561275060258922e-04
-1.313113113113113073e+01 3.953460405573912999e-04 3.953460405573912999e-04
-1.315915915915915946e+01 3.845251704548251497e-04 3.845251704548251497e-04
-1.318718718718718819e+01 3.739849831908130550e-04 3.739849831908130550e-04
-1.321521521521521336e+01 3.637171735644036813e-04 3.637171735644036813e-04
-1.324324324324324209e+01 3.537136597740484032e-04 3.537136597740484032e-04
-1.327127127127127082e+01 3.439665780501625523e-04 3.439665780501625523e-04
-1.329929929929929955e+01 3.344682773354623042e-04 3.344682773354623042e-04
-1.332732732732732828e+01 3.252113140200857595e-04 3.252113140200857595e-04
-1.335535535535535345e+01 3.161884467375037765e-04 3.161884467375037765e-04
-1.338338338338338218e+01 3.073926312263448759e-04 3.073926312263448759e-04
-1.341141141141141091e+01 2.988170152624963403e-04 2.988170152624963403e-04
-1.343943943943943964e+01 2.904549336650926079e-04 2.904549336650926079e-04
-1.346746746746746837e+01 2.822999033794161561e-04 2.822999033794161561e-04
-1.349549549549549354e+01 2.743456186391468035e-04 2.743456186391468035e-04
-1.352352352352352227e+01 2.665859462098986920e-04 2.665859462098986920e-04
-1.355155155155155100e+01 2.590149207155612574e-04 2.590149207155612574e-04
-1.357957957957957973e+01 2.516267400485311021e-04 2.516267400485311021e-04
-1.360760760760760846e+01 2.444157608646140402e-04 2.444157608646140402e-04
-1.363563563563563363e+01 2.373764941630516232e-04 2.373764941630516232e-04
-1.366366366366366236e+01 2.305036009518625036e-04 2.305036009518625036e-04
-1.369169169169169109e+01 2.237918879984750306e-04 2.237918879984750306e-04
-1.371971971971971982e+01 2.172363036653975608e-04 2.172363036653975608e-04
-1.374774774774774855e+01 2.108319338305308889e-04 2.108319338305308889e-04
-1.377577577577577728e+01 2.045739978915622368e-04 2.045739978915622368e-04
-1.380380380380380245e+01 1.984578448537615766e-04 1.984578448537615766e-04
-1.383183183183183118e+01 1.924789495003918001e-04 1.924789495003918001e-04
-1.385985985985985991e+01 1.866329086448718260e-04 1.866329086448718260e-04
-1.388788788788788864e+01 1.809154374637370814e-04 1.809154374637370814e-04
-1.391591591591591737e+01 1.753223659094094882e-04 1.753223659094094882e-04
-1.394394394394394254e+01 1.698496352017322703e-04 1.698496352017322703e-04
-1.397197197197197127e+01 1.644932943971928068e-04 1.644932943971928068e-04
-1.400000000000000000e+01 1.592494970347478926e-04 1.592494970347478926e-04
