1.400000000000000000e+01 1.581508877569170730e-04 1.581508877569170730e-04
1.397197197197197127e+01 1.628260762908009091e-04 1.628260762908009091e-04
1.394394394394394432e+01 1.675932359392567992e-04 1.675932359392567992e-04
1.391591591591591559e+01 1.724557691942396219e-04 1.724557691942396219e-04
1.388788788788788864e+01 1.774171636655896248e-04 1.774171636655896248e-04
1.385985985985985991e+01 1.824809943885427545e-04 1.824809943885427545e-04
1.383183183183183118e+01 1.876509262090649910e-04 1.876509262090649910e-04
1.380380380380380423e+01 1.929307162501180920e-04 1.929307162501180920e-04
1.377577577577577550e+01 1.983242164620903250e-04 1.983242164620903250e-04
1.374774774774774855e+01 2.038353762607702645e-04 2.038353762607702645e-04
1.371971971971971982e+01 2.094682452563921072e-04 2.094682452563921072e-04
1.369169169169169109e+01 2.152269760774337519e-04 2.152269760774337519e-04
1.366366366366366414e+01 2.211158272930119817e-04 2.211158272930119817e-04
1.363563563563563541e+01 2.271391664378873522e-04 2.271391664378873522e-04
1.360760760760760846e+01 2.333014731442662197e-04 2.333014731442662197e-04
1.357957957957957973e+01 2.396073423847757484e-04 2.396073423847757484e-04
1.355155155155155100e+01 2.460614878311748709e-04 2.460614878311748709e-04
1.352352352352352405e+01 2.526687453335700910e-04 2.526687453335700910e-04
1.349549549549549532e+01 2.594340765251106941e-04 2.594340765251106941e-04
1.346746746746746837e+01 2.663625725573566375e-04 2.663625725573566375e-04
1.343943943943943964e+01 2.734594579717442259e-04 2.734594579717442259e-04
1.341141141141141091e+01 2.807300947128055549e-04 2.807300947128055549e-04
1.338338338338338396e+01 2.881799862890567260e-04 2.881799862890567260e-04
1.335535535535535523e+01 2.958147820877153741e-04 2.958147820877153741e-04
1.332732732732732828e+01 3.036402818496840945e-04 3.036402818496840945e-04
1.329929929929929955e+01 3.116624403115200313e-04 3.116624403115200313e-04
1.327127127127127082e+01 3.198873720213914304e-04 3.198873720213914304e-04
1.324324324324324387e+01 3.283213563363371356e-04 3.283213563363371356e-04
1.321521521521521514e+01 3.369708426084503739e-04 3.369708426084503739e-04
1.318718718718718641e+01 3.458424555679391263e-04 3.458424555679391263e-04
1.315915915915915946e+01 3.549430009113505101e-04 3.549430009113505101e-04
1.313113113113113073e+01 3.642794711036073641e-04 3.642794711036073641e-04
1.310310310310310378e+01 3.738590514028420925e-04 3.738590514028420925e-04
1.307507507507507505e+01 3.836891261174238963e-04 3.836891261174238963e-04
1.304704704704704632e+01 3.937772851049222496e-04 3.937772851049222496e-04
1.301901901901901937e+01 4.041313271860007424e-04 4.041313271860007424e-04
1.299099099099099064e+01 4.147585711440091374e-04 4.147585711440091374e-04
1.296296296296296369e+01 4.256649611744665928e-04 4.256649611744665928e-04
1.293493493493493496e+01 4.368563577175880335e-04 4.368563577175880335e-04
1.290690690690690623e+01 4.483387437990144072e-04 4.483387437990144072e-04
1.287887887887887928e+01 4.601182271348382017e-04 4.601182271348382017e-04
1.285085085085085055e+01 4.722010422469947490e-04 4.722010422469947490e-04
1.282282282282282360e+01 4.845935525878442571e-04 4.845935525878442571e-04
1.279479479479479487e+01 4.973022526728492539e-04 4.973022526728492539e-04
1.276676676676676614e+01 5.103337702202049653e-04 5.103337702202049653e-04
1.273873873873873919e+01 5.236948682963630912e-04 5.236948682963630912e-04
1.271071071071071046e+01 5.373924474664250588e-04 5.373924474664250588e-04
1.268268268268268173e+01 5.514335479484301639e-04 5.514335479484301639e-04
1.265465465465465478e+01 5.658253517706843564e-04 5.658253517706843564e-04
1.262662662662662605e+01 5.805751849313537088e-04 5.805751849313537088e-04
1.259859859859859910e+01 5.956905195596643452e-04 5.956905195596643452e-04
1.257057057057057037e+01 6.111789760782578062e-04 6.111789760782578062e-04
1.254254254254254164e+01 6.270483253663228099e-04 6.270483253663228099e-04
1.251451451451451469e+01 6.433064909234347808e-04 6.433064909234347808e-04
1.248648648648648596e+01 6.599615510341872793e-04 6.599615510341872793e-04
1.245845845845845901e+01 6.770217409339594587e-04 6.770217409339594587e-04
1.243043043043043028e+01 6.944954549765102944e-04 6.944954549765102944e-04
1.240240240240240155e+01 7.123912488043034844e-04 7.123912488043034844e-04
1.237437437437437460e+01 7.307178415229251050e-04 7.307178415229251050e-04
1.234634634634634587e+01 7.494841178812459113e-04 7.494841178812459113e-04
1.231831831831831892e+01 7.686991304594268650e-04 7.686991304594268650e-04
1.229029029029029019e+01 7.883721018673364722e-04 7.883721018673364722e-04
1.226226226226226146e+01 8.085124269563406709e-04 8.085124269563406709e-04
1.223423423423423451e+01 8.291296750480211262e-04 8.291296750480211262e-04
1.220620620620620578e+01 8.502336095229028968e-04 8.502336095229028968e-04
1.217817817817817883e+01 8.718346563518742601e-04 8.718346563518742601e-04
1.215015015015015010e+01 8.939439897277128878e-04 8.939439897277128878e-04
1.212212212212212137e+01 9.165730568694828179e-04 9.165730568694828179e-04
1.209409409409409442e+01 9.397335570269844300e-04 9.397335570269844300e-04
1.206606606606606569e+01 9.634374470278848001e-04 9.634374470278848001e-04
1.203803803803803874e+01 9.876969469507425759e-04 9.876969469507425759e-04
1.201001001001001001e+01 1.012524545928983116e-03 1.012524545928983116e-03
1.198198198198198128e+01 1.037933008091059721e-03 1.037933008091059721e-03
1.195395395395395433e+01 1.063935378642429054e-03 1.063935378642429054e-03
1.192592592592592560e+01 1.090544990095246606e-03 1.090544990095246606e-03
1.189789789789789864e+01 1.117775468651972587e-03 1.117775468651972587e-03
1.186986986986986992e+01 1.145640740749466827e-03 1.145640740749466827e-03
1.184184184184184119e+01 1.174155039770360259e-03 1.174155039770360259e-03
1.181381381381381424e+01 1.203332912928900761e-03 1.203332912928900761e-03
1.178578578578578551e+01 1.233189228338695811e-03 1.233189228338695811e-03
1.175775775775775855e+01 1.263739182270068448e-03 1.263739182270068448e-03
1.172972972972972983e+01 1.294998306605073474e-03 1.294998306605073474e-03
1.170170170170170110e+01 1.326982476498358120e-03 1.326982476498358120e-03
1.167367367367367414e+01 1.359707918252387251e-03 1.359707918252387251e-03
1.164564564564564542e+01 1.393191217415674660e-03 1.393191217415674660e-03
1.161761761761761846e+01 1.427449327112804631e-03 1.427449327112804631e-03
1.158958958958958974e+01 1.462499576615216212e-03 1.462499576615216212e-03
1.156156156156156101e+01 1.498359680161673400e-03 1.498359680161673400e-03
1.153353353353353405e+01 1.535047746037465199e-03 1.535047746037465199e-03
1.150550550550550533e+01 1.572582285884407179e-03 1.572582285884407179e-03
1.147747747747747837e+01 1.610981941294246586e-03 1.610981941294246586e-03
1.144944944944944965e+01 1.650264785786745162e-03 1.650264785786745162e-03
1.142142142142142092e+01 1.690449052082241416e-03 1.690449052082241416e-03
1.139339339339339396e+01 1.731553341648301705e-03 1.731553341648301705e-03
1.136536536536536524e+01 1.773596634429762961e-03 1.773596634429762961e-03
1.133733733733733828e+01 1.816598298891441325e-03 1.816598298891441325e-03
1.130930930930930955e+01 1.860578102373463324e-03 1.860578102373463324e-03
1.128128128128128083e+01 1.905556221756187938e-03 1.905556221756187938e-03
1.125325325325325387e+01 1.951553254428732825e-03 1.951553254428732825e-03
1.122522522522522515e+01 1.998590229551455710e-03 1.998590229551455710e-03
1.119719719719719819e+01 2.046688619598942532e-03 2.046688619598942532e-03
1.116916916916916946e+01 2.095870352165902888e-03 2.095870352165902888e-03
1.114114114114114074e+01 2.146157822013664267e-03 2.146157822013664267e-03
1.111311311311311378e+01 2.197573903330243914e-03 2.197573903330243914e-03
1.108508508508508505e+01 2.250141962171588270e-03 2.250141962171588270e-03
1.105705705705705810e+01 2.303885869046010809e-03 2.303885869046010809e-03
1.102902902902902937e+01 2.358830011598146616e-03 2.358830011598146616e-03
1.100100100100100065e+01 2.414999307342355697e-03 2.414999307342355697e-03
1.097297297297297192e+01 2.472419216389362597e-03 2.472419216389362597e-03
1.094494494494494496e+01 2.531115754103088148e-03 2.531115754103088148e-03
1.091691691691691801e+01 2.591115503618038069e-03 2.591115503618038069e-03
1.088888888888888928e+01 2.652445628140507293e-03 2.652445628140507293e-03
1.086086086086086056e+01 2.715133828114266613e-03 2.715133828114266613e-03
1.083283283283283183e+01 2.779206533944760579e-03 2.779206533944760579e-03
1.080480480480480487e+01 2.844688442944894036e-03 2.844688442944894036e-03
1.077677677677677615e+01 2.911604635389751158e-03 2.911604635389751158e-03
1.074874874874874919e+01 2.979980728305412635e-03 2.979980728305412635e-03
1.072072072072072046e+01 3.049842892188488544e-03 3.049842892188488544e-03
1.069269269269269174e+01 3.121217867487172722e-03 3.121217867487172722e-03
1.066466466466466478e+01 3.194132980729060163e-03 3.194132980729060163e-03
1.063663663663663606e+01 3.268616160174836298e-03 3.268616160174836298e-03
1.060860860860860910e+01 3.344695950871764533e-03 3.344695950871764533e-03
1.058058058058058037e+01 3.422401528976096695e-03 3.422401528976096695e-03
1.055255255255255165e+01 3.501762715209267955e-03 3.501762715209267955e-03
1.052452452452452469e+01 3.582809987309301756e-03 3.582809987309301756e-03
1.049649649649649596e+01 3.665574491335563383e-03 3.665574491335563383e-03
1.046846846846846901e+01 3.750088051682439957e-03 3.750088051682439957e-03
1.044044044044044028e+01 3.836383179655443367e-03 3.836383179655443367e-03
1.041241241241241156e+01 3.924493080461037391e-03 3.924493080461037391e-03
1.038438438438438460e+01 4.014451658460236466e-03 4.014451658460236466e-03
1.035635635635635587e+01 4.106293520534067681e-03 4.106293520534067681e-03
1.032832832832832892e+01 4.200053977407804465e-03 4.200053977407804465e-03
1.030030030030030019e+01 4.295769047708779265e-03 4.295769047708779265e-03
1.027227227227227146e+01 4.393478084905920109e-03 4.393478084905920109e-03
1.024424424424424451e+01 4.493228273823741611e-03 4.493228273823741611e-03
1.021621621621621578e+01 4.595069046036592310e-03 4.595069046036592310e-03
1.018818818818818883e+01 4.699050973988697609e-03 4.699050973988697609e-03
1.016016016016016010e+01 4.805225776369826708e-03 4.805225776369826708e-03
1.013213213213213137e+01 4.913646322566197523e-03 4.913646322566197523e-03
1.010410410410410442e+01 5.024366636199282220e-03 5.024366636199282220e-03
1.007607607607607569e+01 5.137441897759421026e-03 5.137441897759421026e-03
1.004804804804804874e+01 5.252928446331245858e-03 5.252928446331245858e-03
1.002002002002002001e+01 5.370883780394140709e-03 5.370883780394140709e-03
9.991991991991991284e+00 5.491366557661119668e-03 5.491366557661119668e-03
9.963963963963964332e+00 5.614436593895055956e-03 5.614436593895055956e-03
9.935935935935935603e+00 5.740154860609776935e-03 5.740154860609776935e-03
9.907907907907908651e+00 5.868583481525785524e-03 5.868583481525785524e-03
9.879879879879879923e+00 5.999785727605052264e-03 5.999785727605052264e-03
9.851851851851851194e+00 6.133826010435378465e-03 6.133826010435378465e-03
9.823823823823824242e+00 6.270769873672466660e-03 6.270769873672466660e-03
9.795795795795795513e+00 6.410683982174971048e-03 6.410683982174971048e-03
9.767767767767768561e+00 6.553634521571110975e-03 6.553634521571110975e-03
9.739739739739739832e+00 6.699678723062755213e-03 6.699678723062755213e-03
9.711711711711711104e+00 6.848870364349646765e-03 6.848870364349646765e-03
9.683683683683684151e+00 7.001263330583706868e-03 7.001263330583706868e-03
9.655655655655655423e+00 7.156911540413333182e-03 7.156911540413333182e-03
9.627627627627628470e+00 7.315868860564863838e-03 7.315868860564863838e-03
9.599599599599599742e+00 7.478189016077174851e-03 7.478189016077174851e-03
9.571571571571571013e+00 7.643925495895280767e-03 7.643925495895280767e-03
9.543543543543542285e+00 7.813131453500841983e-03 7.813131453500841983e-03
9.515515515515515332e+00 7.985859602230036339e-03 7.985859602230036339e-03
9.487487487487488380e+00 8.162162104904824994e-03 8.162162104904824994e-03
9.459459459459459651e+00 8.342090457381998517e-03 8.342090457381998517e-03
9.431431431431430923e+00 8.525695365605667070e-03 8.525695365605667070e-03
9.403403403403402194e+00 8.713026615734552338e-03 8.713026615734552338e-03
9.375375375375375242e+00 8.904132936905071252e-03 8.904132936905071252e-03
9.347347347347348290e+00 9.099061856186500472e-03 9.099061856186500472e-03
9.319319319319319561e+00 9.297859560869295784e-03 9.297859560869295784e-03
9.291291291291290833e+00 9.500572095562388394e-03 9.500572095562388394e-03
9.263263263263262104e+00 9.707246512186988238e-03 9.707246512186988238e-03
9.235235235235235152e+00 9.917928890695239252e-03 9.917928890695239252e-03
9.207207207207208199e+00 1.013266404728404256e-02 1.013266404728404256e-02
9.179179179179179471e+00 1.035149545809508839e-02 1.035149545809508839e-02
9.151151151151150742e+00 1.057446517086729071e-02 1.057446517086729071e-02
9.123123123123122014e+00 1.080161370322700425e-02 1.080161370322700425e-02
9.095095095095095061e+00 1.103297992640310532e-02 1.103297992640310532e-02
9.067067067067068109e+00 1.126860093327749363e-02 1.126860093327749363e-02
9.039039039039039380e+00 1.150851188982335814e-02 1.150851188982335814e-02
9.011011011011010652e+00 1.175274586914377625e-02 1.175274586914377625e-02
8.982982982982981923e+00 1.200133366749651063e-02 1.200133366749651063e-02
8.954954954954954971e+00 1.225430360187191627e-02 1.225430360187191627e-02
8.926926926926928019e+00 1.251168128887428059e-02 1.251168128887428059e-02
8.898898898898899290e+00 1.277348945068252327e-02 1.277348945068252327e-02
8.870870870870870561e+00 1.303975669807610344e-02 1.303975669807610344e-02
8.842842842842841833e+00 1.331052827689571498e-02 1.331052827689571498e-02
8.814814814814814881e+00 1.358584875874726226e-02 1.358584875874726226e-02
8.786786786786787928e+00 1.386575932151061681e-02 1.386575932151061681e-02
8.758758758758759200e+00 1.415029767167436461e-02 1.415029767167436461e-02
8.730730730730730471e+00 1.443949796160633875e-02 1.443949796160633875e-02
8.702702702702701743e+00 1.473339069965498571e-02 1.473339069965498571e-02
8.674674674674674790e+00 1.503200265034928054e-02 1.503200265034928054e-02
8.646646646646647838e+00 1.533535672121162131e-02 1.533535672121162131e-02
8.618618618618619109e+00 1.564347183181824877e-02 1.564347183181824877e-02
8.590590590590590381e+00 1.595636275975145790e-02 1.595636275975145790e-02
8.562562562562561652e+00 1.627403995700371642e-02 1.627403995700371642e-02
8.534534534534534700e+00 1.659650932925848046e-02 1.659650932925848046e-02
8.506506506506507748e+00 1.692377076244943809e-02 1.692377076244943809e-02
8.478478478478479019e+00 1.725577606870024733e-02 1.725577606870024733e-02
8.450450450450450290e+00 1.759241783070294302e-02 1.759241783070294302e-02
8.422422422422421562e+00 1.793357959440196672e-02 1.793357959440196672e-02
8.394394394394394610e+00 1.827913971269773744e-02 1.827913971269773744e-02
8.366366366366367657e+00 1.862897185754860269e-02 1.862897185754860269e-02
8.338338338338338929e+00 1.898294553065359852e-02 1.898294553065359852e-02
8.310310310310310200e+00 1.934092655557801896e-02 1.934092655557801896e-02
8.282282282282281471e+00 1.970277753232155607e-02 1.970277753232155607e-02
8.254254254254254519e+00 2.006835823377307523e-02 2.006835823377307523e-02
8.226226226226227567e+00 2.043752592228502071e-02 2.043752592228502071e-02
8.198198198198198838e+00 2.081013556374128326e-02 2.081013556374128326e-02
8.170170170170170110e+00 2.118603991596621633e-02 2.118603991596621633e-02
8.142142142142141381e+00 2.156509592907921227e-02 2.156509592907921227e-02
8.114114114114114429e+00 2.194721324688990102e-02 2.194721324688990102e-02
8.086086086086085700e+00 2.233232828285531754e-02 2.233232828285531754e-02
8.058058058058058748e+00 2.272037696775922044e-02 2.272037696775922044e-02
8.030030030030030019e+00 2.311129395591364488e-02 2.311129395591364488e-02
8.002002002002001291e+00 2.350501182959158220e-02 2.350501182959158220e-02
7.973973973973974338e+00 2.390146007368571315e-02 2.390146007368571315e-02
7.945945945945945610e+00 2.430056379776978845e-02 2.430056379776978845e-02
7.917917917917917769e+00 2.470224218146827369e-02 2.470224218146827369e-02
7.889889889889889929e+00 2.510640661738057847e-02 2.510640661738057847e-02
7.861861861861862089e+00 2.551295852390842236e-02 2.551295852390842236e-02
7.833833833833834248e+00 2.592178678137859599e-02 2.592178678137859599e-02
7.805805805805805520e+00 2.633274244621274657e-02 2.633274244621274657e-02
7.777777777777777679e+00 2.674559249556811291e-02 2.674559249556811291e-02
7.749749749749749839e+00 2.716007367261200414e-02 2.716007367261200414e-02
7.721721721721721998e+00 2.757590468181594923e-02 2.757590468181594923e-02
7.693693693693694158e+00 2.799278613527638598e-02 2.799278613527638598e-02
7.665665665665665429e+00 2.841040051314362019e-02 2.841040051314362019e-02
7.637637637637637589e+00 2.882841208464016064e-02 2.882841208464016064e-02
7.609609609609609748e+00 2.924646673738486025e-02 2.924646673738486025e-02
7.581581581581581908e+00 2.966419167074232921e-02 2.966419167074232921e-02
7.553553553553553179e+00 3.008119492375362081e-02 3.008119492375362081e-02
7.525525525525525339e+00 3.049706574303166773e-02 3.049706574303166773e-02
7.497497497497497498e+00 3.091143526830247845e-02 3.091143526830247845e-02
7.469469469469469658e+00 3.132400435409590789e-02 3.132400435409590789e-02
7.441441441441441818e+00 3.173444809261793953e-02 3.173444809261793953e-02
7.413413413413413089e+00 3.214241004217205377e-02 3.214241004217205377e-02
7.385385385385385248e+00 3.254750593019975491e-02 3.254750593019975491e-02
7.357357357357357408e+00 3.294932760433985641e-02 3.294932760433985641e-02
7.329329329329329568e+00 3.334744717967848965e-02 3.334744717967848965e-02
7.301301301301301727e+00 3.374142131152543800e-02 3.374142131152543800e-02
7.273273273273272999e+00 3.413079548535970231e-02 3.413079548535970231e-02
7.245245245245245158e+00 3.451510874592029349e-02 3.451510874592029349e-02
7.217217217217217318e+00 3.489393353792741292e-02 3.489393353792741292e-02
7.189189189189189477e+00 3.526691387034204539e-02 3.526691387034204539e-02
7.161161161161161637e+00 3.563373355169867363e-02 3.563373355169867363e-02
7.133133133133132908e+00 3.599411845342536526e-02 3.599411845342536526e-02
7.105105105105105068e+00 3.634784135679219874e-02 3.634784135679219874e-02
7.077077077077077227e+00 3.669472515895707415e-02 3.669472515895707415e-02
7.049049049049049387e+00 3.703464425281678685e-02 3.703464425281678685e-02
7.021021021021020658e+00 3.736752390942546520e-02 3.736752390942546520e-02
6.992992992992992818e+00 3.769333752293169831e-02 3.769333752293169831e-02
6.964964964964964977e+00 3.801204550986180680e-02 3.801204550986180680e-02
6.936936936936937137e+00 3.832345814661734795e-02 3.832345814661734795e-02
6.908908908908909297e+00 3.862739101028313943e-02 3.862739101028313943e-02
6.880880880880880568e+00 3.892370880091278879e-02 3.892370880091278879e-02
6.852852852852852727e+00 3.921232605175038743e-02 3.921232605175038743e-02
6.824824824824824887e+00 3.949320546700890722e-02 3.949320546700890722e-02
6.796796796796797047e+00 3.976635386853520637e-02 3.976635386853520637e-02
6.768768768768769206e+00 4.003181585036046097e-02 4.003181585036046097e-02
6.740740740740740478e+00 4.028966440337584248e-02 4.028966440337584248e-02
6.712712712712712637e+00 4.053995638113852551e-02 4.053995638113852551e-02
6.684684684684684797e+00 4.078272242038952222e-02 4.078272242038952222e-02
6.656656656656656956e+00 4.101802011044838880e-02 4.101802011044838880e-02
6.628628628628629116e+00 4.124594474630831342e-02 4.124594474630831342e-02
6.600600600600600387e+00 4.146663483909025089e-02 4.146663483909025089e-02
6.572572572572572547e+00 4.168027524302082149e-02 4.168027524302082149e-02
6.544544544544544706e+00 4.188709769681298739e-02 4.188709769681298739e-02
6.516516516516516866e+00 4.208737994959237116e-02 4.208737994959237116e-02
6.488488488488488137e+00 4.228151582361618782e-02 4.228151582361618782e-02
6.460460460460460297e+00 4.247001063583790564e-02 4.247001063583790564e-02
6.432432432432432456e+00 4.265331862069669105e-02 4.265331862069669105e-02
6.404404404404404616e+00 4.283182346538818436e-02 4.283182346538818436e-02
6.376376376376376776e+00 4.300583628547564180e-02 4.300583628547564180e-02
6.348348348348348047e+00 4.317559650870588656e-02 4.317559650870588656e-02
6.320320320320320207e+00 4.334127489681265794e-02 4.334127489681265794e-02
6.292292292292292366e+00 4.350293543039483041e-02 4.350293543039483041e-02
6.264264264264264526e+00 4.366024546229292647e-02 4.366024546229292647e-02
6.236236236236236685e+00 4.381276767831127766e-02 4.381276767831127766e-02
6.208208208208207957e+00 4.396018039138888112e-02 4.396018039138888112e-02
6.180180180180180116e+00 4.410227428119169873e-02 4.410227428119169873e-02
6.152152152152152276e+00 4.423894410710686037e-02 4.423894410710686037e-02
6.124124124124124435e+00 4.437017506245077153e-02 4.437017506245077153e-02
6.096096096096096595e+00 4.449606610104520077e-02 4.449606610104520077e-02
6.068068068068067866e+00 4.461723935189161605e-02 4.461723935189161605e-02
6.040040040040040026e+00 4.473440989489899100e-02 4.473440989489899100e-02
6.012012012012012185e+00 4.484800383229195497e-02 4.484800383229195497e-02
5.983983983983984345e+00 4.495825268376214823e-02 4.495825268376214823e-02
5.955955955955955616e+00 4.506527937497045028e-02 4.506527937497045028e-02
5.927927927927928664e+00 4.516915839416027478e-02 4.516915839416026784e-02
5.899899899899899935e+00 4.526965019027999471e-02 4.526965019027998777e-02
5.871871871871871207e+00 4.536526229333372184e-02 4.536526229333370103e-02
5.843843843843844255e+00 4.545443768661194123e-02 4.545443768661191347e-02
5.815815815815815526e+00 4.553613087788975500e-02 4.553613087788969255e-02
5.787787787787788574e+00 4.561011890552062187e-02 4.561011890552049003e-02
5.759759759759759845e+00 4.567714994272170648e-02 4.567714994272144280e-02
5.731731731731731116e+00 4.573883423540072574e-02 4.573883423540018450e-02
5.703703703703704164e+00 4.579810636903886012e-02 4.579810636903777071e-02
5.675675675675675436e+00 4.585661059195819678e-02 4.585661059195601102e-02
5.647647647647648483e+00 4.591459330456303112e-02 4.591459330455867349e-02
5.619619619619619755e+00 4.597220646137810396e-02 4.597220646136950667e-02
5.591591591591591026e+00 4.603025199409572360e-02 4.603025199407891066e-02
5.563563563563564074e+00 4.609077384680403816e-02 4.609077384677143230e-02
5.535535535535535345e+00 4.615293716746495661e-02 4.615293716740228452e-02
5.507507507507508393e+00 4.620788419548277348e-02 4.620788419536334818e-02
5.479479479479479664e+00 4.624113421823147774e-02 4.624113421800586654e-02
5.451451451451450936e+00 4.625732651543702778e-02 4.625732651501453935e-02
5.423423423423423984e+00 4.627273001773019034e-02 4.627273001694587329e-02
5.395395395395395255e+00 4.629134041812567324e-02 4.629134041668232086e-02
5.367367367367368303e+00 4.631094985699310551e-02 4.631094985436005895e-02
5.339339339339339574e+00 4.632918104717039659e-02 4.632918104240877494e-02
5.311311311311310845e+00 4.634553601979364557e-02 4.634553601125751543e-02
5.283283283283283893e+00 4.636117133188768363e-02 4.636117131671801256e-02
5.255255255255255165e+00 4.638181424501713890e-02 4.638181421829319639e-02
5.227227227227226436e+00 4.643603730393709023e-02 4.643603725726749148e-02
5.199199199199199484e+00 4.644873797585812036e-02 4.644873789506453327e-02
5.171171171171170755e+00 4.639455260021548011e-02 4.639455246156257151e-02
5.143143143143143803e+00 4.638560943439765799e-02 4.638560919851810599e-02
5.115115115115115074e+00 4.638382427685697890e-02 4.638382387906059973e-02
5.087087087087086346e+00 4.638319289897504388e-02 4.638319223394601204e-02
5.059059059059059393e+00 4.638313422168815342e-02 4.638313311956628049e-02
5.031031031031030665e+00 4.638414146801962679e-02 4.638413965739730110e-02
5.003003003003003712e+00 4.638611617554442429e-02 4.638611322681207572e-02
4.974974974974974984e+00 4.638664989763743862e-02 4.638664513714286369e-02
4.946946946946946255e+00 4.638814200686218470e-02 4.638813438821202950e-02
4.918918918918919303e+00 4.640045664123634839e-02 4.640044455438374627e-02
4.890890890890890574e+00 4.641711545918494886e-02 4.641709645025555303e-02
4.862862862862863622e+00 4.643033096381819075e-02 4.643030132838172480e-02
4.834834834834834894e+00 4.644058724408699212e-02 4.644054144316325100e-02
4.806806806806806165e+00 4.645021843857651683e-02 4.645014826939885405e-02
4.778778778778779213e+00 4.646055940448856614e-02 4.646045283625221262e-02
4.750750750750750484e+00 4.647294381007816694e-02 4.647278336795010456e-02
4.722722722722723532e+00 4.648953174610092470e-02 4.648929229419679343e-02
4.694694694694694803e+00 4.651091456161401266e-02 4.651056029728523750e-02
4.666666666666666075e+00 4.653673388238441927e-02 4.653621431030196404e-02
4.638638638638639122e+00 4.656607459880644784e-02 4.656531920495191046e-02
4.610610610610610394e+00 4.659829096165279960e-02 4.659720225632067031e-02
4.582582582582583441e+00 4.663521288388972064e-02 4.663365743221518922e-02
4.554554554554554713e+00 4.667926847780839994e-02 4.667706549060206267e-02
4.526526526526525984e+00 4.673286908559495106e-02 4.672977610839763873e-02
4.498498498498499032e+00 4.679732678736163443e-02 4.679302200928826122e-02
4.470470470470470303e+00 4.686972965230898347e-02 4.686379036766593481e-02
4.442442442442443351e+00 4.694697336772901686e-02 4.693885017309525065e-02
4.414414414414414622e+00 4.702461034789820471e-02 4.701359675663416282e-02
4.386386386386385894e+00 4.709755288099494452e-02 4.708275019715157939e-02
4.358358358358358942e+00 4.716829931014026450e-02 4.714857683436442237e-02
4.330330330330330213e+00 4.724171196793663929e-02 4.721566291630635570e-02
4.302302302302303261e+00 4.731497008286245087e-02 4.728086398822860942e-02
4.274274274274274532e+00 4.739407812625486688e-02 4.734981095683665070e-02
4.246246246246245803e+00 4.753120024710023178e-02 4.747424400683668277e-02
4.218218218218218851e+00 4.773199617901264374e-02 4.765935032689051082e-02
4.190190190190190123e+00 4.787941151495748310e-02 4.778755912396641381e-02
4.162162162162161394e+00 4.803681149605541767e-02 4.792168362360214873e-02
4.134134134134134442e+00 4.823455037968998188e-02 4.809150258758272678e-02
4.106106106106105713e+00 4.845917179745229397e-02 4.828297708099375113e-02
4.078078078078078761e+00 4.870117459520367093e-02 4.848603709405872181e-02
4.050050050050050032e+00 4.881088519411046212e-02 4.855047890071681471e-02
4.022022022022021304e+00 4.898437647946853046e-02 4.867191268018802863e-02
3.993993993993994351e+00 4.922695130033243049e-02 4.885527764179663918e-02
3.965965965965965623e+00 4.951241293752509792e-02 4.907414578950211603e-02
3.937937937937938671e+00 4.984070874656153921e-02 4.932839894564274713e-02
3.909909909909909942e+00 5.013352476513489170e-02 4.953985491657405399e-02
3.881881881881881213e+00 5.037158611961348176e-02 4.968959548946905863e-02
3.853853853853854261e+00 5.066254879596334554e-02 4.988587955880250530e-02
3.825825825825825532e+00 5.102256192399783757e-02 5.014571828935110442e-02
3.797797797797798580e+00 5.143101228067992886e-02 5.044962197209065108e-02
3.769769769769769852e+00 5.184126957986357614e-02 5.075233546073108087e-02
3.741741741741741123e+00 5.222899081167770713e-02 5.103111931307138111e-02
3.713713713713714171e+00 5.262470517918000495e-02 5.131829773452691729e-02
3.685685685685685442e+00 5.253600556206082517e-02 5.168523210382294786e-02
3.657657657657658490e+00 5.292795272040883708e-02 5.218627431095426011e-02
3.629629629629629761e+00 5.339047828921200667e-02 5.286028736502299680e-02
3.601601601601601033e+00 5.390833641765388484e-02 5.371867520199606616e-02
3.573573573573574080e+00 5.444784027862124148e-02 5.480045913617469927e-02
3.545545545545545352e+00 5.500017322708928430e-02 5.622592111844249008e-02
3.517517517517518399e+00 5.559584490779335281e-02 5.812664655178292894e-02
3.489489489489489671e+00 5.620309975674716435e-02 6.029459835788505973e-02
3.461461461461460942e+00 5.664884499635504389e-02 6.175499256808206910e-02
3.433433433433433990e+00 5.680142442464303221e-02 6.152917683470013333e-02
3.405405405405405261e+00 5.681208299675903628e-02 6.017712329244035568e-02
3.377377377377378309e+00 5.683830013536982084e-02 5.880262312119455964e-02
3.349349349349349581e+00 5.689771856828491903e-02 5.780857587157689492e-02
3.321321321321320852e+00 5.703435790575332037e-02 5.722653075625066393e-02
3.293293293293293900e+00 5.729919401128470008e-02 5.701040348500722305e-02
3.265265265265265171e+00 5.766015245810656581e-02 5.704682872207982036e-02
3.237237237237238219e+00 5.805423563244570262e-02 5.721661357548499943e-02
3.209209209209209490e+00 5.846807779643917180e-02 5.746789792179201467e-02
3.181181181181180762e+00 5.953592604142060596e-02 5.779408813810282819e-02
3.153153153153153809e+00 5.998247840602800168e-02 5.823832246176516986e-02
3.125125125125125081e+00 6.065168109153119130e-02 5.888151372147840817e-02
3.097097097097096352e+00 6.152285934907394949e-02 5.969652034847457156e-02
3.069069069069069400e+00 6.246933923899650881e-02 6.054965588887066541e-02
3.041041041041040671e+00 6.336440699287128331e-02 6.130660882529540001e-02
3.013013013013013719e+00 6.418564351068686835e-02 6.193673552708296726e-02
2.984984984984984990e+00 6.513438210072543255e-02 6.263248102079643775e-02
2.956956956956956262e+00 6.642639298406433079e-02 6.360003883342357778e-02
2.928928928928929309e+00 6.800807610958937988e-02 6.477553980936183453e-02
2.900900900900900581e+00 6.983851033091825755e-02 6.610712629518290806e-02
2.872872872872873629e+00 7.191597850115247215e-02 6.758153886226302143e-02
2.844844844844844900e+00 7.050042879541741636e-02 6.920457881146194201e-02
2.816816816816816171e+00 7.286207388579371558e-02 7.108953956036327682e-02
2.788788788788789219e+00 7.556535547977920320e-02 7.342980535555410082e-02
2.760760760760760490e+00 7.876781302895211057e-02 7.665190815336217489e-02
2.732732732732733538e+00 8.263028058059783409e-02 8.117033052361743994e-02
2.704704704704704810e+00 7.893226777128065086e-02 8.419810322559925786e-02
2.676676676676676081e+00 8.179304090853807552e-02 8.384533118453695033e-02
2.648648648648649129e+00 8.520950875222249588e-02 8.434938901766607378e-02
2.620620620620620400e+00 8.850084807828760558e-02 8.556385767074235760e-02
2.592592592592593448e+00 8.977043023805966748e-02 8.655688013051032748e-02
2.564564564564564719e+00 9.250737724811995688e-02 8.782164272556504392e-02
2.536536536536535991e+00 9.487060380911979673e-02 8.903396338012253830e-02
2.508508508508509038e+00 9.828020946180789086e-02 9.035363732639743739e-02
2.480480480480480310e+00 9.903680017925793611e-02 9.257566597909404338e-02
2.452452452452453358e+00 1.035874656934288457e-01 9.615330007978045712e-02
2.424424424424424629e+00 1.064816362416684259e-01 9.907410999278487562e-02
2.396396396396395900e+00 1.107636436302714966e-01 1.018688701955753340e-01
2.368368368368368948e+00 1.157153625889943416e-01 1.055493246608881358e-01
2.340340340340340219e+00 1.182508984347032666e-01 1.106267635878230016e-01
2.312312312312313267e+00 1.214682619481449039e-01 1.197682210935736985e-01
2.284284284284284539e+00 1.262832953536824065e-01 1.215219753308881268e-01
2.256256256256255810e+00 1.298393045187484218e-01 1.250172739059697558e-01
2.228228228228228858e+00 1.321139852444774276e-01 1.275913235462164397e-01
2.200200200200200129e+00 1.332377413796161925e-01 1.286137237075450079e-01
2.172172172172171400e+00 1.378936489678616595e-01 1.273900299346567844e-01
2.144144144144144448e+00 1.402769110901833649e-01 1.325689566316129719e-01
2.116116116116115720e+00 1.450854399889054680e-01 1.396636317242068159e-01
2.088088088088088767e+00 1.500521310807600150e-01 1.442383277234877414e-01
2.060060060060060039e+00 1.552969172301875145e-01 1.492986658376159459e-01
2.032032032032031310e+00 1.609014707090794805e-01 1.538474583041676003e-01
2.004004004004004358e+00 1.612498085472119924e-01 1.551455238615378207e-01
1.975975975975975629e+00 1.670519387391192212e-01 1.586277717582520175e-01
1.947947947947948677e+00 1.703151884159402885e-01 1.629622818555300223e-01
1.919919919919919948e+00 1.718072770737034405e-01 1.682370093507549180e-01
1.891891891891891220e+00 1.761313957266835983e-01 1.733275608787442079e-01
1.863863863863864268e+00 1.759729744474927970e-01 1.773749355053818033e-01
1.835835835835835539e+00 1.801827208753974119e-01 1.785579694095157932e-01
1.807807807807808587e+00 1.766844583035071248e-01 1.782551679230443831e-01
1.779779779779779858e+00 1.769374387742459753e-01 1.810347666569054326e-01
1.751751751751751129e+00 1.792364907331229218e-01 1.910293443188511575e-01
1.723723723723724177e+00 1.739544466446661941e-01 2.097064083764393627e-01
1.695695695695695449e+00 1.709923479827759052e-01 2.322548148148905756e-01
1.667667667667668496e+00 1.707224269488243906e-01 2.497386600909133059e-01
1.639639639639639768e+00 1.704488895945515670e-01 2.682085734121184561e-01
1.611611611611611039e+00 1.673655556120738075e-01 2.851887006622263465e-01
1.583583583583584087e+00 1.632007321185447724e-01 2.657239918780976984e-01
1.555555555555555358e+00 1.585077529930383200e-01 2.337319460073363775e-01
1.527527527527528406e+00 1.547863043091537161e-01 2.146105288221187013e-01
1.499499499499499677e+00 1.512799760754232614e-01 1.958629461391817317e-01
1.471471471471470949e+00 1.468086850785305653e-01 1.768346085037209303e-01
1.443443443443443996e+00 1.435216922420489427e-01 1.566176076865201661e-01
1.415415415415415268e+00 1.357268272416616295e-01 1.350494447215714044e-01
1.387387387387388316e+00 1.297670181646365939e-01 1.139460006714421714e-01
1.359359359359359587e+00 1.201308048288456248e-01 9.487008451580046520e-02
1.331331331331330858e+00 1.115457475782213603e-01 7.852512503636022156e-02
1.303303303303303906e+00 1.020444924100517015e-01 6.498206256031634209e-02
1.275275275275275177e+00 9.177636996844321104e-02 5.395189598801133912e-02
1.247247247247248225e+00 8.324005314737240036e-02 4.507873876599415713e-02
1.219219219219219497e+00 7.586269321753927319e-02 3.796186902559779003e-02
1.191191191191190768e+00 6.716749298850482885e-02 3.227127218282993537e-02
1.163163163163163816e+00 5.932023303513891954e-02 2.771848353108446669e-02
1.135135135135135087e+00 5.358278970772215738e-02 2.405923972925310197e-02
1.107107107107106359e+00 4.704680480187935221e-02 2.109802960449758125e-02
1.079079079079079406e+00 4.164488395260875636e-02 1.869755978493822801e-02
1.051051051051050678e+00 3.644481056957282056e-02 1.672932878980462265e-02
1.023023023023023725e+00 3.249867264200134720e-02 1.510265514406513611e-02
9.949949949949949968e-01 2.899719389845616807e-02 1.376220672540214539e-02
9.669669669669662682e-01 2.537486193484173383e-02 1.264550365156926794e-02
9.389389389389393159e-01 2.286269578165834801e-02 1.170342275574249441e-02
9.109109109109105873e-01 2.051641531971320695e-02 1.091493395187172893e-02
8.828828828828836350e-01 1.811200636660450711e-02 1.025457134930014835e-02
8.548548548548549064e-01 1.606602882082454678e-02 9.686917140733377826e-03
8.268268268268261778e-01 1.433911109464474504e-02 9.201468913465906188e-03
7.987987987987992256e-01 1.290035131735633653e-02 8.795666338375552132e-03
7.707707707707704969e-01 1.169568091214416919e-02 8.442585010271499643e-03
7.427427427427435447e-01 1.070196102064308215e-02 8.144528017742224194e-03
7.147147147147148161e-01 9.884656905727606108e-03 7.890350576133497648e-03
6.866866866866860875e-01 9.212700966402059821e-03 7.670112785502065066e-03
6.586586586586591352e-01 8.664495453051443072e-03 7.480992259351387265e-03
6.306306306306304066e-01 8.216230321730853478e-03 7.315610799013017376e-03
6.026026026026034543e-01 7.858785307723704233e-03 7.179022602135550803e-03
5.745745745745747257e-01 7.566301429817053580e-03 7.057428575083269338e-03
5.465465465465459971e-01 7.332413984517910203e-03 6.954590057149835289e-03
5.185185185185190448e-01 7.143340513212326562e-03 6.865119189473978430e-03
4.904904904904903162e-01 6.989097131443899706e-03 6.785905882507292999e-03
4.624624624624633640e-01 6.861871088110286718e-03 6.714698693124683364e-03
4.344344344344346354e-01 6.765068470771038421e-03 6.659350718977654834e-03
4.064064064064059068e-01 6.682493003490292544e-03 6.607181128003459560e-03
3.783783783783789545e-01 6.615242294700888169e-03 6.562035479703839935e-03
3.503503503503502259e-01 6.555445851901483406e-03 6.518167690865884524e-03
3.223223223223232736e-01 6.515884127011453003e-03 6.489982789618110523e-03
2.942942942942945450e-01 6.471501788464979234e-03 6.453654511121512810e-03
2.662662662662658164e-01 6.440728913803810997e-03 6.428532939177723261e-03
2.382382382382388641e-01 6.411615246269246164e-03 6.403349229965322846e-03
2.102102102102101355e-01 6.392778861994376921e-03 6.387220823833300067e-03
1.821821821821831833e-01 6.369529760772275548e-03 6.365819721846869596e-03
1.541541541541544547e-01 6.353263999915523264e-03 6.350801400236402716e-03
1.261261261261257260e-01 6.335970028013207869e-03 6.334337788829295067e-03
9.809809809809877379e-02 6.323856926926258934e-03 6.322765564297524662e-03
7.007007007007004518e-02 6.315905514984552528e-03 6.315152008073453456e-03
4.204204204204131656e-02 6.310157362349482282e-03 6.309594528380536339e-03
1.401401401401436431e-02 6.306452670561653664e-03 6.305965605133091387e-03
-1.401401401401436431e-02 6.303118924259844789e-03 6.302605641429115738e-03
-4.204204204204131656e-02 6.301128407551909345e-03 6.300482169558193485e-03
-7.007007007007004518e-02 6.302404631806186527e-03 6.301495601120623603e-03
-9.809809809809877379e-02 6.306515312364989294e-03 6.305169091785662629e-03
-1.261261261261257260e-01 6.309186261770594398e-03 6.307156608648124482e-03
-1.541541541541544547e-01 6.317611813211587365e-03 6.314544313310336068e-03
-1.821821821821814069e-01 6.329425159594121407e-03 6.324807912121245719e-03
-2.102102102102101355e-01 6.347176764019405414e-03 6.340273147796816021e-03
-2.382382382382388641e-01 6.361210641071922932e-03 6.350967990343794715e-03
-2.662662662662658164e-01 6.383396437323005448e-03 6.368322948674725627e-03
-2.942942942942945450e-01 6.413853683128535252e-03 6.391854109752444744e-03
-3.223223223223214973e-01 6.448547270011149510e-03 6.416705963735185383e-03
-3.503503503503502259e-01 6.495714979000678790e-03 6.450012670476263678e-03
-3.783783783783789545e-01 6.557567189587518684e-03 6.492515646835162607e-03
-4.064064064064059068e-01 6.617188756864207135e-03 6.525365272338067880e-03
-4.344344344344346354e-01 6.703689134624110993e-03 6.575150855112678674e-03
-4.624624624624615876e-01 6.803370870715250325e-03 6.624927555184591081e-03
-4.904904904904903162e-01 6.939445705951485452e-03 6.693768885139114028e-03
-5.185185185185190448e-01 7.098433207911243256e-03 6.762980290591249014e-03
-5.465465465465459971e-01 7.302512589595007084e-03 6.848246618266528793e-03
-5.745745745745747257e-01 7.558138402683303204e-03 6.948028327443194277e-03
-6.026026026026016780e-01 7.864437473292594516e-03 7.051730392644684105e-03
-6.306306306306304066e-01 8.260960551610244812e-03 7.187226710162045173e-03
-6.586586586586591352e-01 8.738806939410339453e-03 7.331770611645050187e-03
-6.866866866866860875e-01 9.336461210015516154e-03 7.507646005082748222e-03
-7.147147147147148161e-01 1.005702804396756481e-02 7.699263479126331952e-03
-7.427427427427417683e-01 1.095300891922893101e-02 7.937865886076145294e-03
-7.707707707707704969e-01 1.202880940349610253e-02 8.204054620880136053e-03
-7.987987987987992256e-01 1.333678004556859698e-02 8.523962634076101899e-03
-8.268268268268261778e-01 1.490926608513052330e-02 8.901571540598052917e-03
-8.548548548548549064e-01 1.678055669073756986e-02 9.341083000274771550e-03
-8.828828828828836350e-01 1.900352216326023705e-02 9.864147589600535254e-03
-9.109109109109105873e-01 2.161438608494513705e-02 1.047540612862581447e-02
-9.389389389389393159e-01 2.394300391786097909e-02 1.121214884249502157e-02
-9.669669669669662682e-01 2.681972004941137605e-02 1.207913729614624315e-02
-9.949949949949949968e-01 3.008814585491747379e-02 1.312273897824732527e-02
-1.023023023023023725e+00 3.356624049402213983e-02 1.439752110796140884e-02
-1.051051051051050678e+00 3.765253179709372039e-02 1.593502995861154764e-02
-1.079079079079079406e+00 4.307978063948778719e-02 1.782344858639777624e-02
-1.107107107107106359e+00 4.917945576373918687e-02 2.015075905597917688e-02
-1.135135135135135087e+00 5.559064521620311894e-02 2.301858292801322106e-02
-1.163163163163163816e+00 6.076421077075694344e-02 2.660929575867528388e-02
-1.191191191191190768e+00 6.867010842903899237e-02 3.111002840541337786e-02
-1.219219219219219497e+00 7.734050655597754509e-02 3.679379533993736712e-02
-1.247247247247246449e+00 8.539658944438645316e-02 4.397993824819255299e-02
-1.275275275275275177e+00 9.341678849650918159e-02 5.302709300637946377e-02
-1.303303303303303906e+00 1.019306709992696264e-01 6.439369305304817881e-02
-1.331331331331330858e+00 1.113052256093668008e-01 7.847657839550863101e-02
-1.359359359359359587e+00 1.192903339215360820e-01 9.554476437933935584e-02
-1.387387387387386539e+00 1.282556466834893216e-01 1.153489965051186367e-01
-1.415415415415415268e+00 1.336522375826474374e-01 1.369994193273264549e-01
-1.443443443443443996e+00 1.409026139754273044e-01 1.589375191728361614e-01
-1.471471471471470949e+00 1.476422008611683601e-01 1.796368456426442051e-01
-1.499499499499499677e+00 1.492211559696265122e-01 1.997569922663156028e-01
-1.527527527527526630e+00 1.541798185964457502e-01 2.199242824661646611e-01
-1.555555555555555358e+00 1.597916479450332827e-01 2.398799608894211233e-01
-1.583583583583584087e+00 1.648906517516340320e-01 2.707268666817346792e-01
-1.611611611611611039e+00 1.692265403546855118e-01 2.868612997340136972e-01
-1.639639639639639768e+00 1.723740592344001066e-01 2.677198198101003457e-01
-1.667667667667666720e+00 1.741747194478495409e-01 2.496635170940117443e-01
-1.695695695695695449e+00 1.728750342898396075e-01 2.342029529234675722e-01
-1.723723723723724177e+00 1.759678567682233241e-01 2.136819086140475110e-01
-1.751751751751751129e+00 1.806772916059847245e-01 1.961507436428318596e-01
-1.779779779779779858e+00 1.781699624231716517e-01 1.866682192855405875e-01
-1.807807807807806810e+00 1.775651903673696741e-01 1.837177164782966832e-01
-1.835835835835835539e+00 1.812759133179696336e-01 1.831384154464822944e-01
-1.863863863863864268e+00 1.766554169928430951e-01 1.812690873408742687e-01
-1.891891891891891220e+00 1.746465783763535840e-01 1.770820638614576947e-01
-1.919919919919919948e+00 1.765757931122556024e-01 1.717357864807691481e-01
-1.947947947947948677e+00 1.705969005528784888e-01 1.658764371858641451e-01
-1.975975975975975629e+00 1.687883783326756537e-01 1.596027205593505971e-01
-2.004004004004002581e+00 1.623152168246272953e-01 1.526211664418752612e-01
-2.032032032032031310e+00 1.561336303317474861e-01 1.457753860807874113e-01
-2.060060060060060039e+00 1.502810438805503301e-01 1.398242166093655314e-01
-2.088088088088088767e+00 1.476631042846429098e-01 1.351503629490817260e-01
-2.116116116116117496e+00 1.423763807348003008e-01 1.312726315465395921e-01
-2.144144144144142672e+00 1.394146810902335276e-01 1.275340248077315719e-01
-2.172172172172171400e+00 1.346003491089452497e-01 1.238879577041567953e-01
-2.200200200200200129e+00 1.324655514624240582e-01 1.206749317660196774e-01
-2.228228228228228858e+00 1.320781359493788665e-01 1.182280647260945949e-01
-2.256256256256257586e+00 1.287997286424474308e-01 1.167497959176755778e-01
-2.284284284284282762e+00 1.237611266711334118e-01 1.163141211488812332e-01
-2.312312312312311491e+00 1.192832694940543781e-01 1.172275218209582193e-01
-2.340340340340340219e+00 1.163557935361021062e-01 1.213904763504560363e-01
-2.368368368368368948e+00 1.143583307957975331e-01 1.154441965253895364e-01
-2.396396396396397677e+00 1.100719501874539430e-01 1.091102377862487177e-01
-2.424424424424422853e+00 1.063656671218311395e-01 1.036428332048942580e-01
-2.452452452452451581e+00 1.019354428725646883e-01 9.834613983003159809e-02
-2.480480480480480310e+00 9.780338864475969507e-02 9.365688390799924157e-02
-2.508508508508509038e+00 9.389554355849073775e-02 8.980809803293297866e-02
-2.536536536536537767e+00 9.411777879020705173e-02 8.679435155572595706e-02
-2.564564564564562943e+00 9.402839896325748681e-02 8.455965702918638582e-02
-2.592592592592591672e+00 9.197352961633918633e-02 8.310459851029955436e-02
-2.620620620620620400e+00 8.984910441860223529e-02 8.241939430684089296e-02
-2.648648648648649129e+00 8.657015752441743484e-02 8.231973476671142209e-02
-2.676676676676677857e+00 8.350979316231475769e-02 8.256630348517683682e-02
-2.704704704704703033e+00 8.062017914149989528e-02 8.290671530030101211e-02
-2.732732732732731762e+00 7.788076561826805244e-02 8.292790724601388497e-02
-2.760760760760760490e+00 7.528731133748389759e-02 8.211163009463176565e-02
-2.788788788788789219e+00 7.284625839950310822e-02 8.009432373307386055e-02
-2.816816816816817948e+00 7.055802285436466037e-02 7.711350045751914906e-02
-2.844844844844843124e+00 7.140054759986662336e-02 7.383853474336282696e-02
-2.872872872872871852e+00 7.226407432433891442e-02 7.079295398304767672e-02
-2.900900900900900581e+00 7.135798229494141887e-02 6.818994877322494264e-02
-2.928928928928929309e+00 6.940565504855865375e-02 6.604425413400348555e-02
-2.956956956956958038e+00 6.721391160818797339e-02 6.433132670212600435e-02
-2.984984984984983214e+00 6.543499057252015472e-02 6.319736185264038242e-02
-3.013013013013011943e+00 6.375122721596565567e-02 6.334576688501615538e-02
-3.041041041041040671e+00 6.211150392977716345e-02 6.233888713905558210e-02
-3.069069069069069400e+00 6.063717123459215486e-02 6.002884486535408487e-02
-3.097097097097098128e+00 5.931012386187483471e-02 5.788140817339160887e-02
-3.125125125125123304e+00 5.808286962055365932e-02 5.683073992187482465e-02
-3.153153153153152033e+00 5.716440961191917441e-02 5.619755140306573887e-02
-3.181181181181180762e+00 5.626422101970415118e-02 5.569081893893909618e-02
-3.209209209209209490e+00 5.495541010876079518e-02 5.475376086455254615e-02
-3.237237237237238219e+00 5.567837878458146983e-02 5.420532094220658487e-02
-3.265265265265263395e+00 5.487293169275985621e-02 5.377247399812083023e-02
-3.293293293293292123e+00 5.575312326455502537e-02 5.330917006717948020e-02
-3.321321321321320852e+00 5.498885318899528196e-02 5.291583373383700051e-02
-3.349349349349349581e+00 5.431030494880304677e-02 5.256412332626626133e-02
-3.377377377377378309e+00 5.370269659964837378e-02 5.224218099072060195e-02
-3.405405405405403485e+00 5.311364657739747752e-02 5.190077110457111398e-02
-3.433433433433432214e+00 5.268169711721129578e-02 5.168172366495561026e-02
-3.461461461461460942e+00 5.226771399331411189e-02 5.144925318894158495e-02
-3.489489489489489671e+00 5.189243681653843421e-02 5.122743224294365461e-02
-3.517517517517518399e+00 5.155741088329920258e-02 5.102105438813145377e-02
-3.545545545545547128e+00 5.126358197060528615e-02 5.083417057130927563e-02
-3.573573573573572304e+00 5.100263470895929907e-02 5.066138110201438144e-02
-3.601601601601601033e+00 5.076441742275978469e-02 5.049522660047107286e-02
-3.629629629629629761e+00 5.054740540628014506e-02 5.033662953199704443e-02
-3.657657657657658490e+00 5.035193542764423297e-02 5.018811811584836247e-02
-3.685685685685687218e+00 5.017692435200964141e-02 5.005054404572884669e-02
-3.713713713713712394e+00 5.001947083910852215e-02 4.992269126488705494e-02
-3.741741741741741123e+00 4.987716439993738343e-02 4.980359827743402468e-02
-3.769769769769769852e+00 4.974874541328846989e-02 4.969323583800793614e-02
-3.797797797797798580e+00 4.963361156351018405e-02 4.959203386776168954e-02
-3.825825825825827309e+00 4.953158934997528573e-02 4.950067484511293248e-02
-3.853853853853852485e+00 4.944313994746232094e-02 4.942032179506126305e-02
-3.881881881881881213e+00 4.936910416964705034e-02 4.935238472996061193e-02
-3.909909909909909942e+00 4.930986406215494278e-02 4.929770241459947855e-02
-3.937937937937938671e+00 4.926470350239941370e-02 4.925592140072509312e-02
-3.965965965965967399e+00 4.923288919903872490e-02 4.922659348078226027e-02
-3.993993993993992575e+00 4.921482521674783173e-02 4.921034459642734810e-02
-4.022022022022021304e+00 4.921241082308731862e-02 4.920924502531615757e-02
-4.050050050050050032e+00 4.922741009165041565e-02 4.922518939046099939e-02
-4.078078078078078761e+00 4.926072329329773264e-02 4.925917668825887524e-02
-4.106106106106107489e+00 4.931200150996262188e-02 4.931093196396292566e-02
-4.134134134134132665e+00 4.938038433299885704e-02 4.937964970186266983e-02
-4.162162162162161394e+00 4.946413416545828584e-02 4.946363265176088875e-02
-4.190190190190190123e+00 4.955995657526702375e-02 4.955961572801578091e-02
-4.218218218218218851e+00 4.966387699966601232e-02 4.966364545165807137e-02
-4.246246246246247580e+00 4.977174334065349176e-02 4.977158462280600187e-02
-4.274274274274272756e+00 4.988074096882812170e-02 4.988062886409824759e-02
-4.302302302302301484e+00 4.998876490755221197e-02 4.998867990602919725e-02
-4.330330330330330213e+00 5.009406374001533491e-02 5.009399023192858541e-02
-4.358358358358358942e+00 5.019497035679752056e-02 5.019489425238418678e-02
-4.386386386386387670e+00 5.028985489176483054e-02 5.028976138697988790e-02
-4.414414414414412846e+00 5.037769529301018567e-02 5.037756650848917300e-02
-4.442442442442441575e+00 5.045787207782934103e-02 5.045768428552817320e-02
-4.470470470470470303e+00 5.052968343865208573e-02 5.052940355605825551e-02
-4.498498498498499032e+00 5.059171638853939001e-02 5.059129736395105020e-02
-4.526526526526527761e+00 5.064139076112633697e-02 5.064076539497030377e-02
-4.554554554554552936e+00 5.067471960591939106e-02 5.067379225262142600e-02
-4.582582582582581665e+00 5.068634948817940522e-02 5.068498496186694957e-02
-4.610610610610610394e+00 5.067048263346171644e-02 5.066849150153299175e-02
-4.638638638638639122e+00 5.062188883974202969e-02 5.061900813617229572e-02
-4.666666666666667851e+00 5.053717673839647900e-02 5.053304497180152732e-02
-4.694694694694693027e+00 5.041617558740729699e-02 5.041030076948541799e-02
-4.722722722722721755e+00 5.026149676796278637e-02 5.025321606271634239e-02
-4.750750750750750484e+00 5.007810838209141024e-02 5.006653789692706857e-02
-4.778778778778779213e+00 4.987255864312303832e-02 4.985653187633105193e-02
-4.806806806806807941e+00 4.965168548036534568e-02 4.962967903686361926e-02
-4.834834834834833117e+00 4.942231705211086457e-02 4.939236247518333928e-02
-4.862862862862861846e+00 4.919085631668464881e-02 4.915043729320528465e-02
-4.890890890890890574e+00 4.896292032577066050e-02 4.890885513931741979e-02
-4.918918918918919303e+00 4.874345965848070339e-02 4.867176961560981674e-02
-4.946946946946948032e+00 4.853664987072132952e-02 4.844241552577407267e-02
-4.974974974974973208e+00 4.834577115525271612e-02 4.822297950652200405e-02
-5.003003003003001936e+00 4.817339511529956930e-02 4.801478251538143782e-02
-5.031031031031030665e+00 4.802154350391053123e-02 4.781844076667192411e-02
-5.059059059059059393e+00 4.789176754409604775e-02 4.763395555500260503e-02
-5.087087087087088122e+00 4.778540312412320884e-02 4.746098905124142980e-02
-5.115115115115113298e+00 4.770370732215015175e-02 4.729903313152749450e-02
-5.143143143143142026e+00 4.764792169711924708e-02 4.714751792149584481e-02
-5.171171171171170755e+00 4.761945000866622119e-02 4.700604840896466241e-02
-5.199199199199199484e+00 4.761998860567404762e-02 4.687460730449195812e-02
-5.227227227227228212e+00 4.765122288205989737e-02 4.675333655747866690e-02
-5.255255255255253388e+00 4.771475001190273596e-02 4.664255567553698967e-02
-5.283283283283282117e+00 4.781203154898818614e-02 4.654281721111541009e-02
-5.311311311311310845e+00 4.794417753070683019e-02 4.645479667514020028e-02
-5.339339339339339574e+00 4.811172723257892136e-02 4.637917658055729780e-02
-5.367367367367368303e+00 4.831502552893148644e-02 4.631711726972964627e-02
-5.395395395395393479e+00 4.855438125492145957e-02 4.627049407702411854e-02
-5.423423423423422207e+00 4.883028662947808823e-02 4.624217291738840635e-02
-5.451451451451450936e+00 4.914386327467748505e-02 4.623648324015448147e-02
-5.479479479479479664e+00 4.949777819069549334e-02 4.626012602767063525e-02
-5.507507507507508393e+00 4.989719093800003974e-02 4.632307387552658112e-02
-5.535535535535537122e+00 5.035152364241678169e-02 4.644025252149290572e-02
-5.563563563563562298e+00 5.087765049253530764e-02 4.663460061407877222e-02
-5.591591591591591026e+00 5.150554572076292137e-02 4.694254946007066914e-02
-5.619619619619619755e+00 4.937605509674612009e-02 4.742424887292377017e-02
-5.647647647647648483e+00 4.954536020380691935e-02 4.818362778015533587e-02
-5.675675675675677212e+00 4.969016519215218447e-02 4.940927615220701286e-02
-5.703703703703702388e+00 4.980855121105556838e-02 5.145819241495044882e-02
-5.731731731731731116e+00 4.990065772101785063e-02 5.500822215640219226e-02
-5.759759759759759845e+00 4.996254043444371684e-02 6.113009445255346286e-02
-5.787787787787788574e+00 4.995206566991580027e-02 6.975590774030979158e-02
-5.815815815815817302e+00 4.975093990410560385e-02 7.379172371558780086e-02
-5.843843843843842478e+00 4.938496607735280014e-02 6.677253116467450622e-02
-5.871871871871871207e+00 4.903047677880306709e-02 5.785452768302885157e-02
-5.899899899899899935e+00 4.870013384838134396e-02 5.209887565209898180e-02
-5.927927927927928664e+00 4.835699282679766647e-02 4.876918311855654720e-02
-5.955955955955957393e+00 4.798445380209334643e-02 4.676858874584342157e-02
-5.983983983983982569e+00 4.757981091470756679e-02 4.547988948725807667e-02
-6.012012012012011297e+00 4.939549635169185327e-02 4.458853571160854845e-02
-6.040040040040040026e+00 4.844199248668693003e-02 4.393046788932940261e-02
-6.068068068068068754e+00 4.761887993515640655e-02 4.341587701337792232e-02
-6.096096096096097483e+00 4.688162814107008081e-02 4.299306620784248273e-02
-6.124124124124122659e+00 4.620601395153338398e-02 4.263087390432469120e-02
-6.152152152152151388e+00 4.557887146257529748e-02 4.230962554890573685e-02
-6.180180180180180116e+00 4.499314106861267842e-02 4.201635403243719064e-02
-6.208208208208208845e+00 4.444526747405464634e-02 4.174233422661628029e-02
-6.236236236236237573e+00 4.393358217625240730e-02 4.148156518531537218e-02
-6.264264264264262749e+00 4.345731892914133504e-02 4.122984879881323034e-02
-6.292292292292291478e+00 4.301601377559120809e-02 4.098421863723062525e-02
-6.320320320320320207e+00 4.260914406160092038e-02 4.074257694807983943e-02
-6.348348348348348935e+00 4.223584705674922335e-02 4.050338487039260166e-02
-6.376376376376377664e+00 4.189472122551415878e-02 4.026541372392979101e-02
-6.404404404404402840e+00 4.158390487935747365e-02 4.002775684051172039e-02
-6.432432432432431568e+00 4.130112160717230863e-02 3.978979564045120876e-02
-6.460460460460460297e+00 4.104375173540174282e-02 3.955118284658995509e-02
-6.488488488488489025e+00 4.080894128162938783e-02 3.931185717566833965e-02
-6.516516516516517754e+00 4.059375348718957666e-02 3.907209672647281307e-02
-6.544544544544542930e+00 4.039539764300491970e-02 3.883264729759222655e-02
-6.572572572572571659e+00 4.021170114841819687e-02 3.859509267711998953e-02
-6.600600600600600387e+00 4.004151714725878719e-02 3.836216016974436371e-02
-6.628628628628629116e+00 3.988553469181051886e-02 3.813842928364586521e-02
-6.656656656656657844e+00 3.974815432133094184e-02 3.793210768038030034e-02
-6.684684684684683020e+00 3.964175329796089386e-02 3.775920022067504045e-02
-6.712712712712711749e+00 3.959786360038648756e-02 3.765459621577976063e-02
-6.740740740740740478e+00 3.970231022050768610e-02 3.770712481443858760e-02
-6.768768768768769206e+00 4.023840091318216239e-02 3.820267230857224416e-02
-6.796796796796797935e+00 3.848206085826860051e-02 4.051801212033866173e-02
-6.824824824824823111e+00 3.889603147039445014e-02 6.013050962934961274e-02
-6.852852852852851839e+00 3.850379189288308940e-02 6.417951691986131801e-02
-6.880880880880880568e+00 3.747517843807866844e-02 3.965221561904819225e-02
-6.908908908908909297e+00 3.858959168191159611e-02 3.657613710508973714e-02
-6.936936936936938025e+00 3.745704205624352662e-02 3.549625710715691163e-02
-6.964964964964963201e+00 3.676495345786496421e-02 3.487153496132489039e-02
-6.992992992992991930e+00 3.621399758444287381e-02 3.440115880628334677e-02
-7.021021021021020658e+00 3.571622355753886063e-02 3.399536986985861320e-02
-7.049049049049049387e+00 3.523965634422977083e-02 3.362014622570232147e-02
-7.077077077077078116e+00 3.477142414265478598e-02 3.326041945498346697e-02
-7.105105105105103291e+00 3.430634641967274245e-02 3.290875158864542405e-02
-7.133133133133132020e+00 3.384269884799297884e-02 3.256118447501220314e-02
-7.161161161161160749e+00 3.338039874313206840e-02 3.221550153967721319e-02
-7.189189189189189477e+00 3.292013648115189178e-02 3.187042446595658718e-02
-7.217217217217218206e+00 3.246292216514466700e-02 3.152521194030852986e-02
-7.245245245245243382e+00 3.200983450121828999e-02 3.117944620556431512e-02
-7.273273273273272110e+00 3.156187496407297788e-02 3.083291019335869868e-02
-7.301301301301300839e+00 3.111985289940563670e-02 3.048548141976920728e-02
-7.329329329329329568e+00 3.068435789917669035e-02 3.013710024287310357e-02
-7.357357357357358296e+00 3.025577185684316661e-02 2.978776671787716421e-02
-7.385385385385383472e+00 2.983427568083027101e-02 2.943752323949832758e-02
-7.413413413413412201e+00 2.941986794966668095e-02 2.908644266076616802e-02
-7.441441441441440929e+00 2.901239137742377822e-02 2.873462017884158975e-02
-7.469469469469469658e+00 2.861156350130617324e-02 2.838216768299298490e-02
-7.497497497497498387e+00 2.821700875108744747e-02 2.802920974651079006e-02
-7.525525525525523562e+00 2.782828969800531932e-02 2.767588073573503185e-02
-7.553553553553552291e+00 2.744493313797597908e-02 2.732231997290501466e-02
-7.581581581581581020e+00 2.706642869439329635e-02 2.696864351463899856e-02
-7.609609609609609748e+00 2.669226526012001902e-02 2.661495835568498947e-02
-7.637637637637638477e+00 2.632196727724687643e-02 2.626138120234551565e-02
-7.665665665665667206e+00 2.595510644606214071e-02 2.590803726679329066e-02
-7.693693693693692381e+00 2.559130913298693008e-02 2.555505899221813954e-02
-7.721721721721721110e+00 2.523026025831149460e-02 2.520258497823914604e-02
-7.749749749749749839e+00 2.487170422442663148e-02 2.485075906831438544e-02
-7.777777777777778567e+00 2.451544348491551881e-02 2.449972956901748725e-02
-7.805805805805807296e+00 2.416133534710644334e-02 2.414964857729831951e-02
-7.833833833833832472e+00 2.380928755758156615e-02 2.380067139677185736e-02
-7.861861861861861200e+00 2.345924617888629424e-02 2.345294905350061090e-02
-7.889889889889889929e+00 2.311115944136340333e-02 2.310659718039852553e-02
-7.917917917917918658e+00 2.276499749795329874e-02 2.276172086991390051e-02
-7.945945945945947386e+00 2.242075981946024463e-02 2.241842698780689355e-02
-7.973973973973972562e+00 2.207847025406567756e-02 2.207682380275752254e-02
-8.002002002002001291e+00 2.173817258686762746e-02 2.173702066341835076e-02
-8.030030030030030019e+00 2.139992664433833930e-02 2.139912771644865083e-02
-8.058058058058058748e+00 2.106380494235195536e-02 2.106325565350571777e-02
-8.086086086086087477e+00 2.072988985045110671e-02 2.072951547857680710e-02
-8.114114114114112652e+00 2.039827122832181192e-02 2.039801828985480722e-02
-8.142142142142141381e+00 2.006904448143504924e-02 2.006887507270557411e-02
-8.170170170170170110e+00 1.974230893632909420e-02 1.974219645875950613e-02
-8.198198198198198838e+00 1.941816055162402452e-02 1.941808652204212587e-02
-8.226226226226227567e+00 1.909668317259421988e-02 1.909663487184087502e-02
-8.254254254254252743e+00 1.877795662571879465e-02 1.877792538566686043e-02
-8.282282282282281471e+00 1.846205760752248418e-02 1.846203757762047287e-02
-8.310310310310310200e+00 1.814905937775457972e-02 1.814904664697095105e-02
-8.338338338338338929e+00 1.783903151481662508e-02 1.783902349359189204e-02
-8.366366366366367657e+00 1.753203971469117009e-02 1.753203470471724132e-02
-8.394394394394392833e+00 1.722814561810498066e-02 1.722814251612148420e-02
-8.422422422422421562e+00 1.692740665357243129e-02 1.692740474963472935e-02
-8.450450450450450290e+00 1.662987588626903615e-02 1.662987472782457080e-02
-8.478478478478479019e+00 1.633560186439764195e-02 1.633560116567158230e-02
-8.506506506506507748e+00 1.604462845589592693e-02 1.604462803811568597e-02
-8.534534534534532924e+00 1.575699577613847574e-02 1.575699552851142146e-02
-8.562562562562561652e+00 1.547275635873347766e-02 1.547275621323531032e-02
-8.590590590590590381e+00 1.519197095602495794e-02 1.519197087127759950e-02
-8.618618618618619109e+00 1.491469462126158649e-02 1.491469457232833667e-02
-8.646646646646647838e+00 1.464097637694103393e-02 1.464097634893244543e-02
-8.674674674674673014e+00 1.437085927190065102e-02 1.437085925600831843e-02
-8.702702702702701743e+00 1.410438042781869683e-02 1.410438041887961125e-02
-8.730730730730730471e+00 1.384157107765856404e-02 1.384157107267421950e-02
-8.758758758758759200e+00 1.358245659879648952e-02 1.358245659604142078e-02
-8.786786786786787928e+00 1.332705654376513567e-02 1.332705654225552379e-02
-8.814814814814813104e+00 1.307538467173946159e-02 1.307538467091947341e-02
-8.842842842842841833e+00 1.282744898410519835e-02 1.282744898366366959e-02
-8.870870870870870561e+00 1.258325176769352176e-02 1.258325176745784396e-02
-8.898898898898899290e+00 1.234278964953942730e-02 1.234278964941471976e-02
-8.926926926926928019e+00 1.210605415465849759e-02 1.210605415459308290e-02
-8.954954954954953195e+00 1.187303541591326270e-02 1.187303541587924824e-02
-8.982982982982981923e+00 1.164372140135183815e-02 1.164372140133430530e-02
-9.011011011011010652e+00 1.141809661597551276e-02 1.141809661596655465e-02
-9.039039039039039380e+00 1.119614220178394987e-02 1.119614220177941183e-02
-9.067067067067068109e+00 1.097783605753429453e-02 1.097783605753201511e-02
-9.095095095095093285e+00 1.076315297037289988e-02 1.076315297037176363e-02
-9.123123123123122014e+00 1.055206475922521731e-02 1.055206475922465699e-02
-9.151151151151150742e+00 1.034454042977216506e-02 1.034454042977189271e-02
-9.179179179179179471e+00 1.014054634076489055e-02 1.014054634076475524e-02
-9.207207207207208199e+00 9.940046381335835429e-03 9.940046381335771244e-03
-9.235235235235233375e+00 9.743002158846552838e-03 9.743002158846523347e-03
-9.263263263263262104e+00 9.549373196672187106e-03 9.549373196672173228e-03
-9.291291291291290833e+00 9.359117141158125250e-03 9.359117141158118311e-03
-9.319319319319319561e+00 9.172189976794149768e-03 9.172189976794146299e-03
-9.347347347347348290e+00 8.988546796549784501e-03 8.988546796549782766e-03
-9.375375375375373466e+00 8.808146866892466870e-03 8.808146866892465135e-03
-9.403403403403402194e+00 8.630951349833111685e-03 8.630951349833111685e-03
-9.431431431431430923e+00 8.456920343326347969e-03 8.456920343326347969e-03
-9.459459459459459651e+00 8.286012993216178291e-03 8.286012993216176556e-03
-9.487487487487488380e+00 8.118187642149048144e-03 8.118187642149048144e-03
-9.515515515515513556e+00 7.953401977932598316e-03 7.953401977932598316e-03
-9.543543543543542285e+00 7.791613180561274450e-03 7.791613180561274450e-03
-9.571571571571571013e+00 7.632778067103820549e-03 7.632778067103820549e-03
-9.599599599599599742e+00 7.476853233626192495e-03 7.476853233626192495e-03
-9.627627627627628470e+00 7.323795193310129320e-03 7.323795193310129320e-03
-9.655655655655657199e+00 7.173560509921918758e-03 7.173560509921918758e-03
-9.683683683683682375e+00 7.026105925790478504e-03 7.026105925790478504e-03
-9.711711711711711104e+00 6.881388483469592920e-03 6.881388483469592920e-03
-9.739739739739739832e+00 6.739365640288019418e-03 6.739365640288019418e-03
-9.767767767767768561e+00 6.599995375032475554e-03 6.599995375032475554e-03
-9.795795795795797289e+00 6.463236283630869466e-03 6.463236283630869466e-03
-9.823823823823822465e+00 6.329046431640958717e-03 6.329046431640958717e-03
-9.851851851851851194e+00 6.197381303430898533e-03 6.197381303430898533e-03
-9.879879879879879923e+00 6.068196425976351942e-03 6.068196425976351942e-03
-9.907907907907908651e+00 5.941447939101972275e-03 5.941447939101972275e-03
-9.935935935935937380e+00 5.817092650962459553e-03 5.817092650962459553e-03
-9.963963963963962556e+00 5.695088087040525021e-03 5.695088087040525021e-03
-9.991991991991991284e+00 5.575392532615625410e-03 5.575392532615625410e-03
-1.002002002002002001e+01 5.457965068706225990e-03 5.457965068706225990e-03
-1.004804804804804874e+01 5.342765601537459788e-03 5.342765601537459788e-03
-1.007607607607607747e+01 5.229754885636713792e-03 5.229754885636713792e-03
-1.010410410410410265e+01 5.118894540709054489e-03 5.118894540709054489e-03
-1.013213213213213137e+01 5.010147062493075336e-03 5.010147062493075336e-03
-1.016016016016016010e+01 4.903475827844758911e-03 4.903475827844758911e-03
-1.018818818818818883e+01 4.798845094340273808e-03 4.798845094340273808e-03
-1.021621621621621756e+01 4.696219994729711536e-03 4.696219994729711536e-03
-1.024424424424424274e+01 4.595566526609533471e-03 4.595566526609533471e-03
-1.027227227227227146e+01 4.496851537712926762e-03 4.496851537712926762e-03
-1.030030030030030019e+01 4.400042707243392165e-03 4.400042707243392165e-03
-1.032832832832832892e+01 4.305108299684168305e-03 4.305108299684168305e-03
-1.035635635635635765e+01 4.212015983461990173e-03 4.212015983461990173e-03
-1.038438438438438283e+01 4.120733647221333507e-03 4.120733647221333507e-03
-1.041241241241241156e+01 4.031229901709502961e-03 4.031229901709502961e-03
-1.044044044044044028e+01 3.943474065731251803e-03 3.943474065731251803e-03
-1.046846846846846901e+01 3.857436149045401132e-03 3.857436149045401132e-03
-1.049649649649649774e+01 3.773086833499680447e-03 3.773086833499680447e-03
-1.052452452452452292e+01 3.690397452710530296e-03 3.690397452710530296e-03
-1.055255255255255165e+01 3.609339970582569213e-03 3.609339970582569213e-03
-1.058058058058058037e+01 3.529886958948835144e-03 3.529886958948835144e-03
-1.060860860860860910e+01 3.452011574597275197e-03 3.452011574597275197e-03
-1.063663663663663783e+01 3.375687535932587850e-03 3.375687535932587850e-03
-1.066466466466466301e+01 3.300889099504560401e-03 3.300889099504560401e-03
-1.069269269269269174e+01 3.227591036615294704e-03 3.227591036615294704e-03
-1.072072072072072046e+01 3.155768610198562887e-03 3.155768610198562887e-03
-1.074874874874874919e+01 3.085397552144425373e-03 3.085397552144425373e-03
-1.077677677677677792e+01 3.016454041222590456e-03 3.016454041222590456e-03
-1.080480480480480310e+01 2.948914681737960317e-03 2.948914681737960317e-03
-1.083283283283283183e+01 2.882756483032199082e-03 2.882756483032199082e-03
-1.086086086086086056e+01 2.817956839926220956e-03 2.817956839926220956e-03
-1.088888888888888928e+01 2.754493387266129106e-03 2.754493387266129106e-03
-1.091691691691691801e+01 2.692342053731895581e-03 2.692342053731895581e-03
-1.094494494494494319e+01 2.631477550843608695e-03 2.631477550843608695e-03
-1.097297297297297192e+01 2.571875065145367775e-03 2.571875065145367775e-03
-1.100100100100100065e+01 2.513510291944970419e-03 2.513510291944970419e-03
-1.102902902902902937e+01 2.456359418109869183e-03 2.456359418109869183e-03
-1.105705705705705810e+01 2.400399105180071359e-03 2.400399105180071359e-03
-1.108508508508508328e+01 2.345606472886768452e-03 2.345606472886768452e-03
-1.111311311311311201e+01 2.291959083149643518e-03 2.291959083149643518e-03
-1.114114114114114074e+01 2.239434924611124426e-03 2.239434924611124426e-03
-1.116916916916916946e+01 2.188012397751785531e-03 2.188012397751785531e-03
-1.119719719719719819e+01 2.137670300618666613e-03 2.137670300618666613e-03
-1.122522522522522337e+01 2.088387815186606294e-03 2.088387815186606294e-03
-1.125325325325325210e+01 2.040144494362342974e-03 2.040144494362342974e-03
-1.128128128128128083e+01 1.992920249632006494e-03 1.992920249632006494e-03
-1.130930930930930955e+01 1.946695339344353638e-03 1.946695339344353638e-03
-1.133733733733733828e+01 1.901450357615249104e-03 1.901450357615249104e-03
-1.136536536536536346e+01 1.857166223832803359e-03 1.857166223832803359e-03
-1.139339339339339219e+01 1.813824172737499556e-03 1.813824172737499556e-03
-1.142142142142142092e+01 1.771405745047591749e-03 1.771405745047591749e-03
-1.144944944944944965e+01 1.729892778596481794e-03 1.729892778596481794e-03
-1.147747747747747837e+01 1.689267399946349632e-03 1.689267399946349632e-03
-1.150550550550550355e+01 1.649512016440180277e-03 1.649512016440180277e-03
-1.153353353353353228e+01 1.610609823241342326e-03 1.610609823241342326e-03
-1.156156156156156101e+01 1.572546665527303810e-03 1.572546665527303810e-03
-1.158958958958958974e+01 1.535309266292771363e-03 1.535309266292771363e-03
-1.161761761761761846e+01 1.498884515873727440e-03 1.498884515873727440e-03
-1.164564564564564719e+01 1.463259476387311500e-03 1.463259476387311500e-03
-1.167367367367367237e+01 1.428421380094620089e-03 1.428421380094620089e-03
-1.170170170170170110e+01 1.394357622304907189e-03 1.394357622304907189e-03
-1.172972972972972983e+01 1.361055749494486126e-03 1.361055749494486126e-03
-1.175775775775775855e+01 1.328503443298766811e-03 1.328503443298766811e-03
-1.178578578578578728e+01 1.296688501039945911e-03 1.296688501039945911e-03
-1.181381381381381246e+01 1.265598813469889696e-03 1.265598813469889696e-03
-1.184184184184184119e+01 1.235222340432740170e-03 1.235222340432740170e-03
-1.186986986986986992e+01 1.205547085179806306e-03 1.205547085179806306e-03
-1.189789789789789864e+01 1.176561068095413869e-03 1.176561068095413869e-03
-1.192592592592592737e+01 1.148252300612683614e-03 1.148252300612683614e-03
-1.195395395395395255e+01 1.120608760108218705e-03 1.120608760108218705e-03
-1.198198198198198128e+01 1.093618366561147515e-03 1.093618366561147515e-03
-1.201001001001001001e+01 1.067268961741872245e-03 1.067268961741872245e-03
-1.203803803803803874e+01 1.041548291656702258e-03 1.041548291656702258e-03
-1.206606606606606746e+01 1.016443992915116133e-03 1.016443992915116133e-03
-1.209409409409409264e+01 9.919435836057048997e-04 9.919435836057048997e-04
-1.212212212212212137e+01 9.680344591654245360e-04 9.680344591654245360e-04
-1.215015015015015010e+01 9.447038936059890890e-04 9.447038936059890890e-04
-1.217817817817817883e+01 9.219390463232183565e-04 9.219390463232183565e-04
-1.220620620620620755e+01 8.997269745637697432e-04 8.997269745637697432e-04
-1.223423423423423273e+01 8.780545896494212693e-04 8.780545896494212693e-04
-1.226226226226226146e+01 8.569076458428785941e-04 8.569076458428785941e-04
-1.229029029029029019e+01 8.362713217553999689e-04 8.362713217553999689e-04
-1.231831831831831892e+01 8.161314882925271765e-04 8.161314882925271765e-04
-1.234634634634634764e+01 7.964747675640301621e-04 7.964747675640301621e-04
-1.237437437437437282e+01 7.772885284603401604e-04 7.772885284603401604e-04
-1.240240240240240155e+01 7.585608667327878914e-04 7.585608667327878914e-04
-1.243043043043043028e+01 7.402805740272624165e-04 7.402805740272624165e-04
-1.245845845845845901e+01 7.224370997566034042e-04 7.224370997566034042e-04
-1.248648648648648773e+01 7.050205090737935321e-04 7.050205090737935321e-04
-1.251451451451451291e+01 6.880214395859087211e-04 6.880214395859087211e-04
-1.254254254254254164e+01 6.714310588690892935e-04 6.714310588690892935e-04
-1.257057057057057037e+01 6.552410243323142499e-04 6.552410243323142499e-04
-1.259859859859859910e+01 6.394434465445851187e-04 6.394434465445851187e-04
-1.262662662662662783e+01 6.240308567896171461e-04 6.240308567896171461e-04
-1.265465465465465300e+01 6.089961793410462402e-04 6.089961793410462402e-04
-1.268268268268268173e+01 5.943327087530887037e-04 5.943327087530887037e-04
-1.271071071071071046e+01 5.800340923282907343e-04 5.800340923282907343e-04
-1.273873873873873919e+01 5.660943178467491965e-04 5.660943178467491965e-04
-1.276676676676676792e+01 5.525077066123260930e-04 5.525077066123260930e-04
-1.279479479479479309e+01 5.392689118839696753e-04 5.392689118839696753e-04
-1.282282282282282182e+01 5.263729228094229462e-04 5.263729228094229462e-04
-1.285085085085085055e+01 5.138150740610948619e-04 5.138150740610948619e-04
-1.287887887887887928e+01 5.015910614884100827e-04 5.015910614884100827e-04
-1.290690690690690801e+01 4.896969642486392361e-04 4.896969642486392361e-04
-1.293493493493493318e+01 4.781292740621141376e-04 4.781292740621141376e-04
-1.296296296296296191e+01 4.668849324637704612e-04 4.668849324637704612e-04
-1.299099099099099064e+01 4.559613771998965418e-04 4.559613771998965418e-04
-1.301901901901901937e+01 4.453565992589469860e-04 4.453565992589469860e-04
-1.304704704704704810e+01 4.350687546455982786e-04 4.350687546455982786e-04
-1.307507507507507327e+01 4.250932103889116186e-04 4.250932103889116186e-04
-1.310310310310310200e+01 4.154242364920083348e-04 4.154242364920083348e-04
-1.313113113113113073e+01 4.060564797669931857e-04 4.060564797669931857e-04
-1.315915915915915946e+01 3.969849658056326456e-04 3.969849658056326456e-04
-1.318718718718718819e+01 3.882050940145571265e-04 3.882050940145571265e-04
-1.321521521521521336e+01 3.797126326180947763e-04 3.797126326180947763e-04
-1.324324324324324209e+01 3.715037132286382287e-04 3.715037132286382287e-04
-1.327127127127127082e+01 3.635748245490964532e-04 3.635748245490964532e-04
-1.329929929929929955e+01 3.559228047239322372e-04 3.559228047239322372e-04
-1.332732732732732828e+01 3.485448317955561009e-04 3.485448317955561009e-04
-1.335535535535535345e+01 3.414384116523320198e-04 3.414384116523320198e-04
-1.338338338338338218e+01 3.346013627744789313e-04 3.346013627744789313e-04
-1.341141141141141091e+01 3.280317969966351963e-04 3.280317969966351963e-04
-1.343943943943943964e+01 3.217280954134416537e-04 3.217280954134416537e-04
-1.346746746746746837e+01 3.156888784613247367e-04 3.156888784613247367e-04
-1.349549549549549354e+01 3.099129691212035038e-04 3.099129691212035038e-04
-1.352352352352352227e+01 3.043993481108621412e-04 3.043993481108621412e-04
-1.355155155155155100e+01 2.991470998823991053e-04 2.991470998823991053e-04
-1.357957957957957973e+01 2.941553482225548410e-04 2.941553482225548410e-04
-1.360760760760760846e+01 2.894231802883576177e-04 2.894231802883576177e-04
-1.363563563563563363e+01 2.849495580171619363e-04 2.849495580171619363e-04
-1.366366366366366236e+01 2.807332160520645552e-04 2.807332160520645552e-04
-1.369169169169169109e+01 2.767725456466779048e-04 2.767725456466779048e-04
-1.371971971971971982e+01 2.730654644845410687e-04 2.730654644845410687e-04
-1.374774774774774855e+01 2.696092729943988151e-04 2.696092729943988151e-04
-1.377577577577577728e+01 2.664004985851533853e-04 2.664004985851533853e-04
-1.380380380380380245e+01 2.634347302765082093e-04 2.634347302765082093e-04
-1.383183183183183118e+01 2.607064474610667690e-04 2.607064474610667690e-04
-1.385985985985985991e+01 2.582088479765953055e-04 2.582088479765953055e-04
-1.388788788788788864e+01 2.559336822390081978e-04 2.559336822390081978e-04
-1.391591591591591737e+01 2.538711017961340450e-04 2.538711017961340450e-04
-1.394394394394394254e+01 2.520095321762118768e-04 2.520095321762118768e-04
-1.397197197197197127e+01 2.503355811477365090e-04 2.503355811477365090e-04
-1.400000000000000000e+01 2.488339942669710089e-04 2.488339942669710089e-04
