1.400000000000000000e+01 1.416814000702142051e-05 1.416814000702142051e-05
1.397197197197197127e+01 1.429577677430613827e-05 1.429577677430613827e-05
1.394394394394394432e+01 1.441962369690021260e-05 1.441962369690021260e-05
1.391591591591591559e+01 1.453981596837914848e-05 1.453981596837914848e-05
1.388788788788788864e+01 1.465649007696103785e-05 1.465649007696103785e-05
1.385985985985985991e+01 1.476978384205185882e-05 1.476978384205185882e-05
1.383183183183183118e+01 1.487983645175422229e-05 1.487983645175422229e-05
1.380380380380380423e+01 1.498678850136633235e-05 1.498678850136633235e-05
1.377577577577577550e+01 1.509078203289840427e-05 1.509078203289840427e-05
1.374774774774774855e+01 1.519196057563526646e-05 1.519196057563526646e-05
1.371971971971971982e+01 1.529046918777393708e-05 1.529046918777393708e-05
1.369169169169169109e+01 1.538645449916715115e-05 1.538645449916715115e-05
1.366366366366366414e+01 1.548006475520368217e-05 1.548006475520368217e-05
1.363563563563563541e+01 1.557144986185808591e-05 1.557144986185808591e-05
1.360760760760760846e+01 1.566076143194337152e-05 1.566076143194337152e-05
1.357957957957957973e+01 1.574815283260094049e-05 1.574815283260094049e-05
1.355155155155155100e+01 1.583377923406396176e-05 1.583377923406396176e-05
1.352352352352352405e+01 1.591779765973079839e-05 1.591779765973079839e-05
1.349549549549549532e+01 1.600036703758680570e-05 1.600036703758680570e-05
1.346746746746746837e+01 1.608164825301411149e-05 1.608164825301411149e-05
1.343943943943943964e+01 1.616180420302986310e-05 1.616180420302986310e-05
1.341141141141141091e+01 1.624099985199536409e-05 1.624099985199536409e-05
1.338338338338338396e+01 1.631940228883972964e-05 1.631940228883972964e-05
1.335535535535535523e+01 1.639718078584273973e-05 1.639718078584273973e-05
1.332732732732732828e+01 1.647450685902394476e-05 1.647450685902394476e-05
1.329929929929929955e+01 1.655155433018565034e-05 1.655155433018565034e-05
1.327127127127127082e+01 1.662849939065993928e-05 1.662849939065993928e-05
1.324324324324324387e+01 1.670552066681090845e-05 1.670552066681090845e-05
1.321521521521521514e+01 1.678279928734521941e-05 1.678279928734521941e-05
1.318718718718718641e+01 1.686051895248626034e-05 1.686051895248626034e-05
1.315915915915915946e+01 1.693886600506816579e-05 1.693886600506816579e-05
1.313113113113113073e+01 1.701802950360904414e-05 1.701802950360904414e-05
1.310310310310310378e+01 1.709820129742355542e-05 1.709820129742355542e-05
1.307507507507507505e+01 1.717957610383804174e-05 1.717957610383804174e-05
1.304704704704704632e+01 1.726235158757298468e-05 1.726235158757298468e-05
1.301901901901901937e+01 1.734672794713380169e-05 1.734672794713380169e-05
1.299099099099099064e+01 1.743280550260238530e-05 1.743280550260238530e-05
1.296296296296296369e+01 1.752045683841673061e-05 1.752045683841673061e-05
1.293493493493493496e+01 1.760952196956566056e-05 1.760952196956566056e-05
1.290690690690690623e+01 1.769983881590776289e-05 1.769983881590776289e-05
1.287887887887887928e+01 1.779124313917192896e-05 1.779124313917192896e-05
1.285085085085085055e+01 1.788356847839933493e-05 1.788356847839933493e-05
1.282282282282282360e+01 1.797664608378165763e-05 1.797664608378165763e-05
1.279479479479479487e+01 1.807030484885052042e-05 1.807030484885052042e-05
1.276676676676676614e+01 1.816437124097071835e-05 1.816437124097071835e-05
1.273873873873873919e+01 1.825866923008857229e-05 1.825866923008857229e-05
1.271071071071071046e+01 1.835302021568576935e-05 1.835302021568576935e-05
1.268268268268268173e+01 1.844724295188655616e-05 1.844724295188655616e-05
1.265465465465465478e+01 1.854115347066560317e-05 1.854115347066560317e-05
1.262662662662662605e+01 1.863456500310136068e-05 1.863456500310136068e-05
1.259859859859859910e+01 1.872728789861838252e-05 1.872728789861838252e-05
1.257057057057057037e+01 1.881912954216089366e-05 1.881912954216089366e-05
1.254254254254254164e+01 1.890989426923660538e-05 1.890989426923660538e-05
1.251451451451451469e+01 1.899938327876962542e-05 1.899938327876962542e-05
1.248648648648648596e+01 1.908739454369840047e-05 1.908739454369840047e-05
1.245845845845845901e+01 1.917372271925244615e-05 1.917372271925244615e-05
1.243043043043043028e+01 1.925815904884078968e-05 1.925815904884078968e-05
1.240240240240240155e+01 1.934049126748113709e-05 1.934049126748113709e-05
1.237437437437437460e+01 1.942050350269855657e-05 1.942050350269855657e-05
1.234634634634634587e+01 1.949797617281850561e-05 1.949797617281850561e-05
1.231831831831831892e+01 1.957268588257778918e-05 1.957268588257778918e-05
1.229029029029029019e+01 1.964440531597444811e-05 1.964440531597444811e-05
1.226226226226226146e+01 1.971290312627448641e-05 1.971290312627448641e-05
1.223423423423423451e+01 1.977794382309171019e-05 1.977794382309171019e-05
1.220620620620620578e+01 1.983929615161063458e-05 1.983929615161063458e-05
1.217817817817817883e+01 1.989695848187198981e-05 1.989695848187198981e-05
1.215015015015015010e+01 1.995118590057787274e-05 1.995118590057787274e-05
1.212212212212212137e+01 2.000224900572713914e-05 2.000224900572713914e-05
1.209409409409409442e+01 2.005042088336732512e-05 2.005042088336732512e-05
1.206606606606606569e+01 2.009597717098405867e-05 2.009597717098405867e-05
1.203803803803803874e+01 2.013919612163298013e-05 2.013919612163298013e-05
1.201001001001001001e+01 2.018035866882715853e-05 2.018035866882715853e-05
1.198198198198198128e+01 2.021974849219230599e-05 2.021974849219230599e-05
1.195395395395395433e+01 2.025765208390223151e-05 2.025765208390223151e-05
1.192592592592592560e+01 2.029435881590671429e-05 2.029435881590671429e-05
1.189789789789789864e+01 2.033016100796373999e-05 2.033016100796373999e-05
1.186986986986986992e+01 2.036535399648769728e-05 2.036535399648769728e-05
1.184184184184184119e+01 2.040023620422499692e-05 2.040023620422499692e-05
1.181381381381381424e+01 2.043510921076836177e-05 2.043510921076836177e-05
1.178578578578578551e+01 2.047027782392048768e-05 2.047027782392048768e-05
1.175775775775775855e+01 2.050605015191764603e-05 2.050605015191764603e-05
1.172972972972972983e+01 2.054273767652367360e-05 2.054273767652367360e-05
1.170170170170170110e+01 2.058065532700375871e-05 2.058065532700375871e-05
1.167367367367367414e+01 2.062012155498795402e-05 2.062012155498795402e-05
1.164564564564564542e+01 2.066145841023325593e-05 2.066145841023325593e-05
1.161761761761761846e+01 2.070499161729292384e-05 2.070499161729292384e-05
1.158958958958958974e+01 2.075105065310126266e-05 2.075105065310126266e-05
1.156156156156156101e+01 2.079996882548160324e-05 2.079996882548160324e-05
1.153353353353353405e+01 2.085208335258465048e-05 2.085208335258465048e-05
1.150550550550550533e+01 2.090773542098841450e-05 2.090773542098841450e-05
1.147747747747747837e+01 2.096710073343238277e-05 2.096710073343238277e-05
1.144944944944944965e+01 2.102977779424923557e-05 2.102977779424923557e-05
1.142142142142142092e+01 2.109523703758765838e-05 2.109523703758765838e-05
1.139339339339339396e+01 2.116294296189042025e-05 2.116294296189042025e-05
1.136536536536536524e+01 2.123235400536812657e-05 2.123235400536812657e-05
1.133733733733733828e+01 2.130292241801036895e-05 2.130292241801036895e-05
1.130930930930930955e+01 2.137409413004396497e-05 2.137409413004396497e-05
1.128128128128128083e+01 2.144530861674489371e-05 2.144530861674489371e-05
1.125325325325325387e+01 2.151599875950839909e-05 2.151599875950839909e-05
1.122522522522522515e+01 2.158559070307768341e-05 2.158559070307768341e-05
1.119719719719719819e+01 2.165350370882906291e-05 2.165350370882906291e-05
1.116916916916916946e+01 2.171915000400788910e-05 2.171915000400788910e-05
1.114114114114114074e+01 2.178193462680600586e-05 2.178193462680600586e-05
1.111311311311311378e+01 2.184125526716834784e-05 2.184125526716834784e-05
1.108508508508508505e+01 2.189650210321228088e-05 2.189650210321228088e-05
1.105705705705705810e+01 2.194705763313945662e-05 2.194705763313945662e-05
1.102902902902902937e+01 2.199229650251645010e-05 2.199229650251645010e-05
1.100100100100100065e+01 2.203158532679583111e-05 2.203158532679583111e-05
1.097297297297297192e+01 2.206428250894567109e-05 2.206428250894567109e-05
1.094494494494494496e+01 2.208973805205052381e-05 2.208973805205052381e-05
1.091691691691691801e+01 2.210729336674309263e-05 2.210729336674309263e-05
1.088888888888888928e+01 2.211628107332058987e-05 2.211628107332058987e-05
1.086086086086086056e+01 2.211604079943364865e-05 2.211604079943364865e-05
1.083283283283283183e+01 2.210644771970393668e-05 2.210644771970393668e-05
1.080480480480480487e+01 2.208804148851227774e-05 2.208804148851227774e-05
1.077677677677677615e+01 2.206140874007649148e-05 2.206140874007649148e-05
1.074874874874874919e+01 2.202714317033463486e-05 2.202714317033463486e-05
1.072072072072072046e+01 2.198584571701672232e-05 2.198584571701672232e-05
1.069269269269269174e+01 2.193812473953766107e-05 2.193812473953766107e-05
1.066466466466466478e+01 2.188459619857357900e-05 2.188459619857357900e-05
1.063663663663663606e+01 2.182588383517063439e-05 2.182588383517063439e-05
1.060860860860860910e+01 2.176261934922316227e-05 2.176261934922316227e-05
1.058058058058058037e+01 2.169544257714200975e-05 2.169544257714200975e-05
1.055255255255255165e+01 2.162500166851965574e-05 2.162500166851965574e-05
1.052452452452452469e+01 2.155195326158136640e-05 2.155195326158136640e-05
1.049649649649649596e+01 2.147696265719366721e-05 2.147696265719366721e-05
1.046846846846846901e+01 2.140070399118263524e-05 2.140070399118263524e-05
1.044044044044044028e+01 2.132386040469318384e-05 2.132386040469318384e-05
1.041241241241241156e+01 2.124712421229873284e-05 2.124712421229873284e-05
1.038438438438438460e+01 2.117119706754673722e-05 2.117119706754673722e-05
1.035635635635635587e+01 2.109679012559920110e-05 2.109679012559920110e-05
1.032832832832832892e+01 2.102462420260102553e-05 2.102462420260102553e-05
1.030030030030030019e+01 2.095542936786269422e-05 2.095542936786269422e-05
1.027227227227227146e+01 2.088964660501876796e-05 2.088964660501876796e-05
1.024424424424424451e+01 2.082693136118033772e-05 2.082693136118033772e-05
1.021621621621621578e+01 2.076680648339766319e-05 2.076680648339766319e-05
1.018818818818818883e+01 2.070879027986012282e-05 2.070879027986012282e-05
1.016016016016016010e+01 2.065239654093624117e-05 2.065239654093624117e-05
1.013213213213213137e+01 2.059713456449040935e-05 2.059713456449040935e-05
1.010410410410410442e+01 2.054250918589670805e-05 2.054250918589670805e-05
1.007607607607607569e+01 2.048802081320291794e-05 2.048802081320291794e-05
1.004804804804804874e+01 2.043316546793167999e-05 2.043316546793167999e-05
1.002002002002002001e+01 2.037743483204341389e-05 2.037743483204341389e-05
9.991991991991991284e+00 2.032031630162526429e-05 2.032031630162526429e-05
9.963963963963964332e+00 2.026129304791323129e-05 2.026129304791323129e-05
9.935935935935935603e+00 2.019984408630047664e-05 2.019984408630047664e-05
9.907907907907908651e+00 2.013544435403496140e-05 2.013544435403496140e-05
9.879879879879879923e+00 2.006756479736175849e-05 2.006756479736175849e-05
9.851851851851851194e+00 1.999567246892359489e-05 1.999567246892359489e-05
9.823823823823824242e+00 1.991923063629373787e-05 1.991923063629373787e-05
9.795795795795795513e+00 1.983769890258207201e-05 1.983769890258207201e-05
9.767767767767768561e+00 1.975068188110665191e-05 1.975068188110665191e-05
9.739739739739739832e+00 1.965870405784998838e-05 1.965870405784998838e-05
9.711711711711711104e+00 1.956265218915571516e-05 1.956265218915571516e-05
9.683683683683684151e+00 1.946342739369153678e-05 1.946342739369153678e-05
9.655655655655655423e+00 1.936194470675316331e-05 1.936194470675316331e-05
9.627627627627628470e+00 1.925913332455282722e-05 1.925913332455282722e-05
9.599599599599599742e+00 1.915593683887106905e-05 1.915593683887106905e-05
9.571571571571571013e+00 1.905331346071688155e-05 1.905331346071688155e-05
9.543543543543542285e+00 1.895223623150829031e-05 1.895223623150829031e-05
9.515515515515515332e+00 1.885369322014009838e-05 1.885369322014009838e-05
9.487487487487488380e+00 1.875868770414673738e-05 1.875868770414673738e-05
9.459459459459459651e+00 1.866823833299522726e-05 1.866823833299522726e-05
9.431431431431430923e+00 1.858337927135382653e-05 1.858337927135382653e-05
9.403403403403402194e+00 1.850516031997509250e-05 1.850516031997509250e-05
9.375375375375375242e+00 1.843464701160697368e-05 1.843464701160697368e-05
9.347347347347348290e+00 1.837292067909795517e-05 1.837292067909795517e-05
9.319319319319319561e+00 1.832106818407188304e-05 1.832106818407188304e-05
9.291291291291290833e+00 1.827931096085380286e-05 1.827931096085380286e-05
9.263263263263262104e+00 1.824632127782959095e-05 1.824632127782959095e-05
9.235235235235235152e+00 1.822058316977153512e-05 1.822058316977153512e-05
9.207207207207208199e+00 1.820054521893946963e-05 1.820054521893946963e-05
9.179179179179179471e+00 1.818461949765337520e-05 1.818461949765337520e-05
9.151151151151150742e+00 1.817118049151724939e-05 1.817118049151724939e-05
9.123123123123122014e+00 1.815856400406733103e-05 1.815856400406733103e-05
9.095095095095095061e+00 1.814506604380609827e-05 1.814506604380609827e-05
9.067067067067068109e+00 1.812894169479772888e-05 1.812894169479772888e-05
9.039039039039039380e+00 1.810840397224393843e-05 1.810840397224393843e-05
9.011011011011010652e+00 1.808162266473511943e-05 1.808162266473511943e-05
8.982982982982981923e+00 1.804672316518496109e-05 1.804672316518496109e-05
8.954954954954954971e+00 1.800178529281072463e-05 1.800178529281072463e-05
8.926926926926928019e+00 1.794484210892262934e-05 1.794484210892262934e-05
8.898898898898899290e+00 1.787388366598179803e-05 1.787388366598179803e-05
8.870870870870870561e+00 1.778783418799866688e-05 1.778783418799866688e-05
8.842842842842841833e+00 1.768776971123297832e-05 1.768776971123297832e-05
8.814814814814814881e+00 1.757509436454313020e-05 1.757509436454313020e-05
8.786786786786787928e+00 1.745125890450147495e-05 1.745125890450147495e-05
8.758758758758759200e+00 1.731776254084895284e-05 1.731776254084895284e-05
8.730730730730730471e+00 1.717615484207896408e-05 1.717615484207896408e-05
8.702702702702701743e+00 1.702803772444933775e-05 1.702803772444933775e-05
8.674674674674674790e+00 1.687506752782514906e-05 1.687506752782514906e-05
8.646646646646647838e+00 1.671895718185630281e-05 1.671895718185630281e-05
8.618618618618619109e+00 1.656147846608959680e-05 1.656147846608959680e-05
8.590590590590590381e+00 1.640446436770686873e-05 1.640446436770686534e-05
8.562562562562561652e+00 1.624981154066286996e-05 1.624981154066286319e-05
8.534534534534534700e+00 1.609948287007124530e-05 1.609948287007123175e-05
8.506506506506507748e+00 1.595548451071979916e-05 1.595548451071976189e-05
8.478478478478479019e+00 1.581897338788793510e-05 1.581897338788785379e-05
8.450450450450450290e+00 1.568998211665401579e-05 1.568998211665384638e-05
8.422422422422421562e+00 1.556845638481753192e-05 1.556845638481715584e-05
8.394394394394394610e+00 1.545432453670910936e-05 1.545432453670829282e-05
8.366366366366367657e+00 1.534749660036686391e-05 1.534749660036512241e-05
8.338338338338338929e+00 1.524786325824340388e-05 1.524786325823970574e-05
8.310310310310310200e+00 1.515529475834122407e-05 1.515529475833344322e-05
8.282282282282281471e+00 1.506963976247233747e-05 1.506963976245611340e-05
8.254254254254254519e+00 1.499072412811961944e-05 1.499072412808609387e-05
8.226226226226227567e+00 1.491834962014150274e-05 1.491834962007281684e-05
8.198198198198198838e+00 1.485229254830586502e-05 1.485229254816636886e-05
8.170170170170170110e+00 1.479230232636112656e-05 1.479230232608028770e-05
8.142142142142141381e+00 1.473803755009157804e-05 1.473803754953109634e-05
8.114114114114114429e+00 1.468860475310846347e-05 1.468860475199961094e-05
8.086086086086085700e+00 1.464283425663180905e-05 1.464283425445711803e-05
8.058058058058058748e+00 1.459954667361568278e-05 1.459954666938772121e-05
8.030030030030030019e+00 1.455755478445399235e-05 1.455755477630555065e-05
8.002002002002001291e+00 1.451566333355065577e-05 1.451566331798283056e-05
7.973973973973974338e+00 1.447266875342710280e-05 1.447266872394274649e-05
7.945945945945945610e+00 1.442735880481822471e-05 1.442735874946211778e-05
7.917917917917917769e+00 1.437851211974790307e-05 1.437851201672119861e-05
7.889889889889889929e+00 1.432489763299562682e-05 1.432489744291205341e-05
7.861861861861862089e+00 1.426527388569960480e-05 1.426527353804335958e-05
7.833833833833834248e+00 1.419838871654557691e-05 1.419838808621793190e-05
7.805805805805805520e+00 1.412367932903183643e-05 1.412367819612619783e-05
7.777777777777777679e+00 1.404265663166985160e-05 1.404265461315278424e-05
7.749749749749749839e+00 1.395721263596448524e-05 1.395720907077447869e-05
7.721721721721721998e+00 1.386923538989308916e-05 1.386922914759072764e-05
7.693693693693694158e+00 1.378060787006193060e-05 1.378059703530624918e-05
7.665665665665665429e+00 1.369320698165003452e-05 1.369318833906961486e-05
7.637637637637637589e+00 1.360890272926323952e-05 1.360887093081434727e-05
7.609609609609609748e+00 1.352955764798034431e-05 1.352950388054308821e-05
7.581581581581581908e+00 1.345702662088576318e-05 1.345693649557557392e-05
7.553553553553553179e+00 1.339315726138636626e-05 1.339300750379178791e-05
7.525525525525525339e+00 1.333977792137344202e-05 1.333953123436474630e-05
7.497497497497497498e+00 1.329789549625463161e-05 1.329749266809515932e-05
7.469469469469469658e+00 1.326731458068044948e-05 1.326666248643777462e-05
7.441441441441441818e+00 1.324791491229550155e-05 1.324686846128138435e-05
7.413413413413413089e+00 1.323979739866519779e-05 1.323813265813065825e-05
7.385385385385385248e+00 1.324331744544173062e-05 1.324069205087250904e-05
7.357357357357357408e+00 1.325912581220002669e-05 1.325502127294479518e-05
7.329329329329329568e+00 1.328821921461776540e-05 1.328185774209949680e-05
7.301301301301301727e+00 1.333200351091392804e-05 1.332222942567429373e-05
7.273273273273272999e+00 1.339237305017532667e-05 1.337748554721234652e-05
7.245245245245245158e+00 1.347178240649172575e-05 1.344930236124155317e-05
7.217217217217217318e+00 1.357167588606339279e-05 1.353802436582559369e-05
7.189189189189189477e+00 1.369122636107669429e-05 1.364128650064565330e-05
7.161161161161161637e+00 1.382942077173424729e-05 1.375594766454976841e-05
7.133133133133132908e+00 1.398538289661806868e-05 1.387821821427016175e-05
7.105105105105105068e+00 1.415853936674571502e-05 1.400357873618590849e-05
7.077077077077077227e+00 1.434883593053116107e-05 1.412668800584000278e-05
7.049049049049049387e+00 1.455701131038079327e-05 1.424127849321949942e-05
7.021021021021020658e+00 1.478493486501350789e-05 1.434003748303189973e-05
6.992992992992992818e+00 1.503601247146011141e-05 1.441447186806382121e-05
6.964964964964964977e+00 1.531823994295290485e-05 1.445733253268395571e-05
6.936936936936937137e+00 1.565190092033317106e-05 1.446959617146965023e-05
6.908908908908909297e+00 1.606496908536530997e-05 1.445507106676336109e-05
6.880880880880880568e+00 1.659249315707585817e-05 1.441891919133679637e-05
6.852852852852852727e+00 1.727775657517329670e-05 1.436790898067075700e-05
6.824824824824824887e+00 1.817350091054194085e-05 1.431071974313034671e-05
6.796796796796797047e+00 1.934318382812734286e-05 1.425831031841499689e-05
6.768768768768769206e+00 2.086223670750819286e-05 1.422436827054131336e-05
6.740740740740740478e+00 2.281914175708322050e-05 1.422571849966322880e-05
6.712712712712712637e+00 2.531059677624225028e-05 1.427702354942632231e-05
6.684684684684684797e+00 2.843745969770463810e-05 1.438653276008891778e-05
6.656656656656656956e+00 3.230950590603646268e-05 1.456097361072012094e-05
6.628628628628629116e+00 3.704486877115083742e-05 1.480550455931523525e-05
6.600600600600600387e+00 4.276846967558351500e-05 1.512306533190112258e-05
6.572572572572572547e+00 4.960979415327490544e-05 1.551348363290631818e-05
6.544544544544544706e+00 5.769994413863844287e-05 1.597223548548037104e-05
6.516516516516516866e+00 6.716794451467132502e-05 1.648876275739415736e-05
6.488488488488488137e+00 7.814112340059584940e-05 1.704904618426322351e-05
6.460460460460460297e+00 9.075041088556772700e-05 1.764310928084164614e-05
6.432432432432432456e+00 1.051273044710840853e-04 1.826398598334464716e-05
6.404404404404404616e+00 1.214036989692532750e-04 1.890909471068625213e-05
6.376376376376376776e+00 1.397139286756015567e-04 1.958308311263432381e-05
6.348348348348348047e+00 1.601995915327709833e-04 2.030241693704324668e-05
6.320320320320320207e+00 1.830186556681426518e-04 2.110292426023129963e-05
6.292292292292292366e+00 2.083593364629967887e-04 2.205052434904891209e-05
6.264264264264264526e+00 2.364412720727465157e-04 2.323746552102718091e-05
6.236236236236236685e+00 2.675280453525594941e-04 2.478799731154368057e-05
6.208208208208207957e+00 3.019607287249264737e-04 2.688313618674697880e-05
6.180180180180180116e+00 3.402060326622735088e-04 2.979821522772759947e-05
6.152152152152152276e+00 3.829402900040148510e-04 3.397470430100038412e-05
6.124124124124124435e+00 4.312116622724924638e-04 4.016909774150956893e-05
6.096096096096096595e+00 4.867981949786243209e-04 4.979706949258330283e-05
6.068068068068067866e+00 5.531987976914532271e-04 6.591070471938284927e-05
6.040040040040040026e+00 6.387983911891502919e-04 9.635093388480267117e-05
6.012012012012012185e+00 7.699384633135958897e-04 1.668074263571130708e-04
5.983983983983984345e+00 6.908187654581397427e-04 4.075899223729047022e-04
5.955955955955955616e+00 7.335313109669782360e-04 2.949309147158254117e-03
5.927927927927928664e+00 8.006423525876114064e-04 4.667791020336550280e-03
5.899899899899899935e+00 9.468735671678708138e-04 4.591589898661012879e-04
5.871871871871871207e+00 1.201777046398947628e-03 1.814674845786432597e-04
5.843843843843844255e+00 1.245457770124529847e-03 1.112953775888688199e-04
5.815815815815815526e+00 1.347250292236542831e-03 8.619204122898451825e-05
5.787787787787788574e+00 1.479579016381265448e-03 7.730135584560383509e-05
5.759759759759759845e+00 1.636072415569933200e-03 7.703673852448658665e-05
5.731731731731731116e+00 1.816438487888409441e-03 8.401654419465785935e-05
5.703703703703704164e+00 2.023545631287870794e-03 1.002109006729184941e-04
5.675675675675675436e+00 2.264699251872764191e-03 1.322879208307531764e-04
5.647647647647648483e+00 2.559294412538814026e-03 1.993365557346451957e-04
5.619619619619619755e+00 2.973055629536576570e-03 3.671735599102878282e-04
5.591591591591591026e+00 2.894646604930530866e-03 9.915639433467737362e-04
5.563563563563564074e+00 3.116548868716695602e-03 9.328822229614012335e-03
5.535535535535535345e+00 3.431112542742795202e-03 8.001249855601454478e-03
5.507507507507508393e+00 3.788250743087563221e-03 9.910699233545308771e-04
5.479479479479479664e+00 4.469010055783903361e-03 3.954072473970099595e-04
5.451451451451450936e+00 4.631818655325936965e-03 2.320476222685571941e-04
5.423423423423423984e+00 4.898172450643015208e-03 1.687554255817030500e-04
5.395395395395395255e+00 5.200758127453068702e-03 1.422256296139772750e-04
5.367367367367368303e+00 5.517348771840812661e-03 1.344891187838401377e-04
5.339339339339339574e+00 5.838908089673485076e-03 1.408870588282802681e-04
5.311311311311310845e+00 6.163783230740326954e-03 1.641197594984471848e-04
5.283283283283283893e+00 6.501264247601420791e-03 2.176547152084769017e-04
5.255255255255255165e+00 6.893307472330450353e-03 3.472986103770521319e-04
5.227227227227226436e+00 7.538196135337234954e-03 7.547144704516240256e-04
5.199199199199199484e+00 7.055186893175096133e-03 3.393201086529816935e-03
5.171171171171170755e+00 7.245240531396577796e-03 1.320269880705563781e-01
5.143143143143143803e+00 7.398692903152312601e-03 2.093039173338014612e-03
5.115115115115115074e+00 8.098128101946076157e-03 6.586551101963604611e-04
5.087087087087086346e+00 7.888221229523227629e-03 3.625801836364595421e-04
5.059059059059059393e+00 7.850624918197345037e-03 2.688078413042822379e-04
5.031031031031030665e+00 7.857783903855979774e-03 2.478278654328824188e-04
5.003003003003003712e+00 7.888813338275370984e-03 2.761103105133957958e-04
4.974974974974974984e+00 7.967166687558950230e-03 3.738688806452615402e-04
4.946946946946946255e+00 8.212148959292456946e-03 6.566805822083006481e-04
4.918918918918919303e+00 7.659273136636637197e-03 1.901093222066470214e-03
4.890890890890890574e+00 7.896528861033289687e-03 5.047564235894930890e-02
4.862862862862863622e+00 7.778730458077238660e-03 4.897861777631418341e-03
4.834834834834834894e+00 8.274994265321902395e-03 2.543198079951502870e-03
4.806806806806806165e+00 7.797217437596337154e-03 1.316903059046746136e-02
4.778778778778779213e+00 7.509755280073152073e-03 8.804116739090084558e-04
4.750750750750750484e+00 7.596216549338188906e-03 4.507296158217845988e-04
4.722722722722723532e+00 7.481304440702942274e-03 3.580543945589691125e-04
4.694694694694694803e+00 7.479846177191595662e-03 3.546469453944599477e-04
4.666666666666666075e+00 7.570066111664754127e-03 4.132007532524785811e-04
4.638638638638639122e+00 7.789793616313892867e-03 5.656492376737922052e-04
4.610610610610610394e+00 8.286107768781239211e-03 9.527291048982794398e-04
4.582582582582583441e+00 9.750430940153357109e-03 2.259010557017693353e-03
4.554554554554554713e+00 7.976384362386672311e-03 1.298645670209704582e-02
4.526526526526525984e+00 9.115482819751304436e-03 7.372862295694476709e-02
4.498498498498499032e+00 8.522898657666033717e-03 4.131606103230575470e-03
4.470470470470470303e+00 1.021401958420654031e-02 1.446895472376518452e-03
4.442442442442443351e+00 1.009333715502641095e-02 8.038490581080835924e-04
4.414414414414414622e+00 1.047848560620316151e-02 5.676392515058785058e-04
4.386386386386385894e+00 1.111187267466023573e-02 4.722735415659840572e-04
4.358358358358358942e+00 1.193154628750136073e-02 4.481778665410720945e-04
4.330330330330330213e+00 1.292969793855790195e-02 4.811033720903216938e-04
4.302302302302303261e+00 1.413241625282416446e-02 5.922987833682148056e-04
4.274274274274274532e+00 1.564029847096065975e-02 8.795309150426568840e-04
4.246246246246245803e+00 1.792699597744273898e-02 1.816000876643930964e-03
4.218218218218218851e+00 1.830992683602839649e-02 9.313167595222984416e-03
4.190190190190190123e+00 2.106490421511223593e-02 4.347785708518297348e-02
4.162162162162161394e+00 2.125662331587810372e-02 4.573286370908257424e-03
4.134134134134134442e+00 2.418392790912097037e-02 1.531547874786477401e-02
4.106106106106105713e+00 2.599159603134177515e-02 2.379058556975496494e-02
4.078078078078078761e+00 2.735493819843678662e-02 2.959219238590477148e-03
4.050050050050050032e+00 3.021565806663358000e-02 1.573066882722400301e-03
4.022022022022021304e+00 3.215841506306234970e-02 1.442235879250271160e-03
3.993993993993994351e+00 3.493850120240743484e-02 2.130286865055194476e-03
3.965965965965965623e+00 4.195895507893333820e-02 7.058524971196030763e-03
3.937937937937938671e+00 3.782300687866924777e-02 5.822494335983529057e-01
3.909909909909909942e+00 4.516136465195207811e-02 6.140782546951014872e-03
3.881881881881881213e+00 4.415504279918739533e-02 3.132472327101749627e-03
3.853853853853854261e+00 4.731720660176549909e-02 4.343105902557528597e-03
3.825825825825825532e+00 4.570212196128371762e-02 1.620777110395959369e-02
3.797797797797798580e+00 4.748013087630337248e-02 8.334373511045343186e-01
3.769769769769769852e+00 4.931150127135840167e-02 1.205466585306425552e-02
3.741741741741741123e+00 5.445849324041580897e-02 4.204245716110081507e-03
3.713713713713714171e+00 5.488667062484253040e-02 2.917154984305521566e-03
3.685685685685685442e+00 5.711713384000510069e-02 3.453598989871474716e-03
3.657657657657658490e+00 6.487347684140661042e-02 9.524100063572198474e-03
3.629629629629629761e+00 5.839878060812359051e-02 8.880714921864254485e-01
3.601601601601601033e+00 6.825071845625690914e-02 9.502832749087095424e-03
3.573573573573574080e+00 6.486225240990828311e-02 4.379355542941451920e-03
3.545545545545545352e+00 6.760401554743394881e-02 5.351204840698686911e-03
3.517517517517518399e+00 6.635540775735895846e-02 2.133172923524697534e-02
3.489489489489489671e+00 6.911665261456682863e-02 9.368736190395399177e-02
3.461461461461460942e+00 6.915211054137324065e-02 1.373035301739107886e-02
3.433433433433433990e+00 7.325585644295251608e-02 1.518016146368059427e-01
3.405405405405405261e+00 7.454838775892894120e-02 2.133476045946025232e-02
3.377377377377378309e+00 8.050786072848066521e-02 6.863187928899949775e-03
3.349349349349349581e+00 8.160438801086633553e-02 5.979634449797341898e-03
3.321321321321320852e+00 8.693987279256683298e-02 9.332213530764568374e-03
3.293293293293293900e+00 8.229295065139279053e-02 3.321904181864782091e-02
3.265265265265265171e+00 8.471988534629491807e-02 8.076797926552986562e-01
3.237237237237238219e+00 8.788094390038414527e-02 2.747416696839283246e-02
3.209209209209209490e+00 9.990931975781643104e-02 1.441205127622785173e-02
3.181181181181180762e+00 9.362707284253311835e-02 2.457834864946751088e-02
3.153153153153153809e+00 9.385603720777710435e-02 3.260132135691664046e-01
3.125125125125125081e+00 9.597477451205879695e-02 9.401746990556661410e-02
3.097097097097096352e+00 1.106240371236998782e-01 3.000398585839279819e-02
3.069069069069069400e+00 1.114107116332203468e-01 1.561892561957175206e-02
3.041041041041040671e+00 1.056739574022665940e-01 2.243101709469052379e-02
3.013013013013013719e+00 1.082981813652673236e-01 1.168302250739080284e-01
2.984984984984984990e+00 1.148101829072688956e-01 1.697657552099375577e-01
2.956956956956956262e+00 1.127206417039214037e-01 6.027706230774386442e-02
2.928928928928929309e+00 1.204734539586349296e-01 1.898222080218627816e-01
2.900900900900900581e+00 1.205826450020160423e-01 7.921377537289231441e-02
2.872872872872873629e+00 1.281711514990055145e-01 1.044167505030277610e-01
2.844844844844844900e+00 1.301644728139239593e-01 2.314272209949929521e-02
2.816816816816816171e+00 1.398458918420614761e-01 1.703628271833067254e-02
2.788788788788789219e+00 1.465707456990661128e-01 1.973675131595176852e-02
2.760760760760760490e+00 1.632359570293274997e-01 3.219411656072099920e-02
2.732732732732733538e+00 1.418674168480395792e-01 8.241571957798371484e-02
2.704704704704704810e+00 1.468043656764470017e-01 5.849663640619972016e-01
2.676676676676676081e+00 1.525993884036951631e-01 4.064838970338070512e-01
2.648648648648649129e+00 1.598725083783174850e-01 8.513160399277212853e-02
2.620620620620620400e+00 2.017383836252205354e-01 4.801370606757157655e-02
2.592592592592593448e+00 1.886465596439974302e-01 6.339034324137142462e-02
2.564564564564564719e+00 1.954257585057831148e-01 2.273818270305228151e-01
2.536536536536535991e+00 2.190102122828682663e-01 7.760411467205458047e-02
2.508508508508509038e+00 1.903537340534939559e-01 1.569541470428438557e-01
2.480480480480480310e+00 1.897825078698064105e-01 1.096742108777186475e+00
2.452452452452453358e+00 1.924560756355702951e-01 2.442717423101992413e-01
2.424424424424424629e+00 2.595771220381897781e-01 7.863435293451503938e-02
2.396396396396395900e+00 2.349596533697112244e-01 5.165710098587818211e-02
2.368368368368368948e+00 2.185031993668406780e-01 6.273258491846792073e-02
2.340340340340340219e+00 2.133744995931947941e-01 2.372538300172611359e-01
2.312312312312313267e+00 2.205502964846867697e-01 2.344747049388703486e-01
2.284284284284284539e+00 2.086821565585621485e-01 1.942697060902410511e-01
2.256256256256255810e+00 2.274072704136433087e-01 4.759859376063003689e-01
2.228228228228228858e+00 2.441517724417017754e-01 1.291659082720256480e-01
2.200200200200200129e+00 2.208529699831779380e-01 3.007693957917558225e-01
2.172172172172171400e+00 2.023870629068072746e-01 8.348895437207085601e-01
2.144144144144144448e+00 1.990648289198083398e-01 2.451843691722157825e-01
2.116116116116115720e+00 2.262099870057479589e-01 2.196916731860399929e-01
2.088088088088088767e+00 1.972004543708462676e-01 6.375886013725186041e-01
2.060060060060060039e+00 1.825767936125614055e-01 4.500971917467386230e-01
2.032032032032031310e+00 1.783364039617615360e-01 6.126369930881037096e-01
2.004004004004004358e+00 1.675364015052508981e-01 6.458638102492524069e-02
1.975975975975975629e+00 1.653872866771692873e-01 3.449133910501060718e-02
1.947947947947948677e+00 1.472377822706559813e-01 2.489014695264140167e-02
1.919919919919919948e+00 1.338814473396021665e-01 2.028156501024624969e-02
1.891891891891891220e+00 1.223740085995186216e-01 1.760961663877335520e-02
1.863863863863864268e+00 1.118499814205881626e-01 1.589939866552143172e-02
1.835835835835835539e+00 1.020164948020225310e-01 1.475390821902050099e-02
1.807807807807808587e+00 9.274671632529775389e-02 1.395016532440609795e-02
1.779779779779779858e+00 8.402876417816415588e-02 1.339040548116194815e-02
1.751751751751751129e+00 7.586810917627033468e-02 1.300626054218362998e-02
1.723723723723724177e+00 6.828049522500752311e-02 1.275290398238021310e-02
1.695695695695695449e+00 6.129097747743265240e-02 1.260874109973015439e-02
1.667667667667668496e+00 5.490151262011504912e-02 1.254309235777375901e-02
1.639639639639639768e+00 4.912761524778528482e-02 1.255242669246310096e-02
1.611611611611611039e+00 4.396521539901195041e-02 1.262634660514000244e-02
1.583583583583584087e+00 3.939884421209011861e-02 1.275453622605115210e-02
1.555555555555555358e+00 3.540843493780173462e-02 1.293205428695173506e-02
1.527527527527528406e+00 3.196672147157817584e-02 1.315505237026001924e-02
1.499499499499499677e+00 2.903503798900748320e-02 1.341481731970794317e-02
1.471471471471470949e+00 2.658026657414324853e-02 1.371297168650628673e-02
1.443443443443443996e+00 2.455600788287303632e-02 1.404098179203504965e-02
1.415415415415415268e+00 2.292265579107417156e-02 1.439871374441267608e-02
1.387387387387388316e+00 2.163306371653220261e-02 1.477876805423714371e-02
1.359359359359359587e+00 2.064597098764668973e-02 1.517878777383565789e-02
1.331331331331330858e+00 1.992039156730511171e-02 1.559495373848684800e-02
1.303303303303303906e+00 1.941528088964118021e-02 1.602098061155129288e-02
1.275275275275275177e+00 1.909584049951729146e-02 1.645396053934483280e-02
1.247247247247248225e+00 1.892774273086225353e-02 1.688831569706577759e-02
1.219219219219219497e+00 1.888087143161387704e-02 1.731942947329143459e-02
1.191191191191190768e+00 1.893024982965693312e-02 1.774459839081441934e-02
1.163163163163163816e+00 1.905012907197008165e-02 1.815724878759846297e-02
1.135135135135135087e+00 1.922088581926350778e-02 1.855403840985645272e-02
1.107107107107106359e+00 1.942538850413872212e-02 1.893147689221820126e-02
1.079079079079079406e+00 1.965030983422757713e-02 1.928752052782810658e-02
1.051051051051050678e+00 1.988153874767766699e-02 1.961727625062888863e-02
1.023023023023023725e+00 2.010955865175400106e-02 1.991866735644018740e-02
9.949949949949949968e-01 2.032683227826382125e-02 2.019009078751632727e-02
9.669669669669662682e-01 2.052542048227810542e-02 2.042828621470504577e-02
9.389389389389393159e-01 2.070094049164384470e-02 2.063251825331233538e-02
9.109109109109105873e-01 2.085033737116828711e-02 2.080254377830751539e-02
8.828828828828836350e-01 2.096863651283859681e-02 2.093553217721570020e-02
8.548548548548549064e-01 2.105428174340597328e-02 2.103154447425383683e-02
8.268268268268261778e-01 2.110531124588635107e-02 2.108982573231505536e-02
7.987987987987992256e-01 2.111982902718160734e-02 2.110937117097389307e-02
7.707707707707704969e-01 2.109706684809095276e-02 2.109006382576120511e-02
7.427427427427435447e-01 2.103573329435248426e-02 2.103108332194186456e-02
7.147147147147148161e-01 2.093300229683890679e-02 2.092994080112172209e-02
6.866866866866860875e-01 2.078733588814347943e-02 2.078533726043786320e-02
6.586586586586591352e-01 2.059562729523086930e-02 2.059433357068769094e-02
6.306306306306304066e-01 2.035197008438041980e-02 2.035113973620513231e-02
6.026026026026034543e-01 2.005022414629152941e-02 2.004969572035283573e-02
5.745745745745747257e-01 1.968028128431159943e-02 1.967994784977206146e-02
5.465465465465459971e-01 1.922943416966108390e-02 1.922922555884734250e-02
5.185185185185190448e-01 1.868348026369063761e-02 1.868335085598344519e-02
4.904904904904903162e-01 1.802445649048714169e-02 1.802437689691707701e-02
4.624624624624633640e-01 1.723515614584726977e-02 1.723510760717788734e-02
4.344344344344346354e-01 1.630024304078236258e-02 1.630021369218130622e-02
4.064064064064059068e-01 1.520867498176080128e-02 1.520865738736705552e-02
3.783783783783789545e-01 1.396463225094901443e-02 1.396462179300364884e-02
3.503503503503502259e-01 1.258580526414461442e-02 1.258579910101245529e-02
3.223223223223232736e-01 1.111244152764244257e-02 1.111243792652191406e-02
2.942942942942945450e-01 9.602006456844546303e-03 9.602004370657914872e-03
2.662662662662658164e-01 8.121032197197317754e-03 8.121030998948737534e-03
2.382382382382388641e-01 6.737241383350099644e-03 6.737240700979717223e-03
2.102102102102101355e-01 5.503744400220303597e-03 5.503744014935291369e-03
1.821821821821831833e-01 4.453514651286074981e-03 4.453514435575901299e-03
1.541541541541544547e-01 3.597814341271346646e-03 3.597814221479727747e-03
1.261261261261257260e-01 2.929090305394347043e-03 2.929090239331199035e-03
9.809809809809877379e-02 2.430096787175570899e-03 2.430096750843291267e-03
7.007007007007004518e-02 2.079342269790066238e-03 2.079342249569219106e-03
4.204204204204131656e-02 1.857203457609364009e-03 1.857203445665772494e-03
1.401401401401436431e-02 1.750225407513936009e-03 1.750225399058080635e-03
-1.401401401401436431e-02 1.750302216411563170e-03 1.750302207958572042e-03
-4.204204204204131656e-02 1.857184472590583859e-03 1.857184460656735418e-03
-7.007007007007004518e-02 2.079033639022513820e-03 2.079033618822158976e-03
-9.809809809809877379e-02 2.429904939876378640e-03 2.429904903583314599e-03
-1.261261261261257260e-01 2.929301961864814834e-03 2.929301895874479676e-03
-1.541541541541544547e-01 3.598048445135318754e-03 3.598048325476941797e-03
-1.821821821821814069e-01 4.453949283699016118e-03 4.453949068230165891e-03
-2.102102102102101355e-01 5.503898314468728091e-03 5.503897929616805192e-03
-2.382382382382388641e-01 6.736877730882525131e-03 6.736877049282539477e-03
-2.662662662662658164e-01 8.120803897620796491e-03 8.120802700730666082e-03
-2.942942942942945450e-01 9.601380657198049090e-03 9.601378573385940113e-03
-3.223223223223214973e-01 1.111315997445379983e-02 1.111315637744772836e-02
-3.503503503503502259e-01 1.258603852667989319e-02 1.258603237061505301e-02
-3.783783783783789545e-01 1.396440883090459273e-02 1.396439838499302297e-02
-4.064064064064059068e-01 1.520856626373406559e-02 1.520854868965246416e-02
-4.344344344344346354e-01 1.629965010551635840e-02 1.629962079090236868e-02
-4.624624624624615876e-01 1.723524988813102121e-02 1.723520140583528412e-02
-4.904904904904903162e-01 1.802436356289714367e-02 1.802428406201913094e-02
-5.185185185185190448e-01 1.868351848791094394e-02 1.868338923128565893e-02
-5.465465465465459971e-01 1.922959801138729441e-02 1.922938964468351095e-02
-5.745745745745747257e-01 1.968019413355732647e-02 1.967986109000377168e-02
-6.026026026026016780e-01 2.005007845069889730e-02 2.004955064554209479e-02
-6.306306306306304066e-01 2.035225874809269350e-02 2.035142937697136806e-02
-6.586586586586591352e-01 2.059585572814305252e-02 2.059456352800078868e-02
-6.866866866866860875e-01 2.078806410865671403e-02 2.078606783860719245e-02
-7.147147147147148161e-01 2.093305152634644326e-02 2.092999364524186084e-02
-7.427427427427417683e-01 2.103523654720580033e-02 2.103059206821172172e-02
-7.707707707707704969e-01 2.109717781198244130e-02 2.109018306568497328e-02
-7.987987987987992256e-01 2.112005827870952479e-02 2.110961278197819035e-02
-8.268268268268261778e-01 2.110522127051395538e-02 2.108975405376082787e-02
-8.548548548548549064e-01 2.105450499627331898e-02 2.103179457735087493e-02
-8.828828828828836350e-01 2.096872756738950294e-02 2.093566229036661341e-02
-9.109109109109105873e-01 2.085042613956994764e-02 2.080268886906949319e-02
-9.389389389389393159e-01 2.070164548341941330e-02 2.063330375322333307e-02
-9.669669669669662682e-01 2.052521116953383296e-02 2.042819097753072535e-02
-9.949949949949949968e-01 2.032627736732377580e-02 2.018969610466665385e-02
-1.023023023023023725e+00 2.010953226800743163e-02 1.991886406106500862e-02
-1.051051051051050678e+00 1.988093132905608892e-02 1.961697672979756391e-02
-1.079079079079079406e+00 1.964991706706102279e-02 1.928754899777305673e-02
-1.107107107107106359e+00 1.942525927092383226e-02 1.893191892200868712e-02
-1.135135135135135087e+00 1.922008276622179032e-02 1.855400330859050331e-02
-1.163163163163163816e+00 1.904893564644987922e-02 1.815707870000559179e-02
-1.191191191191190768e+00 1.892802997639358997e-02 1.774373026863973121e-02
-1.219219219219219497e+00 1.887998376972854775e-02 1.732031170197715839e-02
-1.247247247247246449e+00 1.892570422738666658e-02 1.688857432641518996e-02
-1.275275275275275177e+00 1.909237155975903460e-02 1.645344694328202545e-02
-1.303303303303303906e+00 1.941158500382948043e-02 1.602105359093213693e-02
-1.331331331331330858e+00 1.991527484617696894e-02 1.559460124340838333e-02
-1.359359359359359587e+00 2.064028160530103490e-02 1.517906807870011456e-02
-1.387387387387386539e+00 2.162503294494636311e-02 1.477815186072005231e-02
-1.415415415415415268e+00 2.291206827124826415e-02 1.439725463176702407e-02
-1.443443443443443996e+00 2.454507749681977824e-02 1.404119114837814632e-02
-1.471471471471470949e+00 2.656539134485900316e-02 1.371157132711072792e-02
-1.499499499499499677e+00 2.901986123877792201e-02 1.341579682828516161e-02
-1.527527527527526630e+00 3.194710146934911371e-02 1.315463324558109430e-02
-1.555555555555555358e+00 3.538433586475915604e-02 1.293057364150070228e-02
-1.583583583583584087e+00 3.937189655450951120e-02 1.275399814838558063e-02
-1.611611611611611039e+00 4.393469590499281263e-02 1.262639142671529748e-02
-1.639639639639639768e+00 4.909307737061528731e-02 1.255294929926075408e-02
-1.667667667667666720e+00 5.486145204952314058e-02 1.254289448453856266e-02
-1.695695695695695449e+00 6.124208099234156738e-02 1.260476629345623836e-02
-1.723723723723724177e+00 6.823194437232991960e-02 1.275452729758173170e-02
-1.751751751751751129e+00 7.581542747085326384e-02 1.300912230498501264e-02
-1.779779779779779858e+00 8.396873764157442022e-02 1.339131963573094060e-02
-1.807807807807806810e+00 9.267985392768132713e-02 1.394956963784918687e-02
-1.835835835835835539e+00 1.019416975658736652e-01 1.475052578811866279e-02
-1.863863863863864268e+00 1.117748803268271279e-01 1.590057147687187061e-02
-1.891891891891891220e+00 1.222969986125762437e-01 1.761333899160626854e-02
-1.919919919919919948e+00 1.337964378934605458e-01 2.028123747728888954e-02
-1.947947947947948677e+00 1.471596437564567927e-01 2.490003056153709121e-02
-1.975975975975975629e+00 1.652770330686640088e-01 3.447174980602907973e-02
-2.004004004004002581e+00 1.673998086264242846e-01 6.448819354291628059e-02
-2.032032032032031310e+00 1.782390311564885643e-01 6.127389009774955042e-01
-2.060060060060060039e+00 1.824910962171580886e-01 4.488336731304387595e-01
-2.088088088088088767e+00 1.971203819159094983e-01 6.355114386978067964e-01
-2.116116116116117496e+00 2.261454884739999005e-01 2.198989300169818806e-01
-2.144144144144142672e+00 1.989775260402105450e-01 2.450990324677465859e-01
-2.172172172172171400e+00 2.022958099173728097e-01 8.350584132136976701e-01
-2.200200200200200129e+00 2.208029382029975674e-01 3.008571751014164075e-01
-2.228228228228228858e+00 2.438911587039838957e-01 1.292784627327551450e-01
-2.256256256256257586e+00 2.273157845792226905e-01 4.758434134210615674e-01
-2.284284284284282762e+00 2.086210561725686807e-01 1.943569432695933519e-01
-2.312312312312311491e+00 2.205226214339454094e-01 2.344805455319757537e-01
-2.340340340340340219e+00 2.133318659526909356e-01 2.372896055602134457e-01
-2.368368368368368948e+00 2.184442659969653699e-01 6.276856712919140491e-02
-2.396396396396397677e+00 2.349362082843975685e-01 5.168126357059098230e-02
-2.424424424424422853e+00 2.595855622220363812e-01 7.868576833254414815e-02
-2.452452452452451581e+00 1.924176831424300738e-01 2.441653051448817446e-01
-2.480480480480480310e+00 1.897500723694337255e-01 1.096898672631998695e+00
-2.508508508508509038e+00 1.903311015335010792e-01 1.570731918296786322e-01
-2.536536536536537767e+00 2.189737741745544919e-01 7.763434930761380082e-02
-2.564564564564562943e+00 1.953872309401307183e-01 2.271780148917893760e-01
-2.592592592592591672e+00 1.886058725293016380e-01 6.343056565256220691e-02
-2.620620620620620400e+00 2.016929578873974394e-01 4.799496609831972044e-02
-2.648648648648649129e+00 1.598454425541524226e-01 8.509493390820996317e-02
-2.676676676676677857e+00 1.525738424279108330e-01 4.064786104538658518e-01
-2.704704704704703033e+00 1.467799647725313850e-01 5.853588046760992425e-01
-2.732732732732731762e+00 1.418360550605889114e-01 8.242541312873799542e-02
-2.760760760760760490e+00 1.631890487103151433e-01 3.218094377483926571e-02
-2.788788788788789219e+00 1.465311917973518285e-01 1.973342127950051053e-02
-2.816816816816817948e+00 1.398129485021576413e-01 1.704211165274330600e-02
-2.844844844844843124e+00 1.301247038165222469e-01 2.316163425936818704e-02
-2.872872872872871852e+00 1.281403735444734127e-01 1.043809350385493107e-01
-2.900900900900900581e+00 1.205574532261250165e-01 7.917684424308583935e-02
-2.928928928928929309e+00 1.204498026188652593e-01 1.898078982830172234e-01
-2.956956956956958038e+00 1.126788197366346972e-01 6.027364466725076281e-02
-2.984984984984983214e+00 1.147956932330810448e-01 1.693240041867633827e-01
-3.013013013013011943e+00 1.082676413350005529e-01 1.164660160957134705e-01
-3.041041041041040671e+00 1.056388237075017722e-01 2.239948735450043513e-02
-3.069069069069069400e+00 1.113606096086915132e-01 1.560189722051115446e-02
-3.097097097097098128e+00 1.105458508693224623e-01 2.992698731972260467e-02
-3.125125125125123304e+00 9.596174257330757074e-02 9.368471446636136846e-02
-3.153153153153152033e+00 9.385866982671743630e-02 3.258090482836320523e-01
-3.181181181181180762e+00 9.363412487228656156e-02 2.455019201464270565e-02
-3.209209209209209490e+00 9.990503823065838285e-02 1.437636741833893568e-02
-3.237237237237238219e+00 8.793230861602577275e-02 2.735654900309493834e-02
-3.265265265265263395e+00 8.479314247600992782e-02 8.068922561180925657e-01
-3.293293293293292123e+00 8.239204781425644997e-02 3.314373735284244921e-02
-3.321321321321320852e+00 8.703908506268445699e-02 9.296635868619888832e-03
-3.349349349349349581e+00 8.174715596765926018e-02 5.954375756154626359e-03
-3.377377377377378309e+00 8.069078759677604518e-02 6.842236113208225584e-03
-3.405405405405403485e+00 7.479334628515020567e-02 2.130923065829878893e-02
-3.433433433433432214e+00 7.354554562639190052e-02 1.521199420545240044e-01
-3.461461461461460942e+00 6.947564118131580035e-02 1.375676365400512954e-02
-3.489489489489489671e+00 6.948228591848644442e-02 9.354089073137594745e-02
-3.517517517517518399e+00 6.675714526368414781e-02 2.129903352368348740e-02
-3.545545545545547128e+00 6.803160887712760008e-02 5.329564346930475843e-03
-3.573573573573572304e+00 6.533269074497166651e-02 4.360473772691395369e-03
-3.601601601601601033e+00 6.872851429508231025e-02 9.453469017605549765e-03
-3.629629629629629761e+00 5.896580672328602390e-02 8.896894704563832468e-01
-3.657657657657658490e+00 6.544400746999183560e-02 9.501687031499497435e-03
-3.685685685685687218e+00 5.773109988908767948e-02 3.448144297354003174e-03
-3.713713713713712394e+00 5.551734099464928490e-02 2.907054675841314398e-03
-3.741741741741741123e+00 5.509539170573010680e-02 4.184654669914077661e-03
-3.769769769769769852e+00 4.997723433832085282e-02 1.204884763149543375e-02
-3.797797797797798580e+00 4.814762783477464364e-02 8.516878179496664147e-01
-3.825825825825827309e+00 4.636539613297806922e-02 1.648038336067279147e-02
-3.853853853853852485e+00 4.807857227397500238e-02 4.446556332395632666e-03
-3.881881881881881213e+00 4.483373686872745012e-02 3.168171220429873147e-03
-3.909909909909909942e+00 4.573825547841611078e-02 6.095126719437653738e-03
-3.937937937937938671e+00 3.841638961342310615e-02 5.818987918226566913e-01
-3.965965965965967399e+00 4.244644159208924017e-02 6.978688136507062850e-03
-3.993993993993992575e+00 3.546916068180060860e-02 2.127017417768976675e-03
-4.022022022022021304e+00 3.266863850684148529e-02 1.454746434971623207e-03
-4.050050050050050032e+00 3.070068579061415240e-02 1.598602870073971820e-03
-4.078078078078078761e+00 2.779516324139164052e-02 3.016098082873401760e-03
-4.106106106106107489e+00 2.649069174743371932e-02 2.429231242310821506e-02
-4.134134134134132665e+00 2.450921427331532662e-02 1.539884890312927072e-02
-4.162162162162161394e+00 2.156846225279540966e-02 4.537331572614835239e-03
-4.190190190190190123e+00 2.154131710968593821e-02 4.252739179032246492e-02
-4.218218218218218851e+00 1.854773822434141808e-02 9.179535380992533480e-03
-4.246246246246247580e+00 1.811394047865858004e-02 1.805251401844296241e-03
-4.274274274274272756e+00 1.580375743124301860e-02 8.753251073535353892e-04
-4.302302302302301484e+00 1.426625244056023770e-02 5.857818780436173682e-04
-4.330330330330330213e+00 1.303767103671341250e-02 4.732923086396190106e-04
-4.358358358358358942e+00 1.202061706799141018e-02 4.433590993304791124e-04
-4.386386386386387670e+00 1.118940927223917824e-02 4.752910896665653783e-04
-4.414414414414412846e+00 1.055184499204255867e-02 5.835443876973686432e-04
-4.442442442442441575e+00 1.016752235776628537e-02 8.356111504557694721e-04
-4.470470470470470303e+00 1.029452710195621033e-02 1.498287976555526388e-03
-4.498498498498499032e+00 8.579508420142897482e-03 4.217880306822731525e-03
-4.526526526526527761e+00 9.548730693730800301e-03 7.399686981846112510e-02
-4.554554554554552936e+00 7.994562439727882774e-03 1.299096576078847057e-02
-4.582582582582581665e+00 9.736078310587044371e-03 2.258283174019449276e-03
-4.610610610610610394e+00 8.264191806366933887e-03 9.541249659164290770e-04
-4.638638638638639122e+00 7.758163172067685832e-03 5.671756889954940708e-04
-4.666666666666667851e+00 7.529300729029644000e-03 4.158002514673980895e-04
-4.694694694694693027e+00 7.433464048011303137e-03 3.623496879700804636e-04
-4.722722722722721755e+00 7.434616750455075480e-03 3.767719287034050060e-04
-4.750750750750750484e+00 7.559135378161072581e-03 4.909985139205309997e-04
-4.778778778778779213e+00 7.450435559077405942e-03 9.815143177604034475e-04
-4.806806806806807941e+00 7.802501542015244200e-03 1.479292261103744635e-02
-4.834834834834833117e+00 8.194462452046007844e-03 2.741190349633333256e-03
-4.862862862862861846e+00 7.712217591934874758e-03 4.856029439631522580e-03
-4.890890890890890574e+00 7.976742877450510028e-03 4.964683293465015079e-02
-4.918918918918919303e+00 7.515043155519076680e-03 1.851042343669210936e-03
-4.946946946946948032e+00 8.043721344297954934e-03 6.556434829982305196e-04
-4.974974974974973208e+00 7.801764885401893390e-03 3.865493063239475191e-04
-5.003003003003001936e+00 7.720756590437589072e-03 2.952961241652726949e-04
-5.031031031031030665e+00 7.685846272992951679e-03 2.704322786172030685e-04
-5.059059059059059393e+00 7.674555825665983939e-03 2.924225218591972671e-04
-5.087087087087088122e+00 7.706822625694106227e-03 3.835991969738401634e-04
-5.115115115115113298e+00 7.905137080790082538e-03 6.682169143285721785e-04
-5.143143143143142026e+00 7.217323355294575325e-03 2.052706120862851907e-03
-5.171171171171170755e+00 7.926183245921316137e-03 1.260107596552011155e-01
-5.199199199199199484e+00 6.879933639914017143e-03 3.403404105671346738e-03
-5.227227227227228212e+00 7.383525435374002632e-03 7.759110309410829258e-04
-5.255255255255253388e+00 6.747584610368912578e-03 3.643564164359846874e-04
-5.283283283283282117e+00 6.365680264764413815e-03 2.296293382593684251e-04
-5.311311311311310845e+00 6.040856487341108270e-03 1.717284612708566140e-04
-5.339339339339339574e+00 5.731403971861618457e-03 1.454788416508869973e-04
-5.367367367367368303e+00 5.427621724454031148e-03 1.374225288829531929e-04
-5.395395395395393479e+00 5.130928614116954216e-03 1.450655931414473294e-04
-5.423423423423422207e+00 4.850901759001929360e-03 1.740515369139421437e-04
-5.451451451451450936e+00 4.612560464521947741e-03 2.455731361621783901e-04
-5.479479479479479664e+00 4.494304540596847850e-03 4.344256738633871305e-04
-5.507507507507508393e+00 3.805949333469540053e-03 1.136926768523255143e-03
-5.535535535535537122e+00 3.528461053613804466e-03 9.589387891488561355e-03
-5.563563563563562298e+00 3.219341927289476671e-03 1.139291845477034826e-02
-5.591591591591591026e+00 2.949431111354705592e-03 1.239664458228045699e-03
-5.619619619619619755e+00 3.126139890147404572e-03 4.603006414361092728e-04
-5.647647647647648483e+00 2.675347057562766414e-03 2.463273599822832552e-04
-5.675675675675677212e+00 2.367258146665926922e-03 1.586953882544481611e-04
-5.703703703703702388e+00 2.119946917027620663e-03 1.153271635515645463e-04
-5.731731731731731116e+00 1.909171618267127037e-03 9.218037510237932144e-05
-5.759759759759759845e+00 1.725931613941564680e-03 8.074627389232250725e-05
-5.787787787787788574e+00 1.566948220267315754e-03 7.846977898143186005e-05
-5.815815815815817302e+00 1.432749780679073342e-03 8.677450439184482582e-05
-5.843843843843842478e+00 1.330604982124292471e-03 1.139392792587202687e-04
-5.871871871871871207e+00 1.291077305775729456e-03 1.916010295187528230e-04
-5.899899899899899935e+00 1.024153704403263018e-03 4.968750810413705837e-04
-5.927927927927928664e+00 9.154719843518420658e-04 5.032703215217976603e-03
-5.955955955955957393e+00 8.249314263030820210e-04 3.124049522943385046e-03
-5.983983983983982569e+00 7.538732233198707985e-04 4.127239587753062577e-04
-6.012012012012011297e+00 8.208401213335048564e-04 1.624769844877789449e-04
-6.040040040040040026e+00 6.842647618160354597e-04 9.174064026070773202e-05
-6.068068068068068754e+00 5.949176902186494162e-04 6.256635133201500477e-05
-6.096096096096097483e+00 5.252402733456923867e-04 4.797544824631064139e-05
-6.124124124124122659e+00 4.665678011403922329e-04 3.979402822382420972e-05
-6.152152152152151388e+00 4.152397698442659448e-04 3.477185759191075092e-05
-6.180180180180180116e+00 3.693784255918986501e-04 3.137137328212635475e-05
-6.208208208208208845e+00 3.279727934329202191e-04 2.886314585535916722e-05
-6.236236236236237573e+00 2.904187350528947146e-04 2.687758539211337823e-05
-6.264264264264262749e+00 2.563185354451127354e-04 2.521574690451031843e-05
-6.292292292292291478e+00 2.253865831404699939e-04 2.376528615451557337e-05
-6.320320320320320207e+00 1.974003427077910741e-04 2.246038610303486411e-05
-6.348348348348348935e+00 1.721863704523944627e-04 2.127516086278330445e-05
-6.376376376376377664e+00 1.496044876478410388e-04 2.021353506343469511e-05
-6.404404404404402840e+00 1.295078069823802844e-04 1.927329317068891750e-05
-6.432432432432431568e+00 1.117410110399040844e-04 1.844679468176169248e-05
-6.460460460460460297e+00 9.614210050930435908e-05 1.772374768802707838e-05
-6.488488488488489025e+00 8.254409550352045770e-05 1.709275409613455075e-05
-6.516516516516517754e+00 7.077696866408465500e-05 1.654216719882850114e-05
-6.544544544544542930e+00 6.066963339298108115e-05 1.606035719952680183e-05
-6.572572572572571659e+00 5.205111535551795081e-05 1.563477601850073352e-05
-6.600600600600600387e+00 4.475587019152919350e-05 1.525502269738185528e-05
-6.628628628628629116e+00 3.862708729838134795e-05 1.491395137318544808e-05
-6.656656656656657844e+00 3.351785161392242509e-05 1.460685260883417996e-05
-6.684684684684683020e+00 2.929218368229044377e-05 1.433084131015858511e-05
-6.712712712712711749e+00 2.582584633573599812e-05 1.408440773466720075e-05
-6.740740740740740478e+00 2.300684315444988392e-05 1.386708433221874551e-05
-6.768768768768769206e+00 2.073551411940787771e-05 1.367912715337525906e-05
-6.796796796796797935e+00 1.892333523217686519e-05 1.352028524066689932e-05
-6.824824824824823111e+00 1.749246791357876468e-05 1.338965174685804265e-05
-6.852852852852851839e+00 1.637585121397877383e-05 1.328632668361025217e-05
-6.880880880880880568e+00 1.551644927847379088e-05 1.320943633740969215e-05
-6.908908908908909297e+00 1.486634299428744674e-05 1.315813216795909093e-05
-6.936936936936938025e+00 1.438574639154734889e-05 1.313158913265980791e-05
-6.964964964964963201e+00 1.404200053604492305e-05 1.312900383166159882e-05
-6.992992992992991930e+00 1.380858768518856428e-05 1.314959270338178714e-05
-7.021021021021020658e+00 1.366355065501170533e-05 1.319194291447762524e-05
-7.049049049049049387e+00 1.358629148295252080e-05 1.325166755150096179e-05
-7.077077077077078116e+00 1.355906427249114307e-05 1.332366634269239787e-05
-7.105105105105103291e+00 1.356720814701551542e-05 1.340303163280507074e-05
-7.133133133133132020e+00 1.359856057335207320e-05 1.348503959589000146e-05
-7.161161161161160749e+00 1.364296236712226755e-05 1.356514213050839519e-05
-7.189189189189189477e+00 1.369184717380083900e-05 1.363895936850108116e-05
-7.217217217217218206e+00 1.373790635875115283e-05 1.370227266077211586e-05
-7.245245245245243382e+00 1.377481947243069607e-05 1.375101794381484962e-05
-7.273273273273272110e+00 1.379739583387843823e-05 1.378163482227407933e-05
-7.301301301301300839e+00 1.380524735528140163e-05 1.379490080279402816e-05
-7.329329329329329568e+00 1.380114653236414085e-05 1.379441309280828550e-05
-7.357357357357358296e+00 1.378819094900006317e-05 1.378384679039295612e-05
-7.385385385385383472e+00 1.376966889526854162e-05 1.376689046353075687e-05
-7.413413413413412201e+00 1.374899367379055471e-05 1.374723203316517048e-05
-7.441441441441440929e+00 1.372965407516448997e-05 1.372854679680129980e-05
-7.469469469469469658e+00 1.371517724755459539e-05 1.371448729887637843e-05
-7.497497497497498387e+00 1.370910097793671447e-05 1.370867479509076623e-05
-7.525525525525523562e+00 1.371495306447493473e-05 1.371469209289170024e-05
-7.553553553553552291e+00 1.373596891815524375e-05 1.373581049905149105e-05
-7.581581581581581020e+00 1.377231838151104538e-05 1.377222304964963372e-05
-7.609609609609609748e+00 1.382220027787994572e-05 1.382214340777934379e-05
-7.637637637637638477e+00 1.388373111937362418e-05 1.388369748799853627e-05
-7.665665665665667206e+00 1.395498603809742888e-05 1.395496632207340200e-05
-7.693693693693692381e+00 1.403400857129579288e-05 1.403399711332819543e-05
-7.721721721721721110e+00 1.411881948448328247e-05 1.411881288349607805e-05
-7.749749749749749839e+00 1.420742464845032270e-05 1.420742087861125566e-05
-7.777777777777778567e+00 1.429782201449559406e-05 1.429781988022752728e-05
-7.805805805805807296e+00 1.438800774839462151e-05 1.438800655058714839e-05
-7.833833833833832472e+00 1.447598159134850473e-05 1.447598092494593148e-05
-7.861861861861861200e+00 1.456007713510417267e-05 1.456007676757007503e-05
-7.889889889889889929e+00 1.464040922318263697e-05 1.464040902224110407e-05
-7.917917917917918658e+00 1.471771693187240946e-05 1.471771682296619689e-05
-7.945945945945947386e+00 1.479276715051802556e-05 1.479276709200584337e-05
-7.973973973973972562e+00 1.486634894361555711e-05 1.486634891245175300e-05
-8.002002002002001291e+00 1.493926894812446966e-05 1.493926893167071405e-05
-8.030030030030030019e+00 1.501234729056219318e-05 1.501234728195047528e-05
-8.058058058058058748e+00 1.508641396707898544e-05 1.508641396261086632e-05
-8.086086086086087477e+00 1.516230563629403752e-05 1.516230563399593210e-05
-8.114114114114112652e+00 1.524086278037714919e-05 1.524086277920542649e-05
-8.142142142142141381e+00 1.532292719483386713e-05 1.532292719424163864e-05
-8.170170170170170110e+00 1.540933575931525615e-05 1.540933575901852357e-05
-8.198198198198198838e+00 1.550039302467330645e-05 1.550039302452592272e-05
-8.226226226226227567e+00 1.559535372572150305e-05 1.559535372564893943e-05
-8.254254254254252743e+00 1.569336046059067387e-05 1.569336046055525772e-05
-8.282282282282281471e+00 1.579356955969142884e-05 1.579356955967429167e-05
-8.310310310310310200e+00 1.589515155614445121e-05 1.589515155613623499e-05
-8.338338338338338929e+00 1.599729154097587972e-05 1.599729154097196982e-05
-8.366366366366367657e+00 1.609918941886644895e-05 1.609918941886460581e-05
-8.394394394394392833e+00 1.620006007827748412e-05 1.620006007827662353e-05
-8.422422422422421562e+00 1.629913348805458521e-05 1.629913348805418541e-05
-8.450450450450450290e+00 1.639565473110006995e-05 1.639565473109988699e-05
-8.478478478478479019e+00 1.648888398438201370e-05 1.648888398438192899e-05
-8.506506506506507748e+00 1.657809645338601863e-05 1.657809645338597797e-05
-8.534534534534532924e+00 1.666261518150509956e-05 1.666261518150508262e-05
-8.562562562562561652e+00 1.674229914395415186e-05 1.674229914395414508e-05
-8.590590590590590381e+00 1.681742761522206242e-05 1.681742761522205903e-05
-8.618618618618619109e+00 1.688828711582298706e-05 1.688828711582298706e-05
-8.646646646646647838e+00 1.695515948502782438e-05 1.695515948502782438e-05
-8.674674674674673014e+00 1.701832187735064858e-05 1.701832187735064858e-05
-8.702702702702701743e+00 1.707804677770912875e-05 1.707804677770912875e-05
-8.730730730730730471e+00 1.713460203220887069e-05 1.713460203220887069e-05
-8.758758758758759200e+00 1.718825089190897232e-05 1.718825089190897232e-05
-8.786786786786787928e+00 1.723925206728122778e-05 1.723925206728122778e-05
-8.814814814814813104e+00 1.728785979138500235e-05 1.728785979138500235e-05
-8.842842842842841833e+00 1.733432389005034281e-05 1.733432389005034281e-05
-8.870870870870870561e+00 1.737888985759747132e-05 1.737888985759747132e-05
-8.898898898898899290e+00 1.742179893682696182e-05 1.742179893682696182e-05
-8.926926926926928019e+00 1.746335426285163726e-05 1.746335426285163726e-05
-8.954954954954953195e+00 1.750434248891741146e-05 1.750434248891741146e-05
-8.982982982982981923e+00 1.754573992589653639e-05 1.754573992589653639e-05
-9.011011011011010652e+00 1.758848377890397268e-05 1.758848377890397268e-05
-9.039039039039039380e+00 1.763347298100673217e-05 1.763347298100673217e-05
-9.067067067067068109e+00 1.768157006892773792e-05 1.768157006892773792e-05
-9.095095095095093285e+00 1.773360295023731305e-05 1.773360295023731305e-05
-9.123123123123122014e+00 1.779036656896443660e-05 1.779036656896443660e-05
-9.151151151151150742e+00 1.785262447605866744e-05 1.785262447605866744e-05
-9.179179179179179471e+00 1.792111031067291236e-05 1.792111031067291236e-05
-9.207207207207208199e+00 1.799652919781284449e-05 1.799652919781284449e-05
-9.235235235235233375e+00 1.807955906750819726e-05 1.807955906750819726e-05
-9.263263263263262104e+00 1.817085190030091985e-05 1.817085190030091985e-05
-9.291291291291290833e+00 1.827103490351287860e-05 1.827103490351287860e-05
-9.319319319319319561e+00 1.838071162244929853e-05 1.838071162244929853e-05
-9.347347347347348290e+00 1.850032276869572844e-05 1.850032276869572844e-05
-9.375375375375373466e+00 1.862891525305724398e-05 1.862891525305724398e-05
-9.403403403403402194e+00 1.876479279655214014e-05 1.876479279655214014e-05
-9.431431431431430923e+00 1.890631508135116176e-05 1.890631508135116176e-05
-9.459459459459459651e+00 1.905190422034043284e-05 1.905190422034043284e-05
-9.487487487487488380e+00 1.920004193443318604e-05 1.920004193443318604e-05
-9.515515515515513556e+00 1.934926687326381771e-05 1.934926687326381771e-05
-9.543543543543542285e+00 1.949817207087231651e-05 1.949817207087231651e-05
-9.571571571571571013e+00 1.964540252854416684e-05 1.964540252854416684e-05
-9.599599599599599742e+00 1.978965291748819910e-05 1.978965291748819910e-05
-9.627627627627628470e+00 1.992966539451271793e-05 1.992966539451271793e-05
-9.655655655655657199e+00 2.006422752430468072e-05 2.006422752430468072e-05
-9.683683683683682375e+00 2.019217030232835024e-05 2.019217030232835024e-05
-9.711711711711711104e+00 2.031236627274266341e-05 2.031236627274266341e-05
-9.739739739739739832e+00 2.042372773609134619e-05 2.042372773609134619e-05
-9.767767767767768561e+00 2.052520504185103897e-05 2.052520504185103897e-05
-9.795795795795797289e+00 2.061578604304485074e-05 2.061578604304485074e-05
-9.823823823823822465e+00 2.069503066673584137e-05 2.069503066673584137e-05
-9.851851851851851194e+00 2.076390796748228123e-05 2.076390796748228123e-05
-9.879879879879879923e+00 2.082357643191939893e-05 2.082357643191939893e-05
-9.907907907907908651e+00 2.087515426659053227e-05 2.087515426659053227e-05
-9.935935935935937380e+00 2.091972107317907240e-05 2.091972107317907240e-05
-9.963963963963962556e+00 2.095831944737056894e-05 2.095831944737056894e-05
-9.991991991991991284e+00 2.099195650526348571e-05 2.099195650526348571e-05
-1.002002002002002001e+01 2.102160534102464552e-05 2.102160534102464552e-05
-1.004804804804804874e+01 2.104820641927669688e-05 2.104820641927669688e-05
-1.007607607607607747e+01 2.107266890550833923e-05 2.107266890550833923e-05
-1.010410410410410265e+01 2.109587193761377962e-05 2.109587193761377962e-05
-1.013213213213213137e+01 2.111866584149441482e-05 2.111866584149441482e-05
-1.016016016016016010e+01 2.114187329349269913e-05 2.114187329349269913e-05
-1.018818818818818883e+01 2.116629043227467259e-05 2.116629043227467259e-05
-1.021621621621621756e+01 2.119268792263353024e-05 2.119268792263353024e-05
-1.024424424424424274e+01 2.122181197355061373e-05 2.122181197355061373e-05
-1.027227227227227146e+01 2.125438531272251088e-05 2.125438531272251088e-05
-1.030030030030030019e+01 2.129110811964237589e-05 2.129110811964237589e-05
-1.032832832832832892e+01 2.133250506538909681e-05 2.133250506538909681e-05
-1.035635635635635765e+01 2.137814793157651503e-05 2.137814793157651503e-05
-1.038438438438438283e+01 2.142726674938179947e-05 2.142726674938179947e-05
-1.041241241241241156e+01 2.147911074237062530e-05 2.147911074237062530e-05
-1.044044044044044028e+01 2.153294832014858066e-05 2.153294832014858066e-05
-1.046846846846846901e+01 2.158806641607850912e-05 2.158806641607850912e-05
-1.049649649649649774e+01 2.164376984799144590e-05 2.164376984799144590e-05
-1.052452452452452292e+01 2.169938070096729215e-05 2.169938070096729215e-05
-1.055255255255255165e+01 2.175423773130123688e-05 2.175423773130123688e-05
-1.058058058058058037e+01 2.180769579081035366e-05 2.180769579081035366e-05
-1.060860860860860910e+01 2.185912527067126603e-05 2.185912527067126603e-05
-1.063663663663663783e+01 2.190791156401479168e-05 2.190791156401479168e-05
-1.066466466466466301e+01 2.195345454653677074e-05 2.195345454653677074e-05
-1.069269269269269174e+01 2.199516807441631493e-05 2.199516807441631493e-05
-1.072072072072072046e+01 2.203247949886296683e-05 2.203247949886296683e-05
-1.074874874874874919e+01 2.206482919664377944e-05 2.206482919664377944e-05
-1.077677677677677792e+01 2.209167011596866167e-05 2.209167011596866167e-05
-1.080480480480480310e+01 2.211246733713938609e-05 2.211246733713938609e-05
-1.083283283283283183e+01 2.212669764739283259e-05 2.212669764739283259e-05
-1.086086086086086056e+01 2.213384912939335148e-05 2.213384912939335148e-05
-1.088888888888888928e+01 2.213345660919348559e-05 2.213345660919348559e-05
-1.091691691691691801e+01 2.212565206532881464e-05 2.212565206532881464e-05
-1.094494494494494319e+01 2.211104408410264935e-05 2.211104408410264935e-05
-1.097297297297297192e+01 2.209024357814723906e-05 2.209024357814723906e-05
-1.100100100100100065e+01 2.206384980826429782e-05 2.206384980826429782e-05
-1.102902902902902937e+01 2.203245072453807084e-05 2.203245072453807084e-05
-1.105705705705705810e+01 2.199662329538693305e-05 2.199662329538693305e-05
-1.108508508508508328e+01 2.195693382501433263e-05 2.195693382501433263e-05
-1.111311311311311201e+01 2.191393825969952335e-05 2.191393825969952335e-05
-1.114114114114114074e+01 2.186818248334971809e-05 2.186818248334971809e-05
-1.116916916916916946e+01 2.182020260271662780e-05 2.182020260271662780e-05
-1.119719719719719819e+01 2.177052522266317554e-05 2.177052522266317554e-05
-1.122522522522522337e+01 2.171966771184951226e-05 2.171966771184951226e-05
-1.125325325325325210e+01 2.166813845919152344e-05 2.166813845919152344e-05
-1.128128128128128083e+01 2.161643712142999259e-05 2.161643712142999259e-05
-1.130930930930930955e+01 2.156505486213402894e-05 2.156505486213402894e-05
-1.133733733733733828e+01 2.151447458244864109e-05 2.151447458244864109e-05
-1.136536536536536346e+01 2.146517114388323677e-05 2.146517114388323677e-05
-1.139339339339339219e+01 2.141761158342491653e-05 2.141761158342491653e-05
-1.142142142142142092e+01 2.137225532124889930e-05 2.137225532124889930e-05
-1.144944944944944965e+01 2.132955436128634608e-05 2.132955436128634608e-05
-1.147747747747747837e+01 2.128995348489921580e-05 2.128995348489921580e-05
-1.150550550550550355e+01 2.125389043790114888e-05 2.125389043790114888e-05
-1.153353353353353228e+01 2.122167346785724904e-05 2.122167346785724904e-05
-1.156156156156156101e+01 2.119303174577556587e-05 2.119303174577556587e-05
-1.158958958958958974e+01 2.116753017115174728e-05 2.116753017115174728e-05
-1.161761761761761846e+01 2.114473960203988641e-05 2.114473960203988641e-05
-1.164564564564564719e+01 2.112423674172644541e-05 2.112423674172644541e-05
-1.167367367367367237e+01 2.110560400609755736e-05 2.110560400609755736e-05
-1.170170170170170110e+01 2.108842939398902593e-05 2.108842939398902593e-05
-1.172972972972972983e+01 2.107230636044422306e-05 2.107230636044422306e-05
-1.175775775775775855e+01 2.105683369280703983e-05 2.105683369280703983e-05
-1.178578578578578728e+01 2.104161538957857356e-05 2.104161538957857356e-05
-1.181381381381381246e+01 2.102626054196794233e-05 2.102626054196794233e-05
-1.184184184184184119e+01 2.101038321806943674e-05 2.101038321806943674e-05
-1.186986986986986992e+01 2.099360234959961547e-05 2.099360234959961547e-05
-1.189789789789789864e+01 2.097554162112994953e-05 2.097554162112994953e-05
-1.192592592592592737e+01 2.095582936175197580e-05 2.095582936175197580e-05
-1.195395395395395255e+01 2.093409843911383443e-05 2.093409843911383443e-05
-1.198198198198198128e+01 2.090998615576846427e-05 2.090998615576846427e-05
-1.201001001001001001e+01 2.088313414777548524e-05 2.088313414777548524e-05
-1.203803803803803874e+01 2.085318828550042309e-05 2.085318828550042309e-05
-1.206606606606606746e+01 2.081979857655634483e-05 2.081979857655634483e-05
-1.209409409409409264e+01 2.078261907083476178e-05 2.078261907083476178e-05
-1.212212212212212137e+01 2.074130776757397563e-05 2.074130776757397563e-05
-1.215015015015015010e+01 2.069552652441485172e-05 2.069552652441485172e-05
-1.217817817817817883e+01 2.064494096839513564e-05 2.064494096839513564e-05
-1.220620620620620755e+01 2.058922040883531983e-05 2.058922040883531983e-05
-1.223423423423423273e+01 2.052805450413676972e-05 2.052805450413676972e-05
-1.226226226226226146e+01 2.046146230210867638e-05 2.046146230210867638e-05
-1.229029029029029019e+01 2.038975858087220772e-05 2.038975858087220772e-05
-1.231831831831831892e+01 2.031326565240373772e-05 2.031326565240373772e-05
-1.234634634634634764e+01 2.023230255196804925e-05 2.023230255196804925e-05
-1.237437437437437282e+01 2.014718509475225115e-05 2.014718509475225115e-05
-1.240240240240240155e+01 2.005822593192005038e-05 2.005822593192005038e-05
-1.243043043043043028e+01 1.996573460608469871e-05 1.996573460608469871e-05
-1.245845845845845901e+01 1.987001760619914681e-05 1.987001760619914681e-05
-1.248648648648648773e+01 1.977137842186307373e-05 1.977137842186307373e-05
-1.251451451451451291e+01 1.967011759704687324e-05 1.967011759704687324e-05
-1.254254254254254164e+01 1.956653278323308123e-05 1.956653278323308123e-05
-1.257057057057057037e+01 1.946091879197683690e-05 1.946091879197683690e-05
-1.259859859859859910e+01 1.935356764688678360e-05 1.935356764688678360e-05
-1.262662662662662783e+01 1.924476863502884211e-05 1.924476863502884211e-05
-1.265465465465465300e+01 1.913480835775562103e-05 1.913480835775562103e-05
-1.268268268268268173e+01 1.902397078096446621e-05 1.902397078096446621e-05
-1.271071071071071046e+01 1.891253728478798450e-05 1.891253728478798450e-05
-1.273873873873873919e+01 1.880078671272078917e-05 1.880078671272078917e-05
-1.276676676676676792e+01 1.868899542018697662e-05 1.868899542018697662e-05
-1.279479479479479309e+01 1.857743732255299633e-05 1.857743732255299633e-05
-1.282282282282282182e+01 1.846638394259095573e-05 1.846638394259095573e-05
-1.285085085085085055e+01 1.835610445739788935e-05 1.835610445739788935e-05
-1.287887887887887928e+01 1.824686574477639293e-05 1.824686574477639293e-05
-1.290690690690690801e+01 1.813893242908282277e-05 1.813893242908282277e-05
-1.293493493493493318e+01 1.803256692654925050e-05 1.803256692654925050e-05
-1.296296296296296191e+01 1.792802949008551915e-05 1.792802949008551915e-05
-1.299099099099099064e+01 1.782557825356843772e-05 1.782557825356843772e-05
-1.301901901901901937e+01 1.772546927562480240e-05 1.772546927562480240e-05
-1.304704704704704810e+01 1.762791671197950846e-05 1.762791671197950846e-05
-1.307507507507507327e+01 1.753283724511731870e-05 1.753283724511731870e-05
-1.310310310310310200e+01 1.744001525043138281e-05 1.744001525043138281e-05
-1.313113113113113073e+01 1.734923617073180467e-05 1.734923617073180467e-05
-1.315915915915915946e+01 1.726028713178203222e-05 1.726028713178203222e-05
-1.318718718718718819e+01 1.717295691253175810e-05 1.717295691253175810e-05
-1.321521521521521336e+01 1.708703591565595163e-05 1.708703591565595163e-05
-1.324324324324324209e+01 1.700231613839870744e-05 1.700231613839870744e-05
-1.327127127127127082e+01 1.691859114372048099e-05 1.691859114372048099e-05
-1.329929929929929955e+01 1.683565603174709478e-05 1.683565603174709478e-05
-1.332732732732732828e+01 1.675330741151879080e-05 1.675330741151879080e-05
-1.335535535535535345e+01 1.667134337303751980e-05 1.667134337303751980e-05
-1.338338338338338218e+01 1.658956345961045502e-05 1.658956345961045502e-05
-1.341141141141141091e+01 1.650776864048789046e-05 1.650776864048789046e-05
-1.343943943943943964e+01 1.642576128379305724e-05 1.642576128379305724e-05
-1.346746746746746837e+01 1.634334512974195384e-05 1.634334512974195384e-05
-1.349549549549549354e+01 1.626032526415075762e-05 1.626032526415075762e-05
-1.352352352352352227e+01 1.617650809222834077e-05 1.617650809222834077e-05
-1.355155155155155100e+01 1.609170131265180384e-05 1.609170131265180384e-05
-1.357957957957957973e+01 1.600571389192207542e-05 1.600571389192207542e-05
-1.360760760760760846e+01 1.591835603899741339e-05 1.591835603899741339e-05
-1.363563563563563363e+01 1.582943918020199178e-05 1.582943918020199178e-05
-1.366366366366366236e+01 1.573877593440699523e-05 1.573877593440699523e-05
-1.369169169169169109e+01 1.564618008848158820e-05 1.564618008848158820e-05
-1.371971971971971982e+01 1.555146657301094014e-05 1.555146657301094014e-05
-1.374774774774774855e+01 1.545445143827860971e-05 1.545445143827860971e-05
-1.377577577577577728e+01 1.535495183051048591e-05 1.535495183051048591e-05
-1.380380380380380245e+01 1.525278596837751477e-05 1.525278596837751477e-05
-1.383183183183183118e+01 1.514777311975426892e-05 1.514777311975426892e-05
-1.385985985985985991e+01 1.503973357873066652e-05 1.503973357873066652e-05
-1.388788788788788864e+01 1.492848864287383770e-05 1.492848864287383770e-05
-1.391591591591591737e+01 1.481386059073726863e-05 1.481386059073726863e-05
-1.394394394394394254e+01 1.469567265961437904e-05 1.469567265961437904e-05
-1.397197197197197127e+01 1.457374902353353119e-05 1.457374902353353119e-05
-1.400000000000000000e+01 1.444791477149170738e-05 1.444791477149170738e-05
