1.400000000000000000e+01 1.249543501184303788e-03 1.249543501184303788e-03
1.397197197197197127e+01 1.262795242838054719e-03 1.262795242838054719e-03
1.394394394394394432e+01 1.276199070099901575e-03 1.276199070099901575e-03
1.391591591591591559e+01 1.289756990371472090e-03 1.289756990371472090e-03
1.388788788788788864e+01 1.303471041580512311e-03 1.303471041580512311e-03
1.385985985985985991e+01 1.317343292707972777e-03 1.317343292707972777e-03
1.383183183183183118e+01 1.331375844325250433e-03 1.331375844325250433e-03
1.380380380380380423e+01 1.345570829141651747e-03 1.345570829141651747e-03
1.377577577577577550e+01 1.359930412562625202e-03 1.359930412562625202e-03
1.374774774774774855e+01 1.374456793258727830e-03 1.374456793258727830e-03
1.371971971971971982e+01 1.389152203745562574e-03 1.389152203745562574e-03
1.369169169169169109e+01 1.404018910974988736e-03 1.404018910974988736e-03
1.366366366366366414e+01 1.419059216937789639e-03 1.419059216937789639e-03
1.363563563563563541e+01 1.434275459278073301e-03 1.434275459278073301e-03
1.360760760760760846e+01 1.449670011919650071e-03 1.449670011919650071e-03
1.357957957957957973e+01 1.465245285704626843e-03 1.465245285704626843e-03
1.355155155155155100e+01 1.481003729044482603e-03 1.481003729044482603e-03
1.352352352352352405e+01 1.496947828583899834e-03 1.496947828583899834e-03
1.349549549549549532e+01 1.513080109877604391e-03 1.513080109877604391e-03
1.346746746746746837e+01 1.529403138080505072e-03 1.529403138080505072e-03
1.343943943943943964e+01 1.545919518651402190e-03 1.545919518651402190e-03
1.341141141141141091e+01 1.562631898070546187e-03 1.562631898070546187e-03
1.338338338338338396e+01 1.579542964571236221e-03 1.579542964571236221e-03
1.335535535535535523e+01 1.596655448886070234e-03 1.596655448886070234e-03
1.332732732732732828e+01 1.613972125007963809e-03 1.613972125007963809e-03
1.329929929929929955e+01 1.631495810966199960e-03 1.631495810966199960e-03
1.327127127127127082e+01 1.649229369617867015e-03 1.649229369617867015e-03
1.324324324324324387e+01 1.667175709455036075e-03 1.667175709455036075e-03
1.321521521521521514e+01 1.685337785428010684e-03 1.685337785428010684e-03
1.318718718718718641e+01 1.703718599784985249e-03 1.703718599784985249e-03
1.315915915915915946e+01 1.722321202928470650e-03 1.722321202928470650e-03
1.313113113113113073e+01 1.741148694288844169e-03 1.741148694288844169e-03
1.310310310310310378e+01 1.760204223215388252e-03 1.760204223215388252e-03
1.307507507507507505e+01 1.779490989885211885e-03 1.779490989885211885e-03
1.304704704704704632e+01 1.799012246230423211e-03 1.799012246230423211e-03
1.301901901901901937e+01 1.818771296883919635e-03 1.818771296883919635e-03
1.299099099099099064e+01 1.838771500144295015e-03 1.838771500144295015e-03
1.296296296296296369e+01 1.859016268959994261e-03 1.859016268959994261e-03
1.293493493493493496e+01 1.879509071933532175e-03 1.879509071933532175e-03
1.290690690690690623e+01 1.900253434346209575e-03 1.900253434346209575e-03
1.287887887887887928e+01 1.921252939203437274e-03 1.921252939203437274e-03
1.285085085085085055e+01 1.942511228301338402e-03 1.942511228301338402e-03
1.282282282282282360e+01 1.964032003315004191e-03 1.964032003315004191e-03
1.279479479479479487e+01 1.985819026908990006e-03 1.985819026908990006e-03
1.276676676676676614e+01 2.007876123870507620e-03 2.007876123870507620e-03
1.273873873873873919e+01 2.030207182265817041e-03 2.030207182265817041e-03
1.271071071071071046e+01 2.052816154620439124e-03 2.052816154620439124e-03
1.268268268268268173e+01 2.075707059123646069e-03 2.075707059123646069e-03
1.265465465465465478e+01 2.098883980857915461e-03 2.098883980857915461e-03
1.262662662662662605e+01 2.122351073053922038e-03 2.122351073053922038e-03
1.259859859859859910e+01 2.146112558371706443e-03 2.146112558371706443e-03
1.257057057057057037e+01 2.170172730208786826e-03 2.170172730208786826e-03
1.254254254254254164e+01 2.194535954035699028e-03 2.194535954035699028e-03
1.251451451451451469e+01 2.219206668760033072e-03 2.219206668760033072e-03
1.248648648648648596e+01 2.244189388120148600e-03 2.244189388120148600e-03
1.245845845845845901e+01 2.269488702108932252e-03 2.269488702108932252e-03
1.243043043043043028e+01 2.295109278428888490e-03 2.295109278428888490e-03
1.240240240240240155e+01 2.321055863979701837e-03 2.321055863979701837e-03
1.237437437437437460e+01 2.347333286379686516e-03 2.347333286379686516e-03
1.234634634634634587e+01 2.373946455522665203e-03 2.373946455522665203e-03
1.231831831831831892e+01 2.400900365172012937e-03 2.400900365172012937e-03
1.229029029029029019e+01 2.428200094594127820e-03 2.428200094594127820e-03
1.226226226226226146e+01 2.455850810233726773e-03 2.455850810233726773e-03
1.223423423423423451e+01 2.483857767434213305e-03 2.483857767434213305e-03
1.220620620620620578e+01 2.512226312206800993e-03 2.512226312206800993e-03
1.217817817817817883e+01 2.540961883053226896e-03 2.540961883053226896e-03
1.215015015015015010e+01 2.570070012847960796e-03 2.570070012847960796e-03
1.212212212212212137e+01 2.599556330787566004e-03 2.599556330787566004e-03
1.209409409409409442e+01 2.629426564417126130e-03 2.629426564417126130e-03
1.206606606606606569e+01 2.659686541747220082e-03 2.659686541747220082e-03
1.203803803803803874e+01 2.690342193477891341e-03 2.690342193477891341e-03
1.201001001001001001e+01 2.721399555352868507e-03 2.721399555352868507e-03
1.198198198198198128e+01 2.752864770675086080e-03 2.752864770675086080e-03
1.195395395395395433e+01 2.784744093026157545e-03 2.784744093026157545e-03
1.192592592592592560e+01 2.817043889248518548e-03 2.817043889248518548e-03
1.189789789789789864e+01 2.849770642771984677e-03 2.849770642771984677e-03
1.186986986986986992e+01 2.882930957399380389e-03 2.882930957399380389e-03
1.184184184184184119e+01 2.916531561712224895e-03 2.916531561712224895e-03
1.181381381381381424e+01 2.950579314322492562e-03 2.950579314322492562e-03
1.178578578578578551e+01 2.985081210283465659e-03 2.985081210283465659e-03
1.175775775775775855e+01 3.020044389080261873e-03 3.020044389080261873e-03
1.172972972972972983e+01 3.055476144723591296e-03 3.055476144723591296e-03
1.170170170170170110e+01 3.091383938478676780e-03 3.091383938478676780e-03
1.167367367367367414e+01 3.127775414391068074e-03 3.127775414391068074e-03
1.164564564564564542e+01 3.164658416100341130e-03 3.164658416100341130e-03
1.161761761761761846e+01 3.202040998228468383e-03 3.202040998228468383e-03
1.158958958958958974e+01 3.239931410538415910e-03 3.239931410538415910e-03
1.156156156156156101e+01 3.278337993772707879e-03 3.278337993772707879e-03
1.153353353353353405e+01 3.317268836836417389e-03 3.317268836836417389e-03
1.150550550550550533e+01 3.356730922214242515e-03 3.356730922214242515e-03
1.147747747747747837e+01 3.396728646135025158e-03 3.396728646135025158e-03
1.144944944944944965e+01 3.437263314163542700e-03 3.437263314163542700e-03
1.142142142142142092e+01 3.478337756377890191e-03 3.478337756377890191e-03
1.139339339339339396e+01 3.519963649688856618e-03 3.519963649688856618e-03
1.136536536536536524e+01 3.562160296758812815e-03 3.562160296758812815e-03
1.133733733733733828e+01 3.604944898290976876e-03 3.604944898290976876e-03
1.130930930930930955e+01 3.648328869181378508e-03 3.648328869181378508e-03
1.128128128128128083e+01 3.692320710505920395e-03 3.692320710505920395e-03
1.125325325325325387e+01 3.736928518299822369e-03 3.736928518299822369e-03
1.122522522522522515e+01 3.782160886631540445e-03 3.782160886631540445e-03
1.119719719719719819e+01 3.828027025601074985e-03 3.828027025601074985e-03
1.116916916916916946e+01 3.874536667353675398e-03 3.874536667353675398e-03
1.114114114114114074e+01 3.921699957660600838e-03 3.921699957660600838e-03
1.111311311311311378e+01 3.969527375131972832e-03 3.969527375131972832e-03
1.108508508508508505e+01 4.018029676900202775e-03 4.018029676900202775e-03
1.105705705705705810e+01 4.067217862578512665e-03 4.067217862578512665e-03
1.102902902902902937e+01 4.117103150012864539e-03 4.117103150012864539e-03
1.100100100100100065e+01 4.167696959069344155e-03 4.167696959069344155e-03
1.097297297297297192e+01 4.219010901736493235e-03 4.219010901736493235e-03
1.094494494494494496e+01 4.271056777969607643e-03 4.271056777969607643e-03
1.091691691691691801e+01 4.323846577078647134e-03 4.323846577078647134e-03
1.088888888888888928e+01 4.377392484263250075e-03 4.377392484263250075e-03
1.086086086086086056e+01 4.431706891389298845e-03 4.431706891389298845e-03
1.083283283283283183e+01 4.486802410576791120e-03 4.486802410576791120e-03
1.080480480480480487e+01 4.542691888875613482e-03 4.542691888875613482e-03
1.077677677677677615e+01 4.599388422353747723e-03 4.599388422353747723e-03
1.074874874874874919e+01 4.656905368341936191e-03 4.656905368341936191e-03
1.072072072072072046e+01 4.715256355165565495e-03 4.715256355165565495e-03
1.069269269269269174e+01 4.774455289267182621e-03 4.774455289267182621e-03
1.066466466466466478e+01 4.834516360063477805e-03 4.834516360063477805e-03
1.063663663663663606e+01 4.895454043127266987e-03 4.895454043127266987e-03
1.060860860860860910e+01 4.957283102349907891e-03 4.957283102349907891e-03
1.058058058058058037e+01 5.020018591675386860e-03 5.020018591675386860e-03
1.055255255255255165e+01 5.083675856864094608e-03 5.083675856864094608e-03
1.052452452452452469e+01 5.148270537594278051e-03 5.148270537594278051e-03
1.049649649649649596e+01 5.213818570073538126e-03 5.213818570073538126e-03
1.046846846846846901e+01 5.280336190227021692e-03 5.280336190227021692e-03
1.044044044044044028e+01 5.347839937455097122e-03 5.347839937455097122e-03
1.041241241241241156e+01 5.416346658905639086e-03 5.416346658905639086e-03
1.038438438438438460e+01 5.485873514180035840e-03 5.485873514180035840e-03
1.035635635635635587e+01 5.556437980378772963e-03 5.556437980378772963e-03
1.032832832832832892e+01 5.628057857376946027e-03 5.628057857376946027e-03
1.030030030030030019e+01 5.700751273216220043e-03 5.700751273216220043e-03
1.027227227227227146e+01 5.774536689490332268e-03 5.774536689490332268e-03
1.024424424424424451e+01 5.849432906590846561e-03 5.849432906590846561e-03
1.021621621621621578e+01 5.925459068669640394e-03 5.925459068669640394e-03
1.018818818818818883e+01 6.002634668168888889e-03 6.002634668168888889e-03
1.016016016016016010e+01 6.080979549774416341e-03 6.080979549774416341e-03
1.013213213213213137e+01 6.160513913671492904e-03 6.160513913671492904e-03
1.010410410410410442e+01 6.241258318033077700e-03 6.241258318033077700e-03
1.007607607607607569e+01 6.323233680754502400e-03 6.323233680754502400e-03
1.004804804804804874e+01 6.406461280566137610e-03 6.406461280566137610e-03
1.002002002002002001e+01 6.490962757797571515e-03 6.490962757797571515e-03
9.991991991991991284e+00 6.576760115207002863e-03 6.576760115207002863e-03
9.963963963963964332e+00 6.663875719397758905e-03 6.663875719397758905e-03
9.935935935935935603e+00 6.752332303399324540e-03 6.752332303399324540e-03
9.907907907907908651e+00 6.842152970867709794e-03 6.842152970867709794e-03
9.879879879879879923e+00 6.933361202171077486e-03 6.933361202171077486e-03
9.851851851851851194e+00 7.025980862329245583e-03 7.025980862329245583e-03
9.823823823823824242e+00 7.120036210444793262e-03 7.120036210444793262e-03
9.795795795795795513e+00 7.215551909983874447e-03 7.215551909983874447e-03
9.767767767767768561e+00 7.312553039104973014e-03 7.312553039104973014e-03
9.739739739739739832e+00 7.411065100228983633e-03 7.411065100228983633e-03
9.711711711711711104e+00 7.511114028181694983e-03 7.511114028181694983e-03
9.683683683683684151e+00 7.612726196472185958e-03 7.612726196472185958e-03
9.655655655655655423e+00 7.715928421531261655e-03 7.715928421531261655e-03
9.627627627627628470e+00 7.820747964962829549e-03 7.820747964962829549e-03
9.599599599599599742e+00 7.927212534020889462e-03 7.927212534020889462e-03
9.571571571571571013e+00 8.035350280602133674e-03 8.035350280602133674e-03
9.543543543543542285e+00 8.145189799048003707e-03 8.145189799048003707e-03
9.515515515515515332e+00 8.256760123007881799e-03 8.256760123007881799e-03
9.487487487487488380e+00 8.370090721542563714e-03 8.370090721542563714e-03
9.459459459459459651e+00 8.485211494558263581e-03 8.485211494558263581e-03
9.431431431431430923e+00 8.602152767587210869e-03 8.602152767587210869e-03
9.403403403403402194e+00 8.720945285867904781e-03 8.720945285867904781e-03
9.375375375375375242e+00 8.841620207631189707e-03 8.841620207631189707e-03
9.347347347347348290e+00 8.964209096466916812e-03 8.964209096466916812e-03
9.319319319319319561e+00 9.088743912627804747e-03 9.088743912627804747e-03
9.291291291291290833e+00 9.215257003119963625e-03 9.215257003119963625e-03
9.263263263263262104e+00 9.343781090432273437e-03 9.343781090432273437e-03
9.235235235235235152e+00 9.474349259766359430e-03 9.474349259766359430e-03
9.207207207207208199e+00 9.606994944645910750e-03 9.606994944645910750e-03
9.179179179179179471e+00 9.741751910807850898e-03 9.741751910807850898e-03
9.151151151151150742e+00 9.878654238309251406e-03 9.878654238309251406e-03
9.123123123123122014e+00 1.001773630181641145e-02 1.001773630181641145e-02
9.095095095095095061e+00 1.015903274912668096e-02 1.015903274912668096e-02
9.067067067067068109e+00 1.030257847802658853e-02 1.030257847802658853e-02
9.039039039039039380e+00 1.044840861166805579e-02 1.044840861166805579e-02
9.011011011011010652e+00 1.059655847277530052e-02 1.059655847277530052e-02
8.982982982982981923e+00 1.074706355710538901e-02 1.074706355710538901e-02
8.954954954954954971e+00 1.089995950668304348e-02 1.089995950668304348e-02
8.926926926926928019e+00 1.105528208336887044e-02 1.105528208336887044e-02
8.898898898898899290e+00 1.121306714325099978e-02 1.121306714325099978e-02
8.870870870870870561e+00 1.137335061212829332e-02 1.137335061212829332e-02
8.842842842842841833e+00 1.153616846196342180e-02 1.153616846196342180e-02
8.814814814814814881e+00 1.170155668765076630e-02 1.170155668765076630e-02
8.786786786786787928e+00 1.186955128285744135e-02 1.186955128285744135e-02
8.758758758758759200e+00 1.204018821317711166e-02 1.204018821317711166e-02
8.730730730730730471e+00 1.221350338453345077e-02 1.221350338453345077e-02
8.702702702702701743e+00 1.238953260479247823e-02 1.238953260479247823e-02
8.674674674674674790e+00 1.256831153689821380e-02 1.256831153689821380e-02
8.646646646646647838e+00 1.274987564252619450e-02 1.274987564252619450e-02
8.618618618618619109e+00 1.293426011613871968e-02 1.293426011613871968e-02
8.590590590590590381e+00 1.312149981011746964e-02 1.312149981011746964e-02
8.562562562562561652e+00 1.331162915229245486e-02 1.331162915229245486e-02
8.534534534534534700e+00 1.350468205755028621e-02 1.350468205755028621e-02
8.506506506506507748e+00 1.370069183527007455e-02 1.370069183527007455e-02
8.478478478478479019e+00 1.389969109415006149e-02 1.389969109415006149e-02
8.450450450450450290e+00 1.410171164564066187e-02 1.410171164564066187e-02
8.422422422422421562e+00 1.430678440679088170e-02 1.430678440679088170e-02
8.394394394394394610e+00 1.451493930292829283e-02 1.451493930292829283e-02
8.366366366366367657e+00 1.472620517028344969e-02 1.472620517028344969e-02
8.338338338338338929e+00 1.494060965846446404e-02 1.494060965846446404e-02
8.310310310310310200e+00 1.515817913258189938e-02 1.515817913258189938e-02
8.282282282282281471e+00 1.537893857479986914e-02 1.537893857479986914e-02
8.254254254254254519e+00 1.560291148514343813e-02 1.560291148514343813e-02
8.226226226226227567e+00 1.583011978149286708e-02 1.583011978149286708e-02
8.198198198198198838e+00 1.606058369872418595e-02 1.606058369872418595e-02
8.170170170170170110e+00 1.629432168711193035e-02 1.629432168711193035e-02
8.142142142142141381e+00 1.653135031019672616e-02 1.653135031019672616e-02
8.114114114114114429e+00 1.677168414240316069e-02 1.677168414240316069e-02
8.086086086086085700e+00 1.701533566676897286e-02 1.701533566676897286e-02
8.058058058058058748e+00 1.726231517320979403e-02 1.726231517320979403e-02
8.030030030030030019e+00 1.751263065780264000e-02 1.751263065780264000e-02
8.002002002002001291e+00 1.776628772361993694e-02 1.776628772361993694e-02
7.973973973973974338e+00 1.802328948369308001e-02 1.802328948369308001e-02
7.945945945945945610e+00 1.828363646672570911e-02 1.828363646672570911e-02
7.917917917917917769e+00 1.854732652621480030e-02 1.854732652621480030e-02
7.889889889889889929e+00 1.881435475366899715e-02 1.881435475366899715e-02
7.861861861861862089e+00 1.908471339663418004e-02 1.908471339663418004e-02
7.833833833833834248e+00 1.935839178224296742e-02 1.935839178224296742e-02
7.805805805805805520e+00 1.963537624701976181e-02 1.963537624701976181e-02
7.777777777777777679e+00 1.991565007361001394e-02 1.991565007361001394e-02
7.749749749749749839e+00 2.019919343505453824e-02 2.019919343505453824e-02
7.721721721721721998e+00 2.048598334713173236e-02 2.048598334713173236e-02
7.693693693693694158e+00 2.077599362914103742e-02 2.077599362914103742e-02
7.665665665665665429e+00 2.106919487329340229e-02 2.106919487329340229e-02
7.637637637637637589e+00 2.136555442258374418e-02 2.136555442258374418e-02
7.609609609609609748e+00 2.166503635661307103e-02 2.166503635661307103e-02
7.581581581581581908e+00 2.196760148423264336e-02 2.196760148423264336e-02
7.553553553553553179e+00 2.227320734097597635e-02 2.227320734097597635e-02
7.525525525525525339e+00 2.258180818777217463e-02 2.258180818777217463e-02
7.497497497497497498e+00 2.289335500491050321e-02 2.289335500491050321e-02
7.469469469469469658e+00 2.320779547068993129e-02 2.320779547068993129e-02
7.441441441441441818e+00 2.352507390575921120e-02 2.352507390575921120e-02
7.413413413413413089e+00 2.384513114800799680e-02 2.384513114800799680e-02
7.385385385385385248e+00 2.416790429265992801e-02 2.416790429265992801e-02
7.357357357357357408e+00 2.449332617444043361e-02 2.449332617444043361e-02
7.329329329329329568e+00 2.482132436136917295e-02 2.482132436136917295e-02
7.301301301301301727e+00 2.515181924031054811e-02 2.515181924031054811e-02
7.273273273273272999e+00 2.548472047467525634e-02 2.548472047467525634e-02
7.245245245245245158e+00 2.581992079387936817e-02 2.581992079387936817e-02
7.217217217217217318e+00 2.615728636353956138e-02 2.615728636353956138e-02
7.189189189189189477e+00 2.649664654312903350e-02 2.649664654312903350e-02
7.161161161161161637e+00 2.683779955058782085e-02 2.683779955058782085e-02
7.133133133133132908e+00 2.718057961015132515e-02 2.718057961015132515e-02
7.105105105105105068e+00 2.752501782971484082e-02 2.752501782971484082e-02
7.077077077077077227e+00 2.787143360302663658e-02 2.787143360302663658e-02
7.049049049049049387e+00 2.822018033783545155e-02 2.822018033783545155e-02
7.021021021021020658e+00 2.857127078798894076e-02 2.857127078798894076e-02
6.992992992992992818e+00 2.892443131186883329e-02 2.892443131186883329e-02
6.964964964964964977e+00 2.927935953366847532e-02 2.927935953366847532e-02
6.936936936936937137e+00 2.963583274068922260e-02 2.963583274068922260e-02
6.908908908908909297e+00 2.999369979378525841e-02 2.999369979378525841e-02
6.880880880880880568e+00 3.035285011754380174e-02 3.035285011754380174e-02
6.852852852852852727e+00 3.071319220069878425e-02 3.071319220069878425e-02
6.824824824824824887e+00 3.107464256976459616e-02 3.107464256976459616e-02
6.796796796796797047e+00 3.143712083506358668e-02 3.143712083506358668e-02
6.768768768768769206e+00 3.180054767040098318e-02 3.180054767040098318e-02
6.740740740740740478e+00 3.216484411501525920e-02 3.216484411501525920e-02
6.712712712712712637e+00 3.252993143467968612e-02 3.252993143467968612e-02
6.684684684684684797e+00 3.289573130019059211e-02 3.289573130019059211e-02
6.656656656656656956e+00 3.326216602721904919e-02 3.326216602721904919e-02
6.628628628628629116e+00 3.362915940667427633e-02 3.362915940667427633e-02
6.600600600600600387e+00 3.399663758096700683e-02 3.399663758096700683e-02
6.572572572572572547e+00 3.436453155033560719e-02 3.436453155033560719e-02
6.544544544544544706e+00 3.473278939499119256e-02 3.473278939499119256e-02
6.516516516516516866e+00 3.510136346852122530e-02 3.510136346852122530e-02
6.488488488488488137e+00 3.547043287261426869e-02 3.547043287261426869e-02
6.460460460460460297e+00 3.584004686344711976e-02 3.584004686344711976e-02
6.432432432432432456e+00 3.621416608525002134e-02 3.621416608525002134e-02
6.404404404404404616e+00 3.659478837716921562e-02 3.659478837716921562e-02
6.376376376376376776e+00 3.696165120591679565e-02 3.696165120591679565e-02
6.348348348348348047e+00 3.731870792916353041e-02 3.731870792916353041e-02
6.320320320320320207e+00 3.768503869610258933e-02 3.768503869610258933e-02
6.292292292292292366e+00 3.805151436635757778e-02 3.805151436635757778e-02
6.264264264264264526e+00 3.841855955821987800e-02 3.841855955821987800e-02
6.236236236236236685e+00 3.878542767915751227e-02 3.878542767915751227e-02
6.208208208208207957e+00 3.915203663099882381e-02 3.915203663099882381e-02
6.180180180180180116e+00 3.951825391272567600e-02 3.951825391272567600e-02
6.152152152152152276e+00 3.988398805346920345e-02 3.988398805346920345e-02
6.124124124124124435e+00 4.024914994163231868e-02 4.024914994163231868e-02
6.096096096096096595e+00 4.061365482879145811e-02 4.061365482879145811e-02
6.068068068068067866e+00 4.097742514238830042e-02 4.097742514238830042e-02
6.040040040040040026e+00 4.134039275077106002e-02 4.134039275077106002e-02
6.012012012012012185e+00 4.170250090373235630e-02 4.170250090373235630e-02
5.983983983983984345e+00 4.206370468596431350e-02 4.206370468596431350e-02
5.955955955955955616e+00 4.242397088455179821e-02 4.242397088455179821e-02
5.927927927927928664e+00 4.278327727676490416e-02 4.278327727676490416e-02
5.899899899899899935e+00 4.314161123476517590e-02 4.314161123476517590e-02
5.871871871871871207e+00 4.349896720316697579e-02 4.349896720316697579e-02
5.843843843843844255e+00 4.385534271455016758e-02 4.385534271455016758e-02
5.815815815815815526e+00 4.421073308870642621e-02 4.421073308870642621e-02
5.787787787787788574e+00 4.456512572533841837e-02 4.456512572533841837e-02
5.759759759759759845e+00 4.491849550075799336e-02 4.491849550075799336e-02
5.731731731731731116e+00 4.527080268199661778e-02 4.527080268199661778e-02
5.703703703703704164e+00 4.562199381248435714e-02 4.562199381248435714e-02
5.675675675675675436e+00 4.597200476249674317e-02 4.597200476249674317e-02
5.647647647647648483e+00 4.632076447925038282e-02 4.632076447925038282e-02
5.619619619619619755e+00 4.666819836085903117e-02 4.666819836085903117e-02
5.591591591591591026e+00 4.701423102888679928e-02 4.701423102888679928e-02
5.563563563563564074e+00 4.735878877713313451e-02 4.735878877713313451e-02
5.535535535535535345e+00 4.770180185368378539e-02 4.770180185368378539e-02
5.507507507507508393e+00 4.804320636122345195e-02 4.804320636122345195e-02
5.479479479479479664e+00 4.838294543164765871e-02 4.838294543164765871e-02
5.451451451451450936e+00 4.872096955454317813e-02 4.872096955454317813e-02
5.423423423423423984e+00 4.905723625296416063e-02 4.905723625296416063e-02
5.395395395395395255e+00 4.939170943472156322e-02 4.939170943472156322e-02
5.367367367367368303e+00 4.972435867001637894e-02 4.972435867001637894e-02
5.339339339339339574e+00 5.005515849431260017e-02 5.005515849431260017e-02
5.311311311311310845e+00 5.038408773409093488e-02 5.038408773409093488e-02
5.283283283283283893e+00 5.071112883166084551e-02 5.071112883166084551e-02
5.255255255255255165e+00 5.103626716865550250e-02 5.103626716865550250e-02
5.227227227227226436e+00 5.135949041730213799e-02 5.135949041730213799e-02
5.199199199199199484e+00 5.168078795911640322e-02 5.168078795911640322e-02
5.171171171171170755e+00 5.200015040574597347e-02 5.200015040574597347e-02
5.143143143143143803e+00 5.231756924354236116e-02 5.231756924354236116e-02
5.115115115115115074e+00 5.263303660881622076e-02 5.263303660881622076e-02
5.087087087087086346e+00 5.294654518918369412e-02 5.294654518918369412e-02
5.059059059059059393e+00 5.325808823920703816e-02 5.325808823920703816e-02
5.031031031031030665e+00 5.356765969513255232e-02 5.356765969513255232e-02
5.003003003003003712e+00 5.387525437267282752e-02 5.387525437267282752e-02
4.974974974974974984e+00 5.418086823213229958e-02 5.418086823213229958e-02
4.946946946946946255e+00 5.448449869564033626e-02 5.448449869564033626e-02
4.918918918918919303e+00 5.478614500112706509e-02 5.478614500112706509e-02
4.890890890890890574e+00 5.508580857677034676e-02 5.508580857677034676e-02
4.862862862862863622e+00 5.538349341852359664e-02 5.538349341852359664e-02
4.834834834834834894e+00 5.567920645229516852e-02 5.567920645229516852e-02
4.806806806806806165e+00 5.597295786293784298e-02 5.597295786293784298e-02
4.778778778778779213e+00 5.626476137616503309e-02 5.626476137616503309e-02
4.750750750750750484e+00 5.655463448459624454e-02 5.655463448459624454e-02
4.722722722722723532e+00 5.684259861579400719e-02 5.684259861579400719e-02
4.694694694694694803e+00 5.712867924670825964e-02 5.712867924670825964e-02
4.666666666666666075e+00 5.741290597407612550e-02 5.741290597407611856e-02
4.638638638638639122e+00 5.769531255326010299e-02 5.769531255326009606e-02
4.610610610610610394e+00 5.797593691861063769e-02 5.797593691861061688e-02
4.582582582582583441e+00 5.825482119714894824e-02 5.825482119714889967e-02
4.554554554554554713e+00 5.853201172490420795e-02 5.853201172490409693e-02
4.526526526526525984e+00 5.880755907234316848e-02 5.880755907234293950e-02
4.498498498498499032e+00 5.908151808259379939e-02 5.908151808259331367e-02
4.470470470470470303e+00 5.935394792392784113e-02 5.935394792392684887e-02
4.442442442442443351e+00 5.962491215652685611e-02 5.962491215652485771e-02
4.414414414414414622e+00 5.989447881230788862e-02 5.989447881230382936e-02
4.386386386386385894e+00 6.016272048575424525e-02 6.016272048574611980e-02
4.358358358358358942e+00 6.042971443468483916e-02 6.042971443466871317e-02
4.330330330330330213e+00 6.069554268923367524e-02 6.069554268920192286e-02
4.302302302302303261e+00 6.096029216771749193e-02 6.096029216765547903e-02
4.274274274274274532e+00 6.122405479840351689e-02 6.122405479828353647e-02
4.246246246246245803e+00 6.148692764647160219e-02 6.148692764624134888e-02
4.218218218218218851e+00 6.174901304567823046e-02 6.174901304524022666e-02
4.190190190190190123e+00 6.201041873434504081e-02 6.201041873351892386e-02
4.162162162162161394e+00 6.227125799526504052e-02 6.227125799372033171e-02
4.134134134134134442e+00 6.253164979889129504e-02 6.253164979602772455e-02
4.106106106106105713e+00 6.279171894865032133e-02 6.279171894338736459e-02
4.078078078078078761e+00 6.305159622625822191e-02 6.305159621666832359e-02
4.050050050050050032e+00 6.331141853325314428e-02 6.331141851592850256e-02
4.022022022022021304e+00 6.357132902234811922e-02 6.357132899131821835e-02
3.993993993993994351e+00 6.383147720753801213e-02 6.383147715243621401e-02
3.965965965965965623e+00 6.409201903275427159e-02 6.409201893574277553e-02
3.937937937937938671e+00 6.435311686906614037e-02 6.435311669972781923e-02
3.909909909909909942e+00 6.461493938906930079e-02 6.461493909600359020e-02
3.881881881881881213e+00 6.487766123623327219e-02 6.487766073336331818e-02
3.853853853853854261e+00 6.514146236307993831e-02 6.514146150755885378e-02
3.825825825825825532e+00 6.540652686053270715e-02 6.540652541744135240e-02
3.797797797797798580e+00 6.567304108362417847e-02 6.567303867011521634e-02
3.769769769769769852e+00 6.594119104263582165e-02 6.594118704042231660e-02
3.741741741741741123e+00 6.621115987661441160e-02 6.621115329621310441e-02
3.713713713713714171e+00 6.648312897917485476e-02 6.648311825138671083e-02
3.685685685685685442e+00 6.675729351177919768e-02 6.675727617058767327e-02
3.657657657657658490e+00 6.703391103301314935e-02 6.703388323816653060e-02
3.629629629629629761e+00 6.731336479191374345e-02 6.731332061734461580e-02
3.601601601601601033e+00 6.759603450463723406e-02 6.759596488854788254e-02
3.573573573573574080e+00 6.788186010402637305e-02 6.788175131545706731e-02
3.545545545545545352e+00 6.817064631856478707e-02 6.817047774056982090e-02
3.517517517517518399e+00 6.846286196905401744e-02 6.846260292673557457e-02
3.489489489489489671e+00 6.875933300731856823e-02 6.875893827593237972e-02
3.461461461461460942e+00 6.906073654385705418e-02 6.906014005366618858e-02
3.433433433433433990e+00 6.936752081244569601e-02 6.936662691845135731e-02
3.405405405405405261e+00 6.968002544119186736e-02 6.967869694294477612e-02
3.377377377377378309e+00 6.999858043575472866e-02 6.999662231135091173e-02
3.349349349349349581e+00 7.032355769625120434e-02 7.032069525267757581e-02
3.321321321321320852e+00 7.065539198004047727e-02 7.065124181842818984e-02
3.293293293293293900e+00 7.099459062672204557e-02 7.098862247758597199e-02
3.265265265265265171e+00 7.134174187074313056e-02 7.133322897623639580e-02
3.237237237237238219e+00 7.169752592620791398e-02 7.168548124346389716e-02
3.209209209209209490e+00 7.206273027113303808e-02 7.204582535770316654e-02
3.181181181181180762e+00 7.243826959620207340e-02 7.241473263591111098e-02
3.153153153153153809e+00 7.282521058365015731e-02 7.279269964527072811e-02
3.125125125125125081e+00 7.322480159143118783e-02 7.318024891545617250e-02
3.097097097097096352e+00 7.363850725777587591e-02 7.357793017507123501e-02
3.069069069069069400e+00 7.406804793864117664e-02 7.398632197902001162e-02
3.041041041041040671e+00 7.451544373435460555e-02 7.440603362437747670e-02
3.013013013013013719e+00 7.498306266459223157e-02 7.483770728178362752e-02
2.984984984984984990e+00 7.547367231965046441e-02 7.528202029960751052e-02
2.956956956956956262e+00 7.599049406639542259e-02 7.573968767655081535e-02
2.928928928928929309e+00 7.653725863266133689e-02 7.621146474700936368e-02
2.900900900900900581e+00 7.711826164562161912e-02 7.669815017987358097e-02
2.872872872872873629e+00 7.773841746772688910e-02 7.720058945000089767e-02
2.844844844844844900e+00 7.840330946833000414e-02 7.771967899671394786e-02
2.816816816816816171e+00 7.911923470186867091e-02 7.825637133261052758e-02
2.788788788788789219e+00 7.989324084750411281e-02 7.881168140990292559e-02
2.760760760760760490e+00 7.910074908525006887e-02 7.938669459349768920e-02
2.732732732732733538e+00 7.998587361758766057e-02 7.998257663242418214e-02
2.704704704704704810e+00 8.095358921862558232e-02 8.060058604458851528e-02
2.676676676676676081e+00 8.028491092450874833e-02 8.124208930997735278e-02
2.648648648648649129e+00 8.141938265822167009e-02 8.190857918679997351e-02
2.620620620620620400e+00 8.266797054626816299e-02 8.260169626692276390e-02
2.592592592592593448e+00 8.404280994655780046e-02 8.332325362342288266e-02
2.564564564564564719e+00 8.555654969975783064e-02 8.407526420442186510e-02
2.536536536536535991e+00 8.722222531061248063e-02 8.485997075252388333e-02
2.508508508508509038e+00 8.905310511619003722e-02 8.567987875283074317e-02
2.480480480480480310e+00 8.771459393337874277e-02 8.653779429442967630e-02
2.452452452452453358e+00 8.818467999557774717e-02 8.743687040941192090e-02
2.424424424424424629e+00 9.046993271551423410e-02 8.838066671736502511e-02
2.396396396396395900e+00 8.950573649109394569e-02 8.937322739753038314e-02
2.368368368368368948e+00 9.213622426890004380e-02 9.041918147846765563e-02
2.340340340340340219e+00 9.194195422865079903e-02 9.152386749793978149e-02
2.312312312312313267e+00 9.021423047396617823e-02 9.269348198589676124e-02
2.284284284284284539e+00 9.330626139897940652e-02 9.393524718372604776e-02
2.256256256256255810e+00 9.661756184044116569e-02 9.525758583924283374e-02
2.228228228228228858e+00 9.854153767399009833e-02 9.667027818380645454e-02
2.200200200200200129e+00 1.022306661586202675e-01 9.818455394500684441e-02
2.172172172172171400e+00 1.047058421619737334e-01 9.981304768862825361e-02
2.144144144144144448e+00 1.057598949248616249e-01 1.015695033139602937e-01
2.116116116116115720e+00 1.098380471525139401e-01 1.034681556230965110e-01
2.088088088088088767e+00 1.140351801537312776e-01 1.055225717304279359e-01
2.060060060060060039e+00 1.154015231643146788e-01 1.077443846807958766e-01
2.032032032032031310e+00 1.196084974466150586e-01 1.101407749018210869e-01
2.004004004004004358e+00 1.237781982500353456e-01 1.127151756163075891e-01
1.975975975975975629e+00 1.278301392160309802e-01 1.154645712957032971e-01
1.947947947947948677e+00 1.288756435236045328e-01 1.184153969064221518e-01
1.919919919919919948e+00 1.301246407199801447e-01 1.216821890878800050e-01
1.891891891891891220e+00 1.296836275168322672e-01 1.255001770813636008e-01
1.863863863863864268e+00 1.334645556145349354e-01 1.298702821133514429e-01
1.835835835835835539e+00 1.357093609982071014e-01 1.316843164422440426e-01
1.807807807807808587e+00 1.375287190332731280e-01 1.330852781478824853e-01
1.779779779779779858e+00 1.376951556639611773e-01 1.354735860052629082e-01
1.751751751751751129e+00 1.391726833562539900e-01 1.390429577611199674e-01
1.723723723723724177e+00 1.377819699584972024e-01 1.423858976624423345e-01
1.695695695695695449e+00 1.397022377651342961e-01 1.455750922140159609e-01
1.667667667667668496e+00 1.414101287731332202e-01 1.483609677931231052e-01
1.639639639639639768e+00 1.427819395175359551e-01 1.505448745429356361e-01
1.611611611611611039e+00 1.416144362281650804e-01 1.525761329910436392e-01
1.583583583583584087e+00 1.432161202521421428e-01 1.548214890808875255e-01
1.555555555555555358e+00 1.462862767502380312e-01 1.569142125172577618e-01
1.527527527527528406e+00 1.473279674779187920e-01 1.592556119792432057e-01
1.499499499499499677e+00 1.447042930040075004e-01 1.622299271659082276e-01
1.471471471471470949e+00 1.459806294589758302e-01 1.660160895913204981e-01
1.443443443443443996e+00 1.464722315488184712e-01 1.705926698705999001e-01
1.415415415415415268e+00 1.470399538821792196e-01 1.756479360442338433e-01
1.387387387387388316e+00 1.406746252753743875e-01 1.805586543092863316e-01
1.359359359359359587e+00 1.396710070961619532e-01 1.846252113267341233e-01
1.331331331331330858e+00 1.379073015215147302e-01 1.875919768449765268e-01
1.303303303303303906e+00 1.351849454533257666e-01 1.907531233651376112e-01
1.275275275275275177e+00 1.327903131175492968e-01 1.961594365818202790e-01
1.247247247247248225e+00 1.282005080196245150e-01 1.911930780286308640e-01
1.219219219219219497e+00 1.227435325751368156e-01 1.583583060367624029e-01
1.191191191191190768e+00 1.169571199424326996e-01 1.289077166770212501e-01
1.163163163163163816e+00 1.103411197640866565e-01 1.052565504586954193e-01
1.135135135135135087e+00 1.031248125605899735e-01 8.605533133491707898e-02
1.107107107107106359e+00 9.630688650575286447e-02 7.076504154985099881e-02
1.079079079079079406e+00 8.849061785350581522e-02 5.857379750578735333e-02
1.051051051051050678e+00 8.074076882469526095e-02 4.863262426374984765e-02
1.023023023023023725e+00 7.203337235793258464e-02 4.028919163377876062e-02
9.949949949949949968e-01 6.372240976684669100e-02 3.314544038940337584e-02
9.669669669669662682e-01 5.479317192487175719e-02 2.700163429209958763e-02
9.389389389389393159e-01 4.734568771917367636e-02 2.176166403291258933e-02
9.109109109109105873e-01 4.058350781861227302e-02 1.735561266556445020e-02
8.828828828828836350e-01 3.394482963601780368e-02 1.370366902478939095e-02
8.548548548548549064e-01 2.767669836845782980e-02 1.071229301865046259e-02
8.268268268268261778e-01 2.300028864346147922e-02 8.283297031340695893e-03
7.987987987987992256e-01 1.898493702302855857e-02 6.323296722959165575e-03
7.707707707707704969e-01 1.545574393339329590e-02 4.749378718820571922e-03
7.427427427427435447e-01 1.254428103527645104e-02 3.491119062327991719e-03
7.147147147147148161e-01 1.000282743279836892e-02 2.490167477211472757e-03
6.866866866866860875e-01 7.752282922748105452e-03 1.698455973795474786e-03
6.586586586586591352e-01 6.014525553425804048e-03 1.075977600094832646e-03
6.306306306306304066e-01 4.585844536918540389e-03 5.891969565745697190e-04
6.026026026026034543e-01 3.419060203628491480e-03 2.105528604646631440e-04
5.745745745745747257e-01 2.473297154555922483e-03 -8.178765733289882758e-05
5.465465465465459971e-01 1.713602881157885640e-03 -3.047091178489675766e-04
5.185185185185190448e-01 1.110189051481172764e-03 -4.711995465487116156e-04
4.904904904904903162e-01 6.376452070877624634e-04 -5.913319201891882549e-04
4.624624624624633640e-01 2.740049116253665592e-04 -6.733056754467416343e-04
4.344344344344346354e-01 -3.297734402047370804e-07 -7.245552796866082824e-04
4.064064064064059068e-01 -2.031808609476894862e-04 -7.523151971753783834e-04
3.783783783783789545e-01 -3.503373465947278429e-04 -7.632885644326567421e-04
3.503503503503502259e-01 -4.550927721969887378e-04 -7.630771781645831562e-04
3.223223223223232736e-01 -5.283114404803263171e-04 -7.561187539917004147e-04
2.942942942942945450e-01 -5.789401105967496505e-04 -7.460585552874242962e-04
2.662662662662658164e-01 -6.144923801626379261e-04 -7.360910035082564263e-04
2.382382382382388641e-01 -6.410446814002185951e-04 -7.288167272820426099e-04
2.102102102102101355e-01 -6.621848781945506232e-04 -7.250608042493300294e-04
1.821821821821831833e-01 -6.774012353107212135e-04 -7.221431719994349458e-04
1.541541541541544547e-01 -6.838583956306603642e-04 -7.155497394842870668e-04
1.261261261261257260e-01 -6.826980016778121064e-04 -7.051426958269558067e-04
9.809809809809877379e-02 -6.796702709571805778e-04 -6.957164249630671008e-04
7.007007007007004518e-02 -6.803332767648459381e-04 -6.921353691665020277e-04
4.204204204204131656e-02 -6.872463448804545707e-04 -6.964795596346987821e-04
1.401401401401436431e-02 -6.997666001136822666e-04 -7.078060592950710835e-04
-1.401401401401436431e-02 -7.158160542129436829e-04 -7.238929715017131290e-04
-4.204204204204131656e-02 -7.343475734458822452e-04 -7.436937738648407214e-04
-7.007007007007004518e-02 -7.557696778117447677e-04 -7.677615780400592286e-04
-9.809809809809877379e-02 -7.804597751020889065e-04 -7.967728274744472058e-04
-1.261261261261257260e-01 -8.079959252037261777e-04 -8.307806931359343209e-04
-1.541541541541544547e-01 -8.372173494708597119e-04 -8.693087629242466242e-04
-1.821821821821814069e-01 -8.663540065043544075e-04 -9.115258678987749269e-04
-2.102102102102101355e-01 -8.930542955498658357e-04 -9.563316578227721004e-04
-2.382382382382388641e-01 -9.143261934933931022e-04 -1.002368665194403041e-03
-2.662662662662658164e-01 -9.264255431281756071e-04 -1.047994708097693770e-03
-2.942942942942945450e-01 -9.247083957017688746e-04 -1.091232153440865838e-03
-3.223223223223214973e-01 -9.034539043356950043e-04 -1.129699404222108761e-03
-3.503503503503502259e-01 -8.556596997559691399e-04 -1.160524408438722748e-03
-3.783783783783789545e-01 -7.728102965517537164e-04 -1.180237359111765711e-03
-4.064064064064059068e-01 -6.446194909558638836e-04 -1.184638706891805518e-03
-4.344344344344346354e-01 -4.587502327836753759e-04 -1.168639508002023222e-03
-4.624624624624615876e-01 -2.005224869432520394e-04 -1.126076471466440267e-03
-4.904904904904903162e-01 1.473631000230825815e-04 -1.049519728893612844e-03
-5.185185185185190448e-01 6.050240717225352591e-04 -9.301237557507518409e-04
-5.465465465465459971e-01 1.195425149772729552e-03 -7.576015893949958075e-04
-5.745745745745747257e-01 1.944257322392380603e-03 -5.202896167004377381e-04
-6.026026026026016780e-01 2.880195835851482970e-03 -2.047617038064753663e-04
-6.306306306306304066e-01 4.036543586673266466e-03 2.060249744068525597e-04
-6.586586586586591352e-01 5.453800442024287799e-03 7.356016921689817510e-04
-6.866866866866860875e-01 7.180462819310601437e-03 1.415187044027273839e-03
-7.147147147147148161e-01 9.144666755210183531e-03 2.284401062830745087e-03
-7.427427427427417683e-01 1.157842377819935133e-02 3.397347592238441228e-03
-7.707707707707704969e-01 1.451656278208992429e-02 4.828782264363082853e-03
-7.987987987987992256e-01 1.805143895495784148e-02 6.659963790179848284e-03
-8.268268268268261778e-01 2.274875641530805723e-02 8.969776450849779870e-03
-8.548548548548549064e-01 2.764666805286065954e-02 1.184945353164227819e-02
-8.828828828828836350e-01 3.348566488886983716e-02 1.540502114515184331e-02
-9.109109109109105873e-01 4.006255149507761265e-02 1.974159042712041873e-02
-9.389389389389393159e-01 4.750571878599338382e-02 2.493825636988528105e-02
-9.669669669669662682e-01 5.475946412737234953e-02 3.102414941106840934e-02
-9.949949949949949968e-01 6.419483819418007886e-02 3.786531558417919469e-02
-1.023023023023023725e+00 7.395793845004149103e-02 4.519806066836572905e-02
-1.051051051051050678e+00 8.301170805658303342e-02 5.342092142664955912e-02
-1.079079079079079406e+00 9.222468407933975820e-02 6.411046908360014396e-02
-1.107107107107106359e+00 9.559278389572828383e-02 7.220876441396775758e-02
-1.135135135135135087e+00 1.024069683456612229e-01 8.688073762676526424e-02
-1.163163163163163816e+00 1.118527558698725055e-01 1.072381839832892148e-01
-1.191191191191190768e+00 1.192547005302494606e-01 1.316679636204938497e-01
-1.219219219219219497e+00 1.261015663902238237e-01 1.608832063460959583e-01
-1.247247247247246449e+00 1.320246791210156756e-01 1.928764891445066132e-01
-1.275275275275275177e+00 1.357177954396910358e-01 1.972735919358408752e-01
-1.303303303303303906e+00 1.389529625806241731e-01 1.912101345446386436e-01
-1.331331331331330858e+00 1.379066823556288346e-01 1.872101971208411375e-01
-1.359359359359359587e+00 1.388419187414204614e-01 1.835237583435491426e-01
-1.387387387387386539e+00 1.392161408907896247e-01 1.790089749301753685e-01
-1.415415415415415268e+00 1.449806079943029014e-01 1.738054157728708971e-01
-1.443443443443443996e+00 1.438104637633286775e-01 1.685759713607006827e-01
-1.471471471471470949e+00 1.426897762843444273e-01 1.638407235846520149e-01
-1.499499499499499677e+00 1.442135060713568007e-01 1.597722404655455841e-01
-1.527527527527526630e+00 1.428428082260647658e-01 1.562799544942819197e-01
-1.555555555555555358e+00 1.428283593218312719e-01 1.531240924362854416e-01
-1.583583583583584087e+00 1.411551449644445067e-01 1.500868325945090009e-01
-1.611611611611611039e+00 1.394776231752792861e-01 1.471918267082427678e-01
-1.639639639639639768e+00 1.403403270367641897e-01 1.444775163637132820e-01
-1.667667667667666720e+00 1.373855987630388797e-01 1.420175321541092550e-01
-1.695695695695695449e+00 1.358197489757966003e-01 1.398444237051070793e-01
-1.723723723723724177e+00 1.339479276888143611e-01 1.373502480153793726e-01
-1.751751751751751129e+00 1.348708932792148374e-01 1.342188888994417795e-01
-1.779779779779779858e+00 1.338762055306570997e-01 1.316599363128414524e-01
-1.807807807807806810e+00 1.332460333921225148e-01 1.289908193262248592e-01
-1.835835835835835539e+00 1.304708254708652204e-01 1.266365013750905266e-01
-1.863863863863864268e+00 1.278144920587820643e-01 1.234573508464462954e-01
-1.891891891891891220e+00 1.301432043128985250e-01 1.253153915799115337e-01
-1.919919919919919948e+00 1.298464842186041746e-01 1.215444626921185212e-01
-1.947947947947948677e+00 1.263396252379071494e-01 1.177767261673348803e-01
-1.975975975975975629e+00 1.228982046341868528e-01 1.147417274107472573e-01
-2.004004004004002581e+00 1.220218147484332105e-01 1.121084403754102621e-01
-2.032032032032031310e+00 1.185538501426646463e-01 1.097225711560133876e-01
-2.060060060060060039e+00 1.151187341194881003e-01 1.075196002348027396e-01
-2.088088088088088767e+00 1.117322325115018000e-01 1.054670863677588527e-01
-2.116116116116117496e+00 1.109864920310869169e-01 1.035477939976948425e-01
-2.144144144144142672e+00 1.076778403042580740e-01 1.017505799641101466e-01
-2.172172172172171400e+00 1.072256135276621614e-01 1.000670875234131174e-01
-2.200200200200200129e+00 1.040692150302117841e-01 9.849016534461726979e-02
-2.228228228228228858e+00 1.010464025305814056e-01 9.701329607489563023e-02
-2.256256256256257586e+00 9.816301730891834054e-02 9.563022530584242009e-02
-2.284284284284282762e+00 9.542213456956863404e-02 9.433430786899028864e-02
-2.312312312312311491e+00 9.875565032099818674e-02 9.311725784129336325e-02
-2.340340340340340219e+00 9.613087813067337783e-02 9.196811007925774495e-02
-2.368368368368368948e+00 9.364970524365788529e-02 9.087424110701633473e-02
-2.396396396396397677e+00 9.130136178489696441e-02 8.982235343365760349e-02
-2.424424424424422853e+00 8.907623665132435864e-02 8.880140585586755730e-02
-2.452452452452451581e+00 8.855497505372095235e-02 8.781593376948318430e-02
-2.480480480480480310e+00 8.656543801868857302e-02 8.688042844839086176e-02
-2.508508508508509038e+00 8.472466489068804230e-02 8.600064430797786652e-02
-2.536536536536537767e+00 8.924013212187695276e-02 8.516970843067113439e-02
-2.564564564564562943e+00 8.754667169367356949e-02 8.437244589028533581e-02
-2.592592592592591672e+00 8.596033935377275781e-02 8.359229015316203826e-02
-2.620620620620620400e+00 8.447098277527867460e-02 8.282338255728688425e-02
-2.648648648648649129e+00 8.308430377301515013e-02 8.207609338377261365e-02
-2.676676676676677857e+00 8.180986909877759061e-02 8.136496445091952190e-02
-2.704704704704703033e+00 8.064612656858971551e-02 8.069365307936895992e-02
-2.732732732732731762e+00 7.958287445743944533e-02 8.005732621168724916e-02
-2.760760760760760490e+00 7.860867165897363062e-02 7.944999359350243817e-02
-2.788788788788789219e+00 7.771355911634302005e-02 7.886715238387428939e-02
-2.816816816816817948e+00 7.688917220175996159e-02 7.830582502056800120e-02
-2.844844844844843124e+00 7.738571376648017974e-02 7.776402527276006504e-02
-2.872872872872871852e+00 7.818798511288935216e-02 7.724033038693785269e-02
-2.900900900900900581e+00 7.749773605180440561e-02 7.673362599690250474e-02
-2.928928928928929309e+00 7.685455898550487552e-02 7.624296847236713970e-02
-2.956956956956958038e+00 7.625337963979469946e-02 7.576751366925960074e-02
-2.984984984984983214e+00 7.568955078834163630e-02 7.530648061168175589e-02
-3.013013013013011943e+00 7.515884549935422654e-02 7.485913308018365964e-02
-3.041041041041040671e+00 7.465744922310961484e-02 7.442477022229306016e-02
-3.069069069069069400e+00 7.418194730523811065e-02 7.400272165568186344e-02
-3.097097097097098128e+00 7.372930702894843480e-02 7.359234476548215387e-02
-3.125125125125123304e+00 7.329685460257098772e-02 7.319302304222220779e-02
-3.153153153153152033e+00 7.288224814519193850e-02 7.280416488962852817e-02
-3.181181181181180762e+00 7.248344797259519134e-02 7.242520262854060253e-02
-3.209209209209209490e+00 7.209868550658475594e-02 7.205559157311226814e-02
-3.237237237237238219e+00 7.172643201807216151e-02 7.169480913051838600e-02
-3.265265265265263395e+00 7.136536822476728659e-02 7.134235390891940920e-02
-3.293293293293292123e+00 7.101435554305744746e-02 7.099774483404205916e-02
-3.321321321321320852e+00 7.067240956993728340e-02 7.066052028339854518e-02
-3.349349349349349581e+00 7.033867615498043402e-02 7.033023724515191644e-02
-3.377377377377378309e+00 7.001241023577250977e-02 7.000647050780989256e-02
-3.405405405405403485e+00 6.969295745595455172e-02 6.968881188497745571e-02
-3.433433433433432214e+00 6.937973846573519676e-02 6.937686947736820819e-02
-3.461461461461460942e+00 6.907223571946073670e-02 6.907026697250619185e-02
-3.489489489489489671e+00 6.876998253029965869e-02 6.876864298113391505e-02
-3.517517517517518399e+00 6.847255411365743560e-02 6.847165040827726812e-02
-3.545545545545547128e+00 6.817956034333622073e-02 6.817895585615806053e-02
-3.573573573573572304e+00 6.789063995244670746e-02 6.789023905564404993e-02
-3.601601601601601033e+00 6.760545592983888130e-02 6.760519232264880496e-02
-3.629629629629629761e+00 6.732369188820952477e-02 6.732352003583839950e-02
-3.657657657657658490e+00 6.704504920917847555e-02 6.704493813262416002e-02
-3.685685685685687218e+00 6.676924479930897161e-02 6.676917362007514511e-02
-3.713713713713712394e+00 6.649600931868067388e-02 6.649596409726743484e-02
-3.741741741741741123e+00 6.622508577434085830e-02 6.622505729098719651e-02
-3.769769769769769852e+00 6.595622839241158109e-02 6.595621060589537676e-02
-3.797797797797798580e+00 6.568920170511971524e-02 6.568919069377482378e-02
-3.825825825825827309e+00 6.542377980851200869e-02 6.542377305022308021e-02
-3.853853853853852485e+00 6.515974576317611067e-02 6.515974165094480519e-02
-3.881881881881881213e+00 6.489689112363443424e-02 6.489688864301346172e-02
-3.909909909909909942e+00 6.463501559144427255e-02 6.463501410795879920e-02
-3.937937937937938671e+00 6.437392679145259589e-02 6.437392591193541458e-02
-3.965965965965967399e+00 6.411344016930212164e-02 6.411343965236018794e-02
-3.993993993993992575e+00 6.385337900106795306e-02 6.385337869985471815e-02
-4.022022022022021304e+00 6.359357449402458506e-02 6.359357432002837873e-02
-4.050050050050050032e+00 6.333386594381949786e-02 6.333386584417857734e-02
-4.078078078078078761e+00 6.307410090204300379e-02 6.307410084547555862e-02
-4.106106106106107489e+00 6.281413530323866345e-02 6.281413527140214392e-02
-4.134134134134132665e+00 6.255383350232499029e-02 6.255383348456211579e-02
-4.162162162162161394e+00 6.229306819136495865e-02 6.229306818154004000e-02
-4.190190190190190123e+00 6.203172018346823219e-02 6.203172017808091659e-02
-4.218218218218218851e+00 6.176967807331695814e-02 6.176967807038848818e-02
-4.246246246246247580e+00 6.150683780201326306e-02 6.150683780043516430e-02
-4.274274274274272756e+00 6.124310216440950749e-02 6.124310216356645270e-02
-4.302302302302301484e+00 6.097838029904099205e-02 6.097838029859450892e-02
-4.330330330330330213e+00 6.071258719562037248e-02 6.071258719538595583e-02
-4.358358358358358942e+00 6.044564324555598556e-02 6.044564324543397205e-02
-4.386386386386387670e+00 6.017747385013890588e-02 6.017747385007594929e-02
-4.414414414414412846e+00 5.990800909126303697e-02 5.990800909123084744e-02
-4.442442442442441575e+00 5.963718346213487537e-02 5.963718346211855509e-02
-4.470470470470470303e+00 5.936493565076759321e-02 5.936493565075938450e-02
-4.498498498498499032e+00 5.909120836685862604e-02 5.909120836685453210e-02
-4.526526526526527761e+00 5.881594820235523657e-02 5.881594820235323123e-02
-4.554554554554552936e+00 5.853910551626889669e-02 5.853910551626790443e-02
-4.582582582582581665e+00 5.826063433639481343e-02 5.826063433639433464e-02
-4.610610610610610394e+00 5.798049227189217697e-02 5.798049227189195493e-02
-4.638638638638639122e+00 5.769864043202939385e-02 5.769864043202928283e-02
-4.666666666666667851e+00 5.741504334780840602e-02 5.741504334780835744e-02
-4.694694694694693027e+00 5.712966889425052930e-02 5.712966889425049460e-02
-4.722722722722721755e+00 5.684248821196405399e-02 5.684248821196404705e-02
-4.750750750750750484e+00 5.655347562725157595e-02 5.655347562725155514e-02
-4.778778778778779213e+00 5.626260857048644842e-02 5.626260857048644148e-02
-4.806806806806807941e+00 5.596986749283334311e-02 5.596986749283334311e-02
-4.834834834834833117e+00 5.567523578162961867e-02 5.567523578162961867e-02
-4.862862862862861846e+00 5.537869967491393375e-02 5.537869967491393375e-02
-4.890890890890890574e+00 5.508024817569885656e-02 5.508024817569885656e-02
-4.918918918918919303e+00 5.477987296664497963e-02 5.477987296664497963e-02
-4.946946946946948032e+00 5.447756832587538622e-02 5.447756832587538622e-02
-4.974974974974973208e+00 5.417333104440245906e-02 5.417333104440245906e-02
-5.003003003003001936e+00 5.386716034579237811e-02 5.386716034579237811e-02
-5.031031031031030665e+00 5.355905780862292576e-02 5.355905780862292576e-02
-5.059059059059059393e+00 5.324902729190141709e-02 5.324902729190141709e-02
-5.087087087087088122e+00 5.293707486341782398e-02 5.293707486341782398e-02
-5.115115115115113298e+00 5.262320873068044441e-02 5.262320873068044441e-02
-5.143143143143142026e+00 5.230743917368841506e-02 5.230743917368841506e-02
-5.171171171171170755e+00 5.198977847837679689e-02 5.198977847837679689e-02
-5.199199199199199484e+00 5.167024086916480186e-02 5.167024086916480186e-02
-5.227227227227228212e+00 5.134884243873503312e-02 5.134884243873503312e-02
-5.255255255255253388e+00 5.102560107306008952e-02 5.102560107306008952e-02
-5.283283283283282117e+00 5.070053636988636897e-02 5.070053636988636897e-02
-5.311311311311310845e+00 5.037366954946730785e-02 5.037366954946730785e-02
-5.339339339339339574e+00 5.004502335734186541e-02 5.004502335734186541e-02
-5.367367367367368303e+00 4.971462196032671449e-02 4.971462196032671449e-02
-5.395395395395393479e+00 4.938249083838082421e-02 4.938249083838082421e-02
-5.423423423423422207e+00 4.904865667658719897e-02 4.904865667658719897e-02
-5.451451451451450936e+00 4.871314726257522376e-02 4.871314726257522376e-02
-5.479479479479479664e+00 4.837599139492212291e-02 4.837599139492212291e-02
-5.507507507507508393e+00 4.803721880759603824e-02 4.803721880759603824e-02
-5.535535535535537122e+00 4.769686011420282840e-02 4.769686011420282840e-02
-5.563563563563562298e+00 4.735494677395558905e-02 4.735494677395558905e-02
-5.591591591591591026e+00 4.701151107927829809e-02 4.701151107927829809e-02
-5.619619619619619755e+00 4.666658616316671226e-02 4.666658616316671226e-02
-5.647647647647648483e+00 4.632020602316438279e-02 4.632020602316438279e-02
-5.675675675675677212e+00 4.597240555823545877e-02 4.597240555823545877e-02
-5.703703703703702388e+00 4.562322061494111791e-02 4.562322061494111791e-02
-5.731731731731731116e+00 4.527268804004246777e-02 4.527268804004246777e-02
-5.759759759759759845e+00 4.492084573773402756e-02 4.492084573773402756e-02
-5.787787787787788574e+00 4.456773273078658282e-02 4.456773273078658282e-02
-5.815815815815817302e+00 4.421338922533938481e-02 4.421338922533938481e-02
-5.843843843843842478e+00 4.385785667783899389e-02 4.385785667783899389e-02
-5.871871871871871207e+00 4.350117785900681905e-02 4.350117785900681905e-02
-5.899899899899899935e+00 4.314339690333673927e-02 4.314339690333673927e-02
-5.927927927927928664e+00 4.278455932558163782e-02 4.278455932558163782e-02
-5.955955955955957393e+00 4.242471198316831449e-02 4.242471198316831449e-02
-5.983983983983982569e+00 4.206390297176337140e-02 4.206390297176337140e-02
-6.012012012012011297e+00 4.170218146237482382e-02 4.170218146237482382e-02
-6.040040040040040026e+00 4.133959751506838948e-02 4.133959751506838948e-02
-6.068068068068068754e+00 4.097620192162124836e-02 4.097620192162124836e-02
-6.096096096096097483e+00 4.061204612486785798e-02 4.061204612486785798e-02
-6.124124124124122659e+00 4.024718223675322060e-02 4.024718223675322060e-02
-6.152152152152151388e+00 3.988166314411810409e-02 3.988166314411810409e-02
-6.180180180180180116e+00 3.951554266765149037e-02 3.951554266765149037e-02
-6.208208208208208845e+00 3.914887573340245647e-02 3.914887573340245647e-02
-6.236236236236237573e+00 3.878171852481025750e-02 3.878171852481025750e-02
-6.264264264264262749e+00 3.841412859772994765e-02 3.841412859772994765e-02
-6.292292292292291478e+00 3.804616495430341444e-02 3.804616495430341444e-02
-6.320320320320320207e+00 3.767788808020972047e-02 3.767788808020972047e-02
-6.348348348348348935e+00 3.730935995338435091e-02 3.730935995338435091e-02
-6.376376376376377664e+00 3.694064403256416829e-02 3.694064403256416829e-02
-6.404404404404402840e+00 3.657180523257119731e-02 3.657180523257119731e-02
-6.432432432432431568e+00 3.620290989127721015e-02 3.620290989127721015e-02
-6.460460460460460297e+00 3.583402573136968555e-02 3.583402573136968555e-02
-6.488488488488489025e+00 3.546522181865861129e-02 3.546522181865861129e-02
-6.516516516516517754e+00 3.509656851778545500e-02 3.509656851778545500e-02
-6.544544544544542930e+00 3.472813744575693751e-02 3.472813744575693751e-02
-6.572572572572571659e+00 3.436000142362104909e-02 3.436000142362104909e-02
-6.600600600600600387e+00 3.399223442669212919e-02 3.399223442669212919e-02
-6.628628628628629116e+00 3.362491153385763210e-02 3.362491153385763210e-02
-6.656656656656657844e+00 3.325810887649090219e-02 3.325810887649090219e-02
-6.684684684684683020e+00 3.289190358730529479e-02 3.289190358730529479e-02
-6.712712712712711749e+00 3.252637374879441962e-02 3.252637374879441962e-02
-6.740740740740740478e+00 3.216159833997537382e-02 3.216159833997537382e-02
-6.768768768768769206e+00 3.179765717913202866e-02 3.179765717913202866e-02
-6.796796796796797935e+00 3.143463085928395462e-02 3.143463085928395462e-02
-6.824824824824823111e+00 3.107260067245809498e-02 3.107260067245809498e-02
-6.852852852852851839e+00 3.071164851864447223e-02 3.071164851864447223e-02
-6.880880880880880568e+00 3.035185679563116856e-02 3.035185679563116856e-02
-6.908908908908909297e+00 2.999330826680072365e-02 2.999330826680072365e-02
-6.936936936936938025e+00 2.963608590559534128e-02 2.963608590559534128e-02
-6.964964964964963201e+00 2.928027271800024214e-02 2.928027271800024214e-02
-6.992992992992991930e+00 2.892595154831144322e-02 2.892595154831144322e-02
-7.021021021021020658e+00 2.857320487855064678e-02 2.857320487855064678e-02
-7.049049049049049387e+00 2.822211463728402717e-02 2.822211463728402717e-02
-7.077077077077078116e+00 2.787276203730004037e-02 2.787276203730004037e-02
-7.105105105105103291e+00 2.752522746109885982e-02 2.752522746109885982e-02
-7.133133133133132020e+00 2.717959040486857963e-02 2.717959040486857963e-02
-7.161161161161160749e+00 2.683592947600184353e-02 2.683592947600184353e-02
-7.189189189189189477e+00 2.649432242090711195e-02 2.649432242090711195e-02
-7.217217217217218206e+00 2.615484614569130520e-02 2.615484614569130520e-02
-7.245245245245243382e+00 2.581757668999240182e-02 2.581757668999240182e-02
-7.273273273273272110e+00 2.548258912613250715e-02 2.548258912613250715e-02
-7.301301301301300839e+00 2.514995737713345350e-02 2.514995737713345350e-02
-7.329329329329329568e+00 2.481975396885853849e-02 2.481975396885853849e-02
-7.357357357357358296e+00 2.449204974540096502e-02 2.449204974540096502e-02
-7.385385385385383472e+00 2.416691357956832903e-02 2.416691357956832903e-02
-7.413413413413412201e+00 2.384441210401757119e-02 2.384441210401757119e-02
-7.441441441441440929e+00 2.352460947815497583e-02 2.352460947815497583e-02
-7.469469469469469658e+00 2.320756719590620284e-02 2.320756719590620284e-02
-7.497497497497498387e+00 2.289334393241426041e-02 2.289334393241426041e-02
-7.525525525525523562e+00 2.258199542417946640e-02 2.258199542417946640e-02
-7.553553553553552291e+00 2.227357437629373660e-02 2.227357437629373660e-02
-7.581581581581581020e+00 2.196813039097685050e-02 2.196813039097685050e-02
-7.609609609609609748e+00 2.166570991305510202e-02 2.166570991305510202e-02
-7.637637637637638477e+00 2.136635618939454126e-02 2.136635618939454126e-02
-7.665665665665667206e+00 2.107010924041984382e-02 2.107010924041984382e-02
-7.693693693693692381e+00 2.077700584265074549e-02 2.077700584265074549e-02
-7.721721721721721110e+00 2.048707952169112265e-02 2.048707952169112265e-02
-7.749749749749749839e+00 2.020036055537906619e-02 2.020036055537906619e-02
-7.777777777777778567e+00 1.991687598691546310e-02 1.991687598691546310e-02
-7.805805805805807296e+00 1.963664964779717956e-02 1.963664964779717956e-02
-7.833833833833832472e+00 1.935970219032977224e-02 1.935970219032977224e-02
-7.861861861861861200e+00 1.908605112941563764e-02 1.908605112941563764e-02
-7.889889889889889929e+00 1.881571089322612439e-02 1.881571089322612439e-02
-7.917917917917918658e+00 1.854869288227706595e-02 1.854869288227706595e-02
-7.945945945945947386e+00 1.828500553635628231e-02 1.828500553635628231e-02
-7.973973973973972562e+00 1.802465440871873353e-02 1.802465440871873353e-02
-8.002002002002001291e+00 1.776764224685976543e-02 1.776764224685976543e-02
-8.030030030030030019e+00 1.751396907917968440e-02 1.751396907917968440e-02
-8.058058058058058748e+00 1.726363230682893823e-02 1.726363230682893823e-02
-8.086086086086087477e+00 1.701662680001277822e-02 1.701662680001277822e-02
-8.114114114114112652e+00 1.677294499803602332e-02 1.677294499803602332e-02
-8.142142142142141381e+00 1.653257701238033256e-02 1.653257701238033256e-02
-8.170170170170170110e+00 1.629551073212658074e-02 1.629551073212658074e-02
-8.198198198198198838e+00 1.606173193106016223e-02 1.606173193106016223e-02
-8.226226226226227567e+00 1.583122437583003167e-02 1.583122437583003167e-02
-8.254254254254252743e+00 1.560396993456765642e-02 1.560396993456765642e-02
-8.282282282282281471e+00 1.537994868541170575e-02 1.537994868541170575e-02
-8.310310310310310200e+00 1.515913902442651492e-02 1.515913902442651492e-02
-8.338338338338338929e+00 1.494151777244299116e-02 1.494151777244299116e-02
-8.366366366366367657e+00 1.472706028039154000e-02 1.472706028039154000e-02
-8.394394394394392833e+00 1.451574053277276781e-02 1.451574053277276781e-02
-8.422422422422421562e+00 1.430753124890764456e-02 1.430753124890764456e-02
-8.450450450450450290e+00 1.410240398167193245e-02 1.410240398167193245e-02
-8.478478478478479019e+00 1.390032921346761111e-02 1.390032921346761111e-02
-8.506506506506507748e+00 1.370127644921958349e-02 1.370127644921958349e-02
-8.534534534534532924e+00 1.350521430622324270e-02 1.350521430622324270e-02
-8.562562562562561652e+00 1.331211060070441356e-02 1.331211060070441356e-02
-8.590590590590590381e+00 1.312193243098658951e-02 1.312193243098658951e-02
-8.618618618618619109e+00 1.293464625719049736e-02 1.293464625719049736e-02
-8.646646646646647838e+00 1.275021797741995692e-02 1.275021797741995692e-02
-8.674674674674673014e+00 1.256861300041288952e-02 1.256861300041288952e-02
-8.702702702702701743e+00 1.238979631465939035e-02 1.238979631465939035e-02
-8.730730730730730471e+00 1.221373255400953935e-02 1.221373255400953935e-02
-8.758758758758759200e+00 1.204038605981005636e-02 1.204038605981005636e-02
-8.786786786786787928e+00 1.186972093962021003e-02 1.186972093962021003e-02
-8.814814814814813104e+00 1.170170112259160018e-02 1.170170112259160018e-02
-8.842842842842841833e+00 1.153629041158493393e-02 1.153629041158493393e-02
-8.870870870870870561e+00 1.137345253210549599e-02 1.137345253210549599e-02
-8.898898898898899290e+00 1.121315117815904240e-02 1.121315117815904240e-02
-8.926926926926928019e+00 1.105535005513130428e-02 1.105535005513130428e-02
-8.954954954954953195e+00 1.090001291979809765e-02 1.090001291979809765e-02
-8.982982982982981923e+00 1.074710361757618034e-02 1.074710361757618034e-02
-9.011011011011010652e+00 1.059658611712736842e-02 1.059658611712736842e-02
-9.039039039039039380e+00 1.044842454242874905e-02 1.044842454242874905e-02
-9.067067067067068109e+00 1.030258320242246305e-02 1.030258320242246305e-02
-9.095095095095093285e+00 1.015902661835767218e-02 1.015902661835767218e-02
-9.123123123123122014e+00 1.001771954893590326e-02 1.001771954893590326e-02
-9.151151151151150742e+00 9.878627013369521703e-03 9.878627013369521703e-03
-9.179179179179179471e+00 9.741714312460059838e-03 9.741714312460059838e-03
-9.207207207207208199e+00 9.606947047797510103e-03 9.606947047797510103e-03
-9.235235235235233375e+00 9.474291139189541106e-03 9.474291139189541106e-03
-9.263263263263262104e+00 9.343712840421595708e-03 9.343712840421595708e-03
-9.291291291291290833e+00 9.215178753432222078e-03 9.215178753432222078e-03
-9.319319319319319561e+00 9.088655840999937396e-03 9.088655840999937396e-03
-9.347347347347348290e+00 8.964111438030332793e-03 8.964111438030332793e-03
-9.375375375375373466e+00 8.841513261528178083e-03 8.841513261528178083e-03
-9.403403403403402194e+00 8.720829419335525759e-03 8.720829419335525759e-03
-9.431431431431430923e+00 8.602028417713817807e-03 8.602028417713817807e-03
-9.459459459459459651e+00 8.485079167843769671e-03 8.485079167843769671e-03
-9.487487487487488380e+00 8.369950991313952066e-03 8.369950991313952066e-03
-9.515515515515513556e+00 8.256613624665388312e-03 8.256613624665388312e-03
-9.543543543543542285e+00 8.145037223056138601e-03 8.145037223056138601e-03
-9.571571571571571013e+00 8.035192363106945582e-03 8.035192363106945582e-03
-9.599599599599599742e+00 7.927050044985355440e-03 7.927050044985355440e-03
-9.627627627627628470e+00 7.820581693781501059e-03 7.820581693781501059e-03
-9.655655655655657199e+00 7.715759160228986314e-03 7.715759160228986314e-03
-9.683683683683682375e+00 7.612554720826225640e-03 7.612554720826225640e-03
-9.711711711711711104e+00 7.510941077394807722e-03 7.510941077394807722e-03
-9.739739739739739832e+00 7.410891356121850071e-03 7.410891356121850071e-03
-9.767767767767768561e+00 7.312379106128044648e-03 7.312379106128044648e-03
-9.795795795795797289e+00 7.215378297600341662e-03 7.215378297600341662e-03
-9.823823823823822465e+00 7.119863319526015602e-03 7.119863319526015602e-03
-9.851851851851851194e+00 7.025808977062430669e-03 7.025808977062430669e-03
-9.879879879879879923e+00 6.933190488575089773e-03 6.933190488575089773e-03
-9.907907907907908651e+00 6.841983482374184265e-03 6.841983482374184265e-03
-9.935935935935937380e+00 6.752163993178248239e-03 6.752163993178248239e-03
-9.963963963963962556e+00 6.663708458331680726e-03 6.663708458331680726e-03
-9.991991991991991284e+00 6.576593713800981365e-03 6.576593713800981365e-03
-1.002002002002002001e+01 6.490796989973381115e-03 6.490796989973381115e-03
-1.004804804804804874e+01 6.406295907278623976e-03 6.406295907278623976e-03
-1.007607607607607747e+01 6.323068471654000842e-03 6.323068471654000842e-03
-1.010410410410410265e+01 6.241093069877178337e-03 6.241093069877178337e-03
-1.013213213213213137e+01 6.160348464778369823e-03 6.160348464778369823e-03
-1.016016016016016010e+01 6.080813790349432618e-03 6.080813790349432618e-03
-1.018818818818818883e+01 6.002468546765614942e-03 6.002468546765614942e-03
-1.021621621621621756e+01 5.925292595334346463e-03 5.925292595334346463e-03
-1.024424424424424274e+01 5.849266153384123645e-03 5.849266153384123645e-03
-1.027227227227227146e+01 5.774369789105598255e-03 5.774369789105598255e-03
-1.030030030030030019e+01 5.700584416356208051e-03 5.700584416356208051e-03
-1.032832832832832892e+01 5.627891289438529017e-03 5.627891289438529017e-03
-1.035635635635635765e+01 5.556271997862038438e-03 5.556271997862038438e-03
-1.038438438438438283e+01 5.485708461097018804e-03 5.485708461097018804e-03
-1.041241241241241156e+01 5.416182923328557997e-03 5.416182923328557997e-03
-1.044044044044044028e+01 5.347677948218287208e-03 5.347677948218287208e-03
-1.046846846846846901e+01 5.280176413680097262e-03 5.280176413680097262e-03
-1.049649649649649774e+01 5.213661506675186692e-03 5.213661506675186692e-03
-1.052452452452452292e+01 5.148116718035812556e-03 5.148116718035812556e-03
-1.055255255255255165e+01 5.083525837320021674e-03 5.083525837320021674e-03
-1.058058058058058037e+01 5.019872947701461453e-03 5.019872947701461453e-03
-1.060860860860860910e+01 4.957142420899195157e-03 4.957142420899195157e-03
-1.063663663663663783e+01 4.895318912151431709e-03 4.895318912151431709e-03
-1.066466466466466301e+01 4.834387355236493752e-03 4.834387355236493752e-03
-1.069269269269269174e+01 4.774332957544027631e-03 4.774332957544027631e-03
-1.072072072072072046e+01 4.715141195199302852e-03 4.715141195199302852e-03
-1.074874874874874919e+01 4.656797808242796322e-03 4.656797808242796322e-03
-1.077677677677677792e+01 4.599288795867297400e-03 4.599288795867297400e-03
-1.080480480480480310e+01 4.542600411714368264e-03 4.542600411714368264e-03
-1.083283283283283183e+01 4.486719159231636680e-03 4.486719159231636680e-03
-1.086086086086086056e+01 4.431631787092511938e-03 4.431631787092511938e-03
-1.088888888888888928e+01 4.377325284679168746e-03 4.377325284679168746e-03
-1.091691691691691801e+01 4.323786877629152113e-03 4.323786877629152113e-03
-1.094494494494494319e+01 4.271004023448358826e-03 4.271004023448358826e-03
-1.097297297297297192e+01 4.218964407190371226e-03 4.218964407190371226e-03
-1.100100100100100065e+01 4.167655937201311493e-03 4.167655937201311493e-03
-1.102902902902902937e+01 4.117066740931239928e-03 4.117066740931239928e-03
-1.105705705705705810e+01 4.067185160812406865e-03 4.067185160812406865e-03
-1.108508508508508328e+01 4.017999750204410275e-03 4.017999750204410275e-03
-1.111311311311311201e+01 3.969499269406231295e-03 3.969499269406231295e-03
-1.114114114114114074e+01 3.921672681735091301e-03 3.921672681735091301e-03
-1.116916916916916946e+01 3.874509149671848639e-03 3.874509149671848639e-03
-1.119719719719719819e+01 3.827998031072686949e-03 3.827998031072686949e-03
-1.122522522522522337e+01 3.782128875446743796e-03 3.782128875446743796e-03
-1.125325325325325210e+01 3.736891420299207327e-03 3.736891420299207327e-03
-1.128128128128128083e+01 3.692275587539487185e-03 3.692275587539487185e-03
-1.130930930930930955e+01 3.648271479953806972e-03 3.648271479953806972e-03
-1.133733733733733828e+01 3.604869377741206932e-03 3.604869377741206932e-03
-1.136536536536536346e+01 3.562059735113140297e-03 3.562059735113140297e-03
-1.139339339339339219e+01 3.519833176956519739e-03 3.519833176956519739e-03
-1.142142142142142092e+01 3.478180495558012147e-03 3.478180495558012147e-03
-1.144944944944944965e+01 3.437092647389388290e-03 3.437092647389388290e-03
-1.147747747747747837e+01 3.396560749953249098e-03 3.396560749953249098e-03
-1.150550550550550355e+01 3.356576078688372228e-03 3.356576078688372228e-03
-1.153353353353353228e+01 3.317130063933825847e-03 3.317130063933825847e-03
-1.156156156156156101e+01 3.278214287951101980e-03 3.278214287951101980e-03
-1.158958958958958974e+01 3.239820482003331371e-03 3.239820482003331371e-03
-1.161761761761761846e+01 3.201940523490824381e-03 3.201940523490824381e-03
-1.164564564564564719e+01 3.164566433142046269e-03 3.164566433142046269e-03
-1.167367367367367237e+01 3.127690372259146062e-03 3.127690372259146062e-03
-1.170170170170170110e+01 3.091304640017185530e-03 3.091304640017185530e-03
-1.172972972972972983e+01 3.055401670816245991e-03 3.055401670816245991e-03
-1.175775775775775855e+01 3.019974031685209066e-03 3.019974031685209066e-03
-1.178578578578578728e+01 2.985014419736538305e-03 2.985014419736538305e-03
-1.181381381381381246e+01 2.950515659672157519e-03 2.950515659672157519e-03
-1.184184184184184119e+01 2.916470701338177637e-03 2.916470701338177637e-03
-1.186986986986986992e+01 2.882872617328051824e-03 2.882872617328051824e-03
-1.189789789789789864e+01 2.849714600633308434e-03 2.849714600633308434e-03
-1.192592592592592737e+01 2.816989962341029125e-03 2.816989962341029125e-03
-1.195395395395395255e+01 2.784692129377240762e-03 2.784692129377240762e-03
-1.198198198198198128e+01 2.752814642295342909e-03 2.752814642295342909e-03
-1.201001001001001001e+01 2.721351153108794198e-03 2.721351153108794198e-03
-1.203803803803803874e+01 2.690295423167138149e-03 2.690295423167138149e-03
-1.206606606606606746e+01 2.659641321074624268e-03 2.659641321074624268e-03
-1.209409409409409264e+01 2.629382820650586535e-03 2.629382820650586535e-03
-1.212212212212212137e+01 2.599513998930760936e-03 2.599513998930760936e-03
-1.215015015015015010e+01 2.570029034208796102e-03 2.570029034208796102e-03
-1.217817817817817883e+01 2.540922204117035919e-03 2.540922204117035919e-03
-1.220620620620620755e+01 2.512187883745696775e-03 2.512187883745696775e-03
-1.223423423423423273e+01 2.483820543800544824e-03 2.483820543800544824e-03
-1.226226226226226146e+01 2.455814748797467782e-03 2.455814748797467782e-03
-1.229029029029029019e+01 2.428165155293322396e-03 2.428165155293322396e-03
-1.231831831831831892e+01 2.400866510152378005e-03 2.400866510152378005e-03
-1.234634634634634764e+01 2.373913648847716940e-03 2.373913648847716940e-03
-1.237437437437437282e+01 2.347301493796851921e-03 2.347301493796851921e-03
-1.240240240240240155e+01 2.321025052730869582e-03 2.321025052730869582e-03
-1.243043043043043028e+01 2.295079417096460451e-03 2.295079417096460451e-03
-1.245845845845845901e+01 2.269459760490099426e-03 2.269459760490099426e-03
-1.248648648648648773e+01 2.244161337123777404e-03 2.244161337123777404e-03
-1.251451451451451291e+01 2.219179480321619661e-03 2.219179480321619661e-03
-1.254254254254254164e+01 2.194509601046740026e-03 2.194509601046740026e-03
-1.257057057057057037e+01 2.170147186457759263e-03 2.170147186457759263e-03
-1.259859859859859910e+01 2.146087798494280760e-03 2.146087798494280760e-03
-1.262662662662662783e+01 2.122327072490607508e-03 2.122327072490607508e-03
-1.265465465465465300e+01 2.098860715817660056e-03 2.098860715817660056e-03
-1.268268268268268173e+01 2.075684506552152170e-03 2.075684506552152170e-03
-1.271071071071071046e+01 2.052794292172341589e-03 2.052794292172341589e-03
-1.273873873873873919e+01 2.030185988279885334e-03 2.030185988279885334e-03
-1.276676676676676792e+01 2.007855577347286962e-03 2.007855577347286962e-03
-1.279479479479479309e+01 1.985799107490424011e-03 1.985799107490424011e-03
-1.282282282282282182e+01 1.964012691265592733e-03 1.964012691265592733e-03
-1.285085085085085055e+01 1.942492504490606064e-03 1.942492504490606064e-03
-1.287887887887887928e+01 1.921234785089387127e-03 1.921234785089387127e-03
-1.290690690690690801e+01 1.900235831959615250e-03 1.900235831959615250e-03
-1.293493493493493318e+01 1.879492003862915815e-03 1.879492003862915815e-03
-1.296296296296296191e+01 1.858999718337116637e-03 1.858999718337116637e-03
-1.299099099099099064e+01 1.838755450630152411e-03 1.838755450630152411e-03
-1.301901901901901937e+01 1.818755732655095471e-03 1.818755732655095471e-03
-1.304704704704704810e+01 1.798997151965779683e-03 1.798997151965779683e-03
-1.307507507507507327e+01 1.779476350752877585e-03 1.779476350752877585e-03
-1.310310310310310200e+01 1.760190024859958511e-03 1.760190024859958511e-03
-1.313113113113113073e+01 1.741134922818868063e-03 1.741134922818868063e-03
-1.315915915915915946e+01 1.722307844904113214e-03 1.722307844904113214e-03
-1.318718718718718819e+01 1.703705642205893519e-03 1.703705642205893519e-03
-1.321521521521521336e+01 1.685325215721383569e-03 1.685325215721383569e-03
-1.324324324324324209e+01 1.667163515463863151e-03 1.667163515463863151e-03
-1.327127127127127082e+01 1.649217539589366375e-03 1.649217539589366375e-03
-1.329929929929929955e+01 1.631484333540424549e-03 1.631484333540424549e-03
-1.332732732732732828e+01 1.613960989206592945e-03 1.613960989206592945e-03
-1.335535535535535345e+01 1.596644644101385870e-03 1.596644644101385870e-03
-1.338338338338338218e+01 1.579532480555272470e-03 1.579532480555272470e-03
-1.341141141141141091e+01 1.562621724924437251e-03 1.562621724924437251e-03
-1.343943943943943964e+01 1.545909646814903980e-03 1.545909646814903980e-03
-1.346746746746746837e+01 1.529393558321706127e-03 1.529393558321706127e-03
-1.349549549549549354e+01 1.513070813282834130e-03 1.513070813282834130e-03
-1.352352352352352227e+01 1.496938806547820676e-03 1.496938806547820676e-03
-1.355155155155155100e+01 1.480994973260382893e-03 1.480994973260382893e-03
-1.357957957957957973e+01 1.465236788154901772e-03 1.465236788154901772e-03
-1.360760760760760846e+01 1.449661764866481441e-03 1.449661764866481441e-03
-1.363563563563563363e+01 1.434267455254304878e-03 1.434267455254304878e-03
-1.366366366366366236e+01 1.419051448738000700e-03 1.419051448738000700e-03
-1.369169169169169109e+01 1.404011371646769497e-03 1.404011371646769497e-03
-1.371971971971971982e+01 1.389144886580978046e-03 1.389144886580978046e-03
-1.374774774774774855e+01 1.374449691785986812e-03 1.374449691785986812e-03
-1.377577577577577728e+01 1.359923520537949194e-03 1.359923520537949194e-03
-1.380380380380380245e+01 1.345564140541330792e-03 1.345564140541330792e-03
-1.383183183183183118e+01 1.331369353337904507e-03 1.331369353337904507e-03
-1.385985985985985991e+01 1.317336993727004227e-03 1.317336993727004227e-03
-1.388788788788788864e+01 1.303464929196747812e-03 1.303464929196747812e-03
-1.391591591591591737e+01 1.289751059366017532e-03 1.289751059366017532e-03
-1.394394394394394254e+01 1.276193315437150260e-03 1.276193315437150260e-03
-1.397197197197197127e+01 1.262789659658924328e-03 1.262789659658924328e-03
-1.400000000000000000e+01 1.249538084799639440e-03 1.249538084799639440e-03
