1.400000000000000000e+01 8.398392711237014996e-04 8.314389025055980232e-04
1.397197197197197127e+01 8.440850850800459340e-04 8.398090420950060381e-04
1.394394394394394432e+01 8.483617036927614550e-04 8.482698687705003291e-04
1.391591591591591559e+01 8.569155234444825056e-04 8.568225269490796709e-04
1.388788788788788864e+01 8.655623536106049403e-04 8.654681781436227798e-04
1.385985985985985991e+01 8.743033734087358923e-04 8.742080012642030598e-04
1.383183183183183118e+01 8.831397797675272568e-04 8.830431929256190790e-04
1.380380380380380423e+01 8.920727876407024901e-04 8.919749677611544386e-04
1.377577577577577550e+01 9.011036303275845021e-04 9.010045587430369268e-04
1.374774774774774855e+01 9.102335598002901998e-04 9.101332175094991629e-04
1.371971971971971982e+01 9.194638470377726339e-04 9.193622146986131201e-04
1.369169169169169109e+01 9.287957823668347834e-04 9.286928402891472421e-04
1.366366366366366414e+01 9.382306758102945199e-04 9.381264039485668260e-04
1.363563563563563541e+01 9.477698574424884290e-04 9.476642353883474573e-04
1.360760760760760846e+01 9.574146777522826463e-04 9.573076847267978457e-04
1.357957957957957973e+01 9.671665080137756753e-04 9.670581228595830992e-04
1.355155155155155100e+01 9.770267406648846555e-04 9.769169418381178950e-04
1.352352352352352405e+01 9.869967896940130565e-04 9.868855552560324047e-04
1.349549549549549532e+01 9.970780910349894260e-04 9.969653986438922495e-04
1.346746746746746837e+01 1.007272102970483297e-03 1.007157929872439309e-03
1.343943943943943964e+01 1.017580306544099266e-03 1.017464629564465489e-03
1.341141141141141091e+01 1.028004205981385057e-03 1.027887001515586382e-03
1.338338338338338396e+01 1.038545329119978759e-03 1.038426573124112250e-03
1.335535535535535523e+01 1.049205227849120750e-03 1.049084895830321856e-03
1.332732732732732828e+01 1.059985478558765366e-03 1.059863545565407818e-03
1.329929929929929955e+01 1.070887682598550134e-03 1.070764123210175443e-03
1.327127127127127082e+01 1.081913466746848738e-03 1.081788255063809677e-03
1.324324324324324387e+01 1.093064483690158167e-03 1.092937593323035222e-03
1.321521521521521514e+01 1.104342412513098677e-03 1.104213816571816180e-03
1.318718718718718641e+01 1.115748959199301758e-03 1.115618630281954961e-03
1.315915915915915946e+01 1.127285857143454093e-03 1.127153767324877345e-03
1.313113113113113073e+01 1.138954867674803065e-03 1.138820988494824212e-03
1.310310310310310378e+01 1.150757780592409586e-03 1.150622083043797766e-03
1.307507507507507505e+01 1.162696414712455955e-03 1.162558869228561042e-03
1.304704704704704632e+01 1.174772618427924464e-03 1.174633194869987348e-03
1.301901901901901937e+01 1.186988270280953583e-03 1.186846937925108104e-03
1.299099099099099064e+01 1.199345279548213235e-03 1.199202007072168496e-03
1.296296296296296369e+01 1.211845586839689713e-03 1.211700342308942710e-03
1.293493493493493496e+01 1.224491164711184439e-03 1.224343915564859737e-03
1.290690690690690623e+01 1.237284018290923850e-03 1.237134731327369083e-03
1.287887887887887928e+01 1.250226185920655072e-03 1.250074827282582606e-03
1.285085085085085055e+01 1.263319739811609704e-03 1.263166274970865116e-03
1.282282282282282360e+01 1.276566786715702378e-03 1.276411180457597732e-03
1.279479479479479487e+01 1.289969468612406226e-03 1.289811685019634198e-03
1.276676676676676614e+01 1.303529963411728968e-03 1.303369965847832237e-03
1.273873873873873919e+01 1.317250485673722221e-03 1.317088236766101629e-03
1.271071071071071046e+01 1.331133287344981545e-03 1.330968748967479697e-03
1.268268268268268173e+01 1.345180658512606063e-03 1.345013791767563993e-03
1.265465465465465478e+01 1.359394928176096626e-03 1.359225693375930169e-03
1.262662662662662605e+01 1.373778465037681518e-03 1.373606821685954393e-03
1.259859859859859910e+01 1.388333678311571683e-03 1.388159585083555310e-03
1.257057057057057037e+01 1.403063018552673253e-03 1.402886433275403293e-03
1.254254254254254164e+01 1.417968978505343078e-03 1.417789858137015685e-03
1.251451451451451469e+01 1.433054093972742577e-03 1.432872394581438018e-03
1.248648648648648596e+01 1.448320944707351962e-03 1.448136621449302650e-03
1.245845845845845901e+01 1.463772155323269557e-03 1.463585162420553022e-03
1.243043043043043028e+01 1.479410396230914845e-03 1.479220686948450872e-03
1.240240240240240155e+01 1.495238384594731141e-03 1.495045911216603225e-03
1.237437437437437460e+01 1.511258885314550101e-03 1.511063599119663809e-03
1.234634634634634587e+01 1.527474712031337773e-03 1.527276563268384129e-03
1.231831831831831892e+01 1.543888728158009137e-03 1.543687666019647386e-03
1.229029029029029019e+01 1.560503847936030178e-03 1.560299820532390098e-03
1.226226226226226146e+01 1.577323037518581174e-03 1.577115991849960047e-03
1.223423423423423451e+01 1.594349316081053155e-03 1.594139198009768797e-03
1.220620620620620578e+01 1.611585756959666620e-03 1.611372511181139540e-03
1.217817817817817883e+01 1.629035488819029990e-03 1.628819058832007291e-03
1.215015015015015010e+01 1.646701696849492370e-03 1.646482024925457208e-03
1.212212212212212137e+01 1.664587623995235615e-03 1.664364651146775812e-03
1.209409409409409442e+01 1.682696572214002328e-03 1.682470238162083083e-03
1.206606606606606569e+01 1.701031903769414325e-03 1.700802146909854463e-03
1.203803803803803874e+01 1.719597042556864725e-03 1.719363799925841723e-03
1.201001001001001001e+01 1.738395475464026658e-03 1.738158682702516545e-03
1.198198198198198128e+01 1.757430753766948527e-03 1.757190345084027813e-03
1.195395395395395433e+01 1.776706494562856021e-03 1.776462402697892963e-03
1.192592592592592560e+01 1.796226382240788660e-03 1.795978538424463158e-03
1.189789789789789864e+01 1.815994169991245718e-03 1.815742503905379409e-03
1.186986986986986992e+01 1.836013681356047592e-03 1.835758121092180171e-03
1.184184184184184119e+01 1.856288811819658798e-03 1.856029283836312885e-03
1.181381381381381424e+01 1.876823530443272759e-03 1.876559959521900819e-03
1.178578578578578551e+01 1.897621881542979182e-03 1.897354190742521138e-03
1.175775775775775855e+01 1.918687986413420863e-03 1.918416097023448565e-03
1.172972972972972983e+01 1.940026045098285860e-03 1.939749876590713589e-03
1.170170170170170110e+01 1.961640338209257213e-03 1.961359808188521073e-03
1.167367367367367414e+01 1.983535228794957184e-03 1.983250252946223632e-03
1.164564564564564542e+01 2.005715164261436846e-03 2.005425656297378772e-03
1.161761761761761846e+01 2.028184678345912144e-03 2.027890549951946904e-03
1.158958958958958974e+01 2.050948393145476598e-03 2.050649553923116451e-03
1.156156156156156101e+01 2.074011021202517343e-03 2.073707378610896261e-03
1.153353353353353405e+01 2.097377367648649467e-03 2.097068826944044166e-03
1.150550550550550533e+01 2.121052332409127140e-03 2.120738796582585534e-03
1.147747747747747837e+01 2.145040912469737323e-03 2.144722282182604054e-03
1.144944944944944965e+01 2.169348204208232118e-03 2.169024377725504819e-03
1.142142142142142092e+01 2.193979405792418312e-03 2.193650278913949342e-03
1.139339339339339396e+01 2.218939819647160975e-03 2.218605285636517706e-03
1.136536536536536524e+01 2.244234854992586611e-03 2.243894804503515205e-03
1.133733733733733828e+01 2.269870030455872854e-03 2.269524351456317368e-03
1.130930930930930955e+01 2.295850976759019040e-03 2.295499554452632134e-03
1.128128128128128083e+01 2.322183439485304719e-03 2.321826156230379686e-03
1.125325325325325387e+01 2.348873281927153951e-03 2.348510017152250374e-03
1.122522522522522515e+01 2.375926488018130674e-03 2.375557118134943163e-03
1.119719719719719819e+01 2.403349165351940410e-03 2.402973563665564832e-03
1.116916916916916946e+01 2.431147548291561714e-03 2.430765584907516180e-03
1.114114114114114074e+01 2.459328001171500605e-03 2.458939542899426199e-03
1.111311311311311378e+01 2.487897021596339065e-03 2.487501931850356895e-03
1.108508508508508505e+01 2.516861243839044887e-03 2.516459382534638484e-03
1.105705705705705810e+01 2.546227442342543536e-03 2.545818665789757566e-03
1.102902902902902937e+01 2.576002535328176298e-03 2.575586696121045290e-03
1.100100100100100065e+01 2.606193588514842032e-03 2.605770535416920743e-03
1.097297297297297192e+01 2.636807818952763803e-03 2.636377396778520274e-03
1.094494494494494496e+01 2.667852598975973925e-03 2.667414648467964552e-03
1.091691691691691801e+01 2.699335460277755335e-03 2.698889817979365554e-03
1.088888888888888928e+01 2.731264098113388682e-03 2.730810596237099805e-03
1.086086086086086056e+01 2.763646375634872844e-03 2.763184841925825624e-03
1.083283283283283183e+01 2.796490328362570641e-03 2.796020585956686139e-03
1.080480480480480487e+01 2.829804168798651272e-03 2.829326036075387966e-03
1.077677677677677615e+01 2.863596291187547101e-03 2.863109581617853238e-03
1.074874874874874919e+01 2.897875276428899145e-03 2.897379798417503826e-03
1.072072072072072046e+01 2.932649897148558414e-03 2.932145453870305639e-03
1.069269269269269174e+01 2.967929122933348624e-03 2.967415512163446793e-03
1.066466466466466478e+01 3.003722125735799279e-03 3.003199139673681708e-03
1.063663663663663606e+01 3.040038285455186513e-03 3.039505710541806020e-03
1.060860860860860910e+01 3.076887195701500516e-03 3.076344812429755802e-03
1.058058058058058037e+01 3.114278669749232040e-03 3.113726252467243546e-03
1.055255255255255165e+01 3.152222746688130260e-03 3.151660063395015938e-03
1.052452452452452469e+01 3.190729697778384340e-03 3.190156509912339764e-03
1.049649649649649596e+01 3.229810033018026307e-03 3.229226095236297986e-03
1.046846846846846901e+01 3.269474507930513699e-03 3.268879567881026200e-03
1.044044044044044028e+01 3.309734130580901934e-03 3.309127928665449477e-03
1.041241241241241156e+01 3.350600168829707178e-03 3.349982437957453769e-03
1.038438438438438460e+01 3.392084157833450374e-03 3.391454623164283973e-03
1.035635635635635587e+01 3.434197907801355733e-03 3.433556286480323773e-03
1.032832832832832892e+01 3.476953512018252090e-03 3.476299512899742178e-03
1.030030030030030019e+01 3.520363355144027345e-03 3.519696678504973236e-03
1.027227227227227146e+01 3.564440121800045626e-03 3.563760459041936859e-03
1.024424424424424451e+01 3.609196805453900904e-03 3.608503838793161982e-03
1.021621621621621578e+01 3.654646717614203847e-03 3.653940119760414312e-03
1.018818818818818883e+01 3.700803497347501629e-03 3.700082931169018131e-03
1.016016016016016010e+01 3.747681121129988521e-03 3.746946239306489252e-03
1.013213213213213137e+01 3.795293913047155607e-03 3.794544357708426203e-03
1.010410410410410442e+01 3.843656555355050991e-03 3.842891957705593404e-03
1.007607607607607569e+01 3.892784099417358722e-03 3.892004079346251047e-03
1.004804804804804874e+01 3.942691977033051590e-03 3.941896142708497218e-03
1.002002002002002001e+01 3.993396012169784029e-03 3.992583959618027471e-03
9.991991991991991284e+00 4.044912433119535362e-03 4.044083745786889242e-03
9.963963963963964332e+00 4.097257885092979793e-03 4.096412133389251697e-03
9.935935935935935603e+00 4.150449443269766878e-03 4.149586184095007714e-03
9.907907907907908651e+00 4.204504626322698099e-03 4.203623402575723707e-03
9.879879879879879923e+00 4.259441410434603933e-03 4.258541750501965498e-03
9.851851851851851194e+00 4.315278243826702401e-03 4.314359661051541013e-03
9.823823823823824242e+00 4.372034061818549748e-03 4.371096053948783471e-03
9.795795795795795513e+00 4.429728302440391272e-03 4.428770351055500917e-03
9.767767767767768561e+00 4.488380922619340449e-03 4.487402492534958709e-03
9.739739739739739832e+00 4.548012414961511048e-03 4.547012953611175717e-03
9.711711711711711104e+00 4.608643825153021373e-03 4.607622761946284298e-03
9.683683683683684151e+00 4.670296770003459427e-03 4.669253515659632127e-03
9.655655655655655423e+00 4.732993456156161897e-03 4.731927402013055145e-03
9.627627627627628470e+00 4.796756699490268769e-03 4.795667216787152451e-03
9.599599599599599742e+00 4.861609945239978546e-03 4.860496384374687201e-03
9.571571571571571013e+00 4.927577288858013722e-03 4.926438978616816920e-03
9.543543543543542285e+00 4.994683497650373796e-03 4.993519744408180146e-03
9.515515515515515332e+00 5.062954033209774059e-03 5.061764120103231894e-03
9.487487487487488380e+00 5.132415074676038337e-03 5.131198260748955423e-03
9.459459459459459651e+00 5.203093542852450272e-03 5.201849062171685044e-03
9.431431431431430923e+00 5.275017125206423255e-03 5.273744185948140914e-03
9.403403403403402194e+00 5.348214301783801514e-03 5.346912085290239820e-03
9.375375375375375242e+00 5.422714372066506430e-03 5.421382031873090736e-03
9.347347347347348290e+00 5.498547482802924706e-03 5.497184143635852789e-03
9.319319319319319561e+00 5.575744656840370822e-03 5.574349413585204423e-03
9.291291291291290833e+00 5.654337822988571988e-03 5.652909739630239232e-03
9.263263263263262104e+00 5.734359846942524430e-03 5.732897955477469533e-03
9.235235235235235152e+00 5.815844563292158279e-03 5.814347862614094829e-03
9.207207207207208199e+00 5.898826808645051337e-03 5.897294263405612399e-03
9.179179179179179471e+00 5.983342455886424098e-03 5.981772995333378001e-03
9.151151151151150742e+00 6.069428449599729818e-03 6.067820966394703655e-03
9.123123123123122014e+00 6.157122842668442085e-03 6.155476191684331605e-03
9.095095095095095061e+00 6.246464834075855441e-03 6.244777831180626897e-03
9.067067067067068109e+00 6.337494807916563451e-03 6.335766228749171135e-03
9.039039039039039380e+00 6.430254373629216806e-03 6.428482952370442177e-03
9.011011011011010652e+00 6.524786407453890373e-03 6.522970835598244574e-03
8.982982982982981923e+00 6.621135095111580285e-03 6.619274020247601850e-03
8.954954954954954971e+00 6.719345975696716829e-03 6.717438000303997334e-03
8.926926926926928019e+00 6.819465986764784715e-03 6.817509667037618092e-03
8.898898898898899290e+00 6.921543510587453880e-03 6.919537355296120559e-03
8.870870870870870561e+00 7.025628421536112347e-03 7.023570890938584006e-03
8.842842842842841833e+00 7.131772134541762911e-03 7.129661639360946809e-03
8.814814814814814881e+00 7.240027654564142046e-03 7.237862555047285332e-03
8.786786786786787928e+00 7.350449626985814180e-03 7.348228232065880453e-03
8.758758758758759200e+00 7.463094388826706053e-03 7.460814955408008424e-03
8.730730730730730471e+00 7.578020020653215665e-03 7.575680753046950752e-03
8.702702702702701743e+00 7.695286399031381688e-03 7.692885448565412246e-03
8.674674674674674790e+00 7.814955249343332605e-03 7.812490714179824713e-03
8.646646646646647838e+00 7.937090198754314166e-03 7.934560123956714908e-03
8.618618618618619109e+00 8.061756829082129122e-03 8.059159206967760405e-03
8.590590590590590381e+00 8.189022729278785592e-03 8.186355500101858557e-03
8.562562562562561652e+00 8.318957547187746590e-03 8.316218600204492231e-03
8.534534534534534700e+00 8.451633040190944385e-03 8.448820215163105329e-03
8.506506506506507748e+00 8.587123124302225088e-03 8.584234213501523367e-03
8.478478478478479019e+00 8.725503921200864627e-03 8.722536671983745910e-03
8.450450450450450290e+00 8.866853802629333717e-03 8.863805920658256871e-03
8.422422422422421562e+00 9.011253431502847661e-03 9.008122584697689922e-03
8.394394394394394610e+00 9.158785798994466959e-03 9.155569622305445576e-03
8.366366366366367657e+00 9.309536256767858911e-03 9.306232357869100025e-03
8.338338338338338929e+00 9.463592543430179166e-03 9.460198509441844136e-03
8.310310310310310200e+00 9.621044804170489351e-03 9.617558209525209692e-03
8.282282282282281471e+00 9.781985602436812227e-03 9.778404018009296400e-03
8.254254254254254519e+00 9.946509922379912980e-03 9.942830926006994766e-03
8.226226226226227567e+00 1.011471516066397500e-02 1.011093634920071614e-02
8.198198198198198838e+00 1.028670110611080643e-02 1.028282010915735137e-02
8.170170170170170110e+00 1.046256990550567707e-02 1.045858440094552845e-02
8.142142142142141381e+00 1.064242601375037234e-02 1.063833374524343449e-02
8.114114114114114429e+00 1.082637612641212596e-02 1.082217492298134971e-02
8.086086086086085700e+00 1.101452909258098661e-02 1.101021689042420461e-02
8.058058058058058748e+00 1.120699580582089350e-02 1.120257067246611428e-02
8.030030030030030019e+00 1.140388907088653314e-02 1.139934923178983171e-02
8.002002002002001291e+00 1.160532344378468160e-02 1.160066731144297238e-02
7.973973973973974338e+00 1.181141504269337186e-02 1.180664124830954620e-02
7.945945945945945610e+00 1.202228132722340213e-02 1.201738875491494690e-02
7.917917917917917769e+00 1.223804084352393164e-02 1.223302866700956039e-02
7.889889889889889929e+00 1.245881293280882637e-02 1.245368065443999174e-02
7.861861861861862089e+00 1.268471740103075708e-02 1.267946489294561122e-02
7.833833833833834248e+00 1.291587414765631506e-02 1.291050169473401989e-02
7.805805805805805520e+00 1.315240275182264808e-02 1.314691109602460217e-02
7.777777777777777679e+00 1.339442201459601842e-02 1.338881240013733986e-02
7.749749749749749839e+00 1.364204945661584047e-02 1.363632367527166205e-02
7.721721721721721998e+00 1.389540077110200909e-02 1.388956120681246811e-02
7.693693693693694158e+00 1.415458923304855655e-02 1.414863890483312840e-02
7.665665665665665429e+00 1.441972506641620022e-02 1.441366766845544878e-02
7.637637637637637589e+00 1.469091477227083518e-02 1.468475470987006676e-02
7.609609609609609748e+00 1.496826042208685911e-02 1.496200284210988558e-02
7.581581581581581908e+00 1.525185892182356895e-02 1.524550973608564813e-02
7.553553553553553179e+00 1.554180125386042145e-02 1.553536715391324805e-02
7.525525525525525339e+00 1.583817170540133268e-02 1.583166016713898755e-02
7.497497497497497498e+00 1.614104709347487926e-02 1.613446637005435183e-02
7.469469469469469658e+00 1.645049599809938340e-02 1.644385509981441049e-02
7.441441441441441818e+00 1.676657801647836107e-02 1.675988667645338451e-02
7.413413413413413089e+00 1.708934305214534002e-02 1.708261167703577915e-02
7.385385385385385248e+00 1.741883065370610634e-02 1.741207025903388633e-02
7.357357357357357408e+00 1.775506941814665798e-02 1.774829154838922923e-02
7.329329329329329568e+00 1.809807647350728660e-02 1.809129310761823858e-02
7.301301301301301727e+00 1.844785705500308001e-02 1.844108049865615315e-02
7.273273273273272999e+00 1.880440418738221070e-02 1.879764695383892223e-02
7.245245245245245158e+00 1.916769848445150012e-02 1.916097316651287075e-02
7.217217217217217318e+00 1.953770807431142939e-02 1.953102721028485839e-02
7.189189189189189477e+00 1.991438865602312286e-02 1.990776459296469611e-02
7.161161161161161637e+00 2.029768369031478836e-02 2.029112844795580295e-02
7.133133133133132908e+00 2.068752472369426998e-02 2.068104986239736529e-02
7.105105105105105068e+00 2.108383184216201800e-02 2.107744833797122255e-02
7.077077077077077227e+00 2.148651424781716779e-02 2.148023237718225606e-02
7.049049049049049387e+00 2.189547094919715511e-02 2.188930018530343621e-02
7.021021021021020658e+00 2.231059155434086949e-02 2.230454047623155883e-02
6.992992992992992818e+00 2.273175715438741085e-02 2.272583336929729844e-02
6.964964964964964977e+00 2.315884128502669961e-02 2.315305136368979097e-02
6.936936936936937137e+00 2.359171095322936187e-02 2.358606037741496284e-02
6.908908908908909297e+00 2.403022771724242987e-02 2.402472083849989393e-02
6.880880880880880568e+00 2.447424880861825622e-02 2.446888881724484932e-02
6.852852852852852727e+00 2.492362828580308581e-02 2.491841718936265576e-02
6.824824824824824887e+00 2.537821820929850314e-02 2.537315682056891578e-02
6.796796796796797047e+00 2.583786982841092608e-02 2.583295776333910387e-02
6.768768768768769206e+00 2.630243476900442912e-02 2.629767045597699096e-02
6.740740740740740478e+00 2.677176621045472896e-02 2.676714691280698138e-02
6.712712712712712637e+00 2.724572003827736497e-02 2.724124189233015358e-02
6.684684684684684797e+00 2.772415595689892154e-02 2.771981402782042539e-02
6.656656656656656956e+00 2.820693854508084589e-02 2.820272690245226657e-02
6.628628628628629116e+00 2.869393823496611470e-02 2.868985004908477382e-02
6.600600600600600387e+00 2.918503219498119750e-02 2.918105985371660313e-02
6.572572572572572547e+00 2.968010509721300677e-02 2.967624034175650460e-02
6.544544544544544706e+00 3.017904975160674158e-02 3.017528382789583588e-02
6.516516516516516866e+00 3.068176759247741997e-02 3.067809141361131642e-02
6.488488488488488137e+00 3.118816900730017605e-02 3.118457332105345828e-02
6.460460460460460297e+00 3.169817350328966304e-02 3.169464905807000549e-02
6.432432432432432456e+00 3.221170971350921508e-02 3.220824741587026419e-02
6.404404404404404616e+00 3.272871525068967585e-02 3.272530630784326738e-02
6.376376376376376776e+00 3.324913642306266681e-02 3.324577246470906966e-02
6.348348348348348047e+00 3.377292783183773878e-02 3.376960100695577255e-02
6.320320320320320207e+00 3.430005187406827416e-02 3.429675491993498110e-02
6.292292292292292366e+00 3.483047817727259049e-02 3.482720445974559625e-02
6.264264264264264526e+00 3.536418299317340558e-02 3.536092651899595124e-02
6.236236236236236685e+00 3.590114857731643849e-02 3.589790398073063049e-02
6.208208208208207957e+00 3.644136257929592171e-02 3.643812508645986881e-02
6.180180180180180116e+00 3.698481746513200552e-02 3.698158284065013873e-02
6.152152152152152276e+00 3.753150998936134741e-02 3.752827446964303315e-02
6.124124124124124435e+00 3.808144073000745838e-02 3.807820094817636336e-02
6.096096096096096595e+00 3.863461369514309407e-02 3.863136660187730526e-02
6.068068068068067866e+00 3.919103600555880196e-02 3.918777878969043754e-02
6.040040040040040026e+00 3.975071765434408377e-02 3.974744766632835880e-02
6.012012012012012185e+00 4.031367134112599088e-02 4.031038602172153096e-02
5.983983983983984345e+00 4.087991237634563957e-02 4.087660919210280019e-02
5.955955955955955616e+00 4.144945864929039381e-02 4.144613503578681302e-02
5.927927927927928664e+00 4.202233065256266720e-02 4.201898396578868100e-02
5.899899899899899935e+00 4.259855155515727271e-02 4.259517903105215081e-02
5.871871871871871207e+00 4.317814731621112678e-02 4.317474603808290484e-02
5.843843843843844255e+00 4.376114683165944347e-02 4.375771370507579999e-02
5.815815815815815526e+00 4.434758210636539910e-02 4.434411384105609033e-02
5.787787787787788574e+00 4.493748844468845732e-02 4.493398154303027137e-02
5.759759759759759845e+00 4.553090465284306138e-02 4.552735540458192204e-02
5.731731731731731116e+00 4.612787324669807842e-02 4.612427772969820289e-02
5.703703703703704164e+00 4.672844065888281245e-02 4.672479474584881332e-02
5.675675675675675436e+00 4.733265743915327645e-02 4.732895681033116864e-02
5.647647647647648483e+00 4.794057844194254264e-02 4.793681860395396233e-02
5.619619619619619755e+00 4.855226299490387337e-02 4.854843930593422813e-02
5.591591591591591026e+00 4.916777504211976985e-02 4.916388274364454081e-02
5.563563563563564074e+00 4.978718325552321244e-02 4.978321751065545309e-02
5.535535535535535345e+00 5.041056110806912960e-02 5.040651704641067182e-02
5.507507507507508393e+00 5.103798690239149533e-02 5.103385967097117532e-02
5.479479479479479664e+00 5.166954374916647719e-02 5.166532856866379309e-02
5.451451451451450936e+00 5.230531949025513105e-02 5.230101171525634862e-02
5.423423423423423984e+00 5.294540656297293257e-02 5.294100174453036933e-02
5.395395395395395255e+00 5.358990180354718247e-02 5.358539575185396198e-02
5.367367367367368303e+00 5.423890618995744900e-02 5.423429503456016904e-02
5.339339339339339574e+00 5.489252452684654365e-02 5.488780477153507725e-02
5.311311311311310845e+00 5.555086507788258021e-02 5.554603364730766046e-02
5.283283283283283893e+00 5.621403915376640276e-02 5.620909342897582872e-02
5.255255255255255165e+00 5.688216066680479299e-02 5.687709850703421416e-02
5.227227227227226436e+00 5.755534566539629443e-02 5.755016541397921237e-02
5.199199199199199484e+00 5.823371186373602765e-02 5.822841233672705619e-02
5.171171171171170755e+00 5.891737818342587113e-02 5.891195864026518847e-02
5.143143143143143803e+00 5.960646432427962882e-02 5.960092442067446011e-02
5.115115115115115074e+00 6.030109038140686606e-02 6.029543010548341075e-02
5.087087087087086346e+00 6.100137652465359439e-02 6.099559611824803551e-02
5.059059059059059393e+00 6.170744275469495360e-02 6.170154262236322157e-02
5.031031031031030665e+00 6.241940874761638114e-02 6.241338935649886482e-02
5.003003003003003712e+00 6.313739379683050434e-02 6.313125557088122841e-02
4.974974974974974984e+00 6.386151685782402720e-02 6.385526007009048599e-02
4.946946946946946255e+00 6.459189669769679898e-02 6.458552136431874868e-02
4.918918918918919303e+00 6.532865214794567055e-02 6.532215792733082893e-02
4.890890890890890574e+00 6.607190245554828145e-02 6.606528855586267512e-02
4.862862862862863622e+00 6.682176772432998901e-02 6.681503282212562789e-02
4.834834834834834894e+00 6.757836943599737634e-02 6.757151160810348500e-02
4.806806806806806165e+00 6.834183103803338766e-02 6.833484770822735588e-02
4.778778778778779213e+00 6.911227858396885859e-02 6.910516648566775166e-02
4.750750750750750484e+00 6.988984141042643705e-02 6.988259656604266234e-02
4.722722722722723532e+00 7.067465283467803949e-02 7.066727055180305195e-02
4.694694694694694803e+00 7.146685085618220690e-02 7.145932574039133567e-02
4.666666666666666075e+00 7.226657884574211321e-02 7.225890482948539584e-02
4.638638638638639122e+00 7.307398620642088782e-02 7.306615659318857481e-02
4.610610610610610394e+00 7.388922899113112286e-02 7.388123651384222168e-02
4.582582582582583441e+00 7.471247046284071325e-02 7.470430735519692500e-02
4.554554554554554713e+00 7.554388158457964186e-02 7.553553966394246921e-02
4.526526526526525984e+00 7.638364142786628619e-02 7.637511218803336166e-02
4.498498498498499032e+00 7.723193748981513340e-02 7.722321220188320401e-02
4.470470470470470303e+00 7.808896591094349748e-02 7.808003573027551270e-02
4.442442442442443351e+00 7.895493158754343654e-02 7.894578766494118882e-02
4.414414414414414622e+00 7.983004817466282654e-02 7.982068176958416472e-02
4.386386386386385894e+00 8.071453797787891959e-02 8.070494057103309860e-02
4.358358358358358942e+00 8.160863173425109141e-02 8.159879513748016788e-02
4.330330330330330213e+00 8.251256828511790986e-02 8.250248474635599183e-02
4.302302302302303261e+00 8.342659414570405274e-02 8.341625644680202012e-02
4.274274274274274532e+00 8.435096297849609126e-02 8.434036452391829863e-02
4.246246246246245803e+00 8.528593497930556100e-02 8.527506987396388238e-02
4.218218218218218851e+00 8.623177618661781452e-02 8.622063930144030497e-02
4.190190190190190123e+00 8.718875772617336317e-02 8.717734475040331277e-02
4.162162162162161394e+00 8.815715500368911939e-02 8.814546248336330159e-02
4.134134134134134442e+00 8.913724685914037327e-02 8.912527222169600027e-02
4.106106106106105713e+00 9.012931469604816559e-02 9.011705626154267734e-02
4.078078078078078761e+00 9.113364159874617898e-02 9.112109857869653273e-02
4.050050050050050032e+00 9.215051144958164020e-02 9.213768393494231601e-02
4.022022022022021304e+00 9.318020805619500746e-02 9.316709699685336854e-02
3.993993993993994351e+00 9.422301429705357001e-02 9.420962147587332025e-02
3.965965965965965623e+00 9.527921129065827777e-02 9.526553929460951364e-02
3.937937937937938671e+00 9.634907759049743392e-02 9.633512978298938711e-02
3.909909909909909942e+00 9.743288840393683758e-02 9.741866890296579928e-02
3.881881881881881213e+00 9.853091482901932263e-02 9.851642849604919094e-02
3.853853853853854261e+00 9.964342309795959363e-02 9.962867554307022755e-02
3.825825825825825532e+00 1.007706738105738492e-01 1.007556714200219666e-01
3.797797797797798580e+00 1.019129211347528791e-01 1.018976711276907560e-01
3.769769769769769852e+00 1.030704119443382749e-01 1.030549224660371327e-01
3.741741741741741123e+00 1.042433848574142868e-01 1.042276651169443125e-01
3.713713713713714171e+00 1.054320691300838220e-01 1.054161295909971652e-01
3.685685685685685442e+00 1.066366833522779667e-01 1.066205359854020679e-01
3.657657657657658490e+00 1.078574338831014279e-01 1.078410924910384733e-01
3.629629629629629761e+00 1.090945129537395364e-01 1.090779935770078285e-01
3.601601601601601033e+00 1.103480963557059435e-01 1.103314177710616045e-01
3.573573573573574080e+00 1.116183406221630675e-01 1.116015249441876384e-01
3.545545545545545352e+00 1.129053795996885351e-01 1.128884529952342147e-01
3.517517517517518399e+00 1.142093202974248378e-01 1.141923138233240237e-01
3.489489489489489671e+00 1.155302378903622501e-01 1.155131884646352636e-01
3.461461461461460942e+00 1.168681697441940476e-01 1.168511212597429932e-01
3.433433433433433990e+00 1.182231083201701061e-01 1.182061129088747692e-01
3.405405405405405261e+00 1.195949928106217197e-01 1.195781122643931882e-01
3.377377377377378309e+00 1.209836993495654739e-01 1.209670067032043161e-01
3.349349349349349581e+00 1.223890296381367621e-01 1.223726109168933457e-01
3.321321321321320852e+00 1.238106978217929921e-01 1.237946539544617780e-01
3.293293293293293900e+00 1.252483154553143130e-01 1.252327643517311684e-01
3.265265265265265171e+00 1.267013743924451097e-01 1.266864531826743245e-01
3.237237237237238219e+00 1.281692274390784925e-01 1.281550948708110038e-01
3.209209209209209490e+00 1.296510666112702381e-01 1.296379056025472876e-01
3.181181181181180762e+00 1.311458988405808657e-01 1.311339191876287336e-01
3.153153153153153809e+00 1.326525189675205330e-01 1.326419602126897856e-01
3.125125125125125081e+00 1.341694798562151347e-01 1.341606143292275732e-01
3.097097097097096352e+00 1.356950594465452520e-01 1.356881955055092293e-01
3.069069069069069400e+00 1.372272245302235405e-01 1.372227100460204352e-01
3.041041041041040671e+00 1.387635909906135001e-01 1.387618171392792088e-01
3.013013013013013719e+00 1.403013801785544246e-01 1.403027856310812005e-01
2.984984984984984990e+00 1.418373710056090586e-01 1.418424466311773713e-01
2.956956956956956262e+00 1.433678472211205868e-01 1.433771414452139625e-01
2.928928928928929309e+00 1.448885392024134300e-01 1.449026641812935501e-01
2.900900900900900581e+00 1.463945594352095703e-01 1.464141982168367939e-01
2.872872872872873629e+00 1.478803307068997930e-01 1.479062455375453611e-01
2.844844844844844900e+00 1.493395059000918734e-01 1.493725477951580727e-01
2.816816816816816171e+00 1.507648781900621793e-01 1.508059978036650761e-01
2.788788788788789219e+00 1.521482804629177288e-01 1.521985401472541188e-01
2.760760760760760490e+00 1.534804729462248551e-01 1.535410596666882399e-01
2.732732732732733538e+00 1.547510184639949993e-01 1.548232569018231086e-01
2.704704704704704810e+00 1.559481454984644466e-01 1.560335102116935935e-01
2.676676676676676081e+00 1.570586004979399597e-01 1.571587253925159910e-01
2.648648648648649129e+00 1.580674927641498306e-01 1.581841753196012723e-01
2.620620620620620400e+00 1.589581379431363184e-01 1.590933346640659718e-01
2.592592592592593448e+00 1.597119097745496041e-01 1.598677182328723245e-01
2.564564564564564719e+00 1.603081144113807643e-01 1.604867361066259490e-01
2.536536536536535991e+00 1.607239072638403932e-01 1.609275845495825585e-01
2.508508508508509038e+00 1.609342787074735937e-01 1.611651985037570178e-01
2.480480480480480310e+00 1.609121415862193316e-01 1.611722989263642825e-01
2.452452452452453358e+00 1.606285593039731563e-01 1.609195754510381049e-01
2.424424424424424629e+00 1.600531570443624596e-01 1.603760505003547221e-01
2.396396396396395900e+00 1.591547584440914098e-01 1.595096731383516819e-01
2.368368368368368948e+00 1.579022836921666617e-01 1.582881872057034789e-01
2.340340340340340219e+00 1.562659303269975375e-01 1.566803059250090890e-01
2.312312312312313267e+00 1.542186332393892800e-01 1.546572016914143366e-01
2.284284284284284539e+00 1.517377650869208006e-01 1.521942836745091565e-01
2.256256256256255810e+00 1.488069942024520531e-01 1.492731877003102003e-01
2.228228228228228858e+00 1.454181688261007022e-01 1.458838464433613591e-01
2.200200200200200129e+00 1.415730521322422775e-01 1.420264515026652130e-01
2.172172172172171400e+00 1.372847027793480945e-01 1.377130748096575541e-01
2.144144144144144448e+00 1.325782920091677364e-01 1.329687002052170053e-01
2.116116116116115720e+00 1.274911794886008365e-01 1.278314409358393411e-01
2.088088088088088767e+00 1.220721386314669032e-01 1.223517925924596100e-01
2.060060060060060039e+00 1.163797214080055376e-01 1.165908888998305887e-01
2.032032032032031310e+00 1.104798665586249895e-01 1.106178705239879850e-01
2.004004004004004358e+00 1.044429612492050741e-01 1.045066140879101491e-01
1.975975975975975629e+00 9.834064172001681647e-02 9.833216668893650370e-02
1.947947947947948677e+00 9.224264698671058582e-02 9.216726604536011613e-02
1.919919919919919948e+00 8.621401620227425733e-02 8.607929125388938396e-02
1.891891891891891220e+00 8.031285262523318869e-02 8.012789685745681789e-02
1.863863863863864268e+00 7.458878276397448714e-02 7.436346016572845108e-02
1.835835835835835539e+00 6.908213954587144601e-02 6.882634880373113273e-02
1.807807807807808587e+00 6.382381232103025159e-02 6.354691673906666394e-02
1.779779779779779858e+00 5.883564639028844578e-02 5.854607516337417134e-02
1.751751751751751129e+00 5.413124452560519329e-02 5.383626073325084582e-02
1.723723723723724177e+00 4.971701955752224483e-02 4.942263051201940122e-02
1.695695695695695449e+00 4.559336328044134856e-02 4.530433948031489799e-02
1.667667667667668496e+00 4.175582415194740299e-02 4.147579189865192167e-02
1.639639639639639768e+00 3.819621701193402080e-02 3.792779377796967610e-02
1.611611611611611039e+00 3.490361693782169372e-02 3.464856509078113184e-02
1.583583583583584087e+00 3.186521333383651733e-02 3.162459481195247640e-02
1.555555555555555358e+00 2.906701831317424697e-02 2.884133910975327300e-02
1.527527527527528406e+00 2.649443557362450921e-02 2.628377387872602583e-02
1.499499499499499677e+00 2.413270320337888852e-02 2.393681867465833474e-02
1.471471471471470949e+00 2.196722734481967865e-02 2.178565139303244996e-02
1.443443443443443996e+00 1.998382453845944443e-02 1.981593296072436255e-02
1.415415415415415268e+00 1.816888980766286771e-02 1.801395981695723403e-02
1.387387387387388316e+00 1.650950585702540274e-02 1.636675984692484778e-02
1.359359359359359587e+00 1.499350665880405144e-02 1.486214502067545809e-02
1.331331331331330858e+00 1.360950653132711984e-02 1.348873163984510432e-02
1.303303303303303906e+00 1.234690375359078461e-02 1.223593696961760603e-02
1.275275275275275177e+00 1.119586592710933477e-02 1.109395917957258469e-02
1.247247247247248225e+00 1.014730272761289569e-02 1.005374595824317686e-02
1.219219219219219497e+00 9.192830383550575774e-03 9.106955888268201960e-03
1.191191191191190768e+00 8.324731157192604564e-03 8.245915642362912357e-03
1.163163163163163816e+00 7.535910257738939397e-03 7.463575249306002128e-03
1.135135135135135087e+00 6.819851951501115783e-03 6.753463047782725173e-03
1.107107107107106359e+00 6.170576120093019395e-03 6.109641460974858836e-03
1.079079079079079406e+00 5.582596123347853198e-03 5.526664357079079555e-03
1.051051051051050678e+00 5.050878531274539951e-03 4.999536485322429551e-03
1.023023023023023725e+00 4.570805070842917303e-03 4.523675265580178080e-03
9.949949949949949968e-01 4.138136969643623798e-03 4.094875087416156335e-03
9.669669669669662682e-01 3.748981764691361636e-03 3.709274158816745597e-03
9.389389389389393159e-01 3.399762566121266368e-03 3.363323851082608996e-03
9.109109109109105873e-01 3.087189708077069800e-03 3.053760460561119605e-03
8.828828828828836350e-01 2.808234683343078901e-03 2.777579272729701742e-03
8.548548548548549064e-01 2.560106241257307895e-03 2.532010797195171324e-03
8.268268268268261778e-01 2.340228517513655380e-03 2.314499035146795440e-03
7.987987987987992256e-01 2.146221062137517593e-03 2.122681640653749629e-03
7.707707707707704969e-01 1.975880634959040379e-03 1.954371841842857463e-03
7.427427427427435447e-01 1.827164644547540819e-03 1.807541995849012810e-03
7.147147147147148161e-01 1.698176115510550369e-03 1.680308661302786985e-03
6.866866866866860875e-01 1.587150079283125483e-03 1.570919083089297860e-03
6.586586586586591352e-01 1.492441292872307519e-03 1.477738995468796945e-03
6.306306306306304066e-01 1.412513203687811199e-03 1.399241660705733683e-03
6.026026026026034543e-01 1.345928090738182084e-03 1.333998063794921470e-03
5.745745745745747257e-01 1.291338315618126200e-03 1.280668215380306035e-03
5.465465465465459971e-01 1.247478626925224623e-03 1.237993518341152068e-03
5.185185185185190448e-01 1.213159469811400616e-03 1.204790119868517527e-03
4.904904904904903162e-01 1.187261254037618851e-03 1.179943217241225797e-03
4.624624624624633640e-01 1.168729534628033979e-03 1.162402278225802086e-03
4.344344344344346354e-01 1.156571066016417277e-03 1.151177136511396561e-03
4.064064064064059068e-01 1.149850687068365313e-03 1.145334921293227927e-03
3.783783783783789545e-01 1.147688990971767759e-03 1.143997776810434233e-03
3.503503503503502259e-01 1.149260729131234161e-03 1.146341322500965109e-03
3.223223223223232736e-01 1.153793891909035739e-03 1.151593797742814533e-03
2.942942942942945450e-01 1.160569401721553125e-03 1.159035827308729436e-03
2.662662662662658164e-01 1.168921346123325813e-03 1.168000735182234085e-03
2.382382382382388641e-01 1.178237671693112970e-03 1.177875325873022246e-03
2.102102102102101355e-01 1.187961253041340884e-03 1.188101044509828549e-03
1.821821821821831833e-01 1.197591239260616548e-03 1.198175425591750751e-03
1.541541541541544547e-01 1.206684581273134629e-03 1.207653734049868787e-03
1.261261261261257260e-01 1.214857642011421199e-03 1.216150666278612621e-03
9.809809809809877379e-02 1.221787791730675381e-03 1.223342035935613518e-03
7.007007007007004518e-02 1.227214895197315274e-03 1.228966348201260533e-03
4.204204204204131656e-02 1.230942612218206746e-03 1.232826174188020579e-03
1.401401401401436431e-02 1.232839439868688245e-03 1.234789251383068467e-03
-1.401401401401436431e-02 1.232839439868688245e-03 1.234789251383069768e-03
-4.204204204204131656e-02 1.230942612218206529e-03 1.232826174188021446e-03
-7.007007007007004518e-02 1.227214895197314840e-03 1.228966348201260533e-03
-9.809809809809877379e-02 1.221787791730675381e-03 1.223342035935612434e-03
-1.261261261261257260e-01 1.214857642011421199e-03 1.216150666278609802e-03
-1.541541541541544547e-01 1.206684581273135062e-03 1.207653734049873341e-03
-1.821821821821814069e-01 1.197591239260616981e-03 1.198175425591750535e-03
-2.102102102102101355e-01 1.187961253041341751e-03 1.188101044509828983e-03
-2.382382382382388641e-01 1.178237671693113404e-03 1.177875325873022246e-03
-2.662662662662658164e-01 1.168921346123326030e-03 1.168000735182234085e-03
-2.942942942942945450e-01 1.160569401721554209e-03 1.159035827308730737e-03
-3.223223223223214973e-01 1.153793891909037040e-03 1.151593797742815183e-03
-3.503503503503502259e-01 1.149260729131235462e-03 1.146341322500969012e-03
-3.783783783783789545e-01 1.147688990971769060e-03 1.143997776810436184e-03
-4.064064064064059068e-01 1.149850687068366831e-03 1.145334921293225759e-03
-4.344344344344346354e-01 1.156571066016417494e-03 1.151177136511399813e-03
-4.624624624624615876e-01 1.168729534628034196e-03 1.162402278225803387e-03
-4.904904904904903162e-01 1.187261254037620803e-03 1.179943217241222111e-03
-5.185185185185190448e-01 1.213159469811401266e-03 1.204790119868519912e-03
-5.465465465465459971e-01 1.247478626925222671e-03 1.237993518341158790e-03
-5.745745745745747257e-01 1.291338315618125549e-03 1.280668215380302783e-03
-6.026026026026016780e-01 1.345928090738181000e-03 1.333998063794909327e-03
-6.306306306306304066e-01 1.412513203687808163e-03 1.399241660705736936e-03
-6.586586586586591352e-01 1.492441292872311422e-03 1.477738995468798246e-03
-6.866866866866860875e-01 1.587150079283132422e-03 1.570919083089293957e-03
-7.147147147147148161e-01 1.698176115510555140e-03 1.680308661302818427e-03
-7.427427427427417683e-01 1.827164644547542554e-03 1.807541995849014111e-03
-7.707707707707704969e-01 1.975880634959038644e-03 1.954371841842851825e-03
-7.987987987987992256e-01 2.146221062137518461e-03 2.122681640653735317e-03
-8.268268268268261778e-01 2.340228517513654512e-03 2.314499035146775057e-03
-8.548548548548549064e-01 2.560106241257295752e-03 2.532010797195215126e-03
-8.828828828828836350e-01 2.808234683343068926e-03 2.777579272729696104e-03
-9.109109109109105873e-01 3.087189708077054187e-03 3.053760460561055854e-03
-9.389389389389393159e-01 3.399762566121240781e-03 3.363323851082601623e-03
-9.669669669669662682e-01 3.748981764691326074e-03 3.709274158816702228e-03
-9.949949949949949968e-01 4.138136969643600380e-03 4.094875087416147662e-03
-1.023023023023023725e+00 4.570805070842893017e-03 4.523675265580121702e-03
-1.051051051051050678e+00 5.050878531274519134e-03 4.999536485322431285e-03
-1.079079079079079406e+00 5.582596123347832381e-03 5.526664357079062208e-03
-1.107107107107106359e+00 6.170576120093027202e-03 6.109641460974831947e-03
-1.135135135135135087e+00 6.819851951501118385e-03 6.753463047782715632e-03
-1.163163163163163816e+00 7.535910257738943734e-03 7.463575249306095803e-03
-1.191191191191190768e+00 8.324731157192588951e-03 8.245915642362886336e-03
-1.219219219219219497e+00 9.192830383550544548e-03 9.106955888268191551e-03
-1.247247247247246449e+00 1.014730272761285232e-02 1.005374595824305196e-02
-1.275275275275275177e+00 1.119586592710929487e-02 1.109395917957249796e-02
-1.303303303303303906e+00 1.234690375359073951e-02 1.223593696961762685e-02
-1.331331331331330858e+00 1.360950653132704871e-02 1.348873163984509911e-02
-1.359359359359359587e+00 1.499350665880399593e-02 1.486214502067541993e-02
-1.387387387387386539e+00 1.650950585702535764e-02 1.636675984692459451e-02
-1.415415415415415268e+00 1.816888980766286424e-02 1.801395981695724444e-02
-1.443443443443443996e+00 1.998382453845943749e-02 1.981593296072442847e-02
-1.471471471471470949e+00 2.196722734481970640e-02 2.178565139303261650e-02
-1.499499499499499677e+00 2.413270320337891281e-02 2.393681867465830698e-02
-1.527527527527526630e+00 2.649443557362450921e-02 2.628377387872592869e-02
-1.555555555555555358e+00 2.906701831317422616e-02 2.884133910975328688e-02
-1.583583583583584087e+00 3.186521333383646182e-02 3.162459481195239314e-02
-1.611611611611611039e+00 3.490361693782157576e-02 3.464856509078121510e-02
-1.639639639639639768e+00 3.819621701193389590e-02 3.792779377796948181e-02
-1.667667667667666720e+00 4.175582415194726421e-02 4.147579189865149840e-02
-1.695695695695695449e+00 4.559336328044117509e-02 4.530433948031490493e-02
-1.723723723723724177e+00 4.971701955752211993e-02 4.942263051201923468e-02
-1.751751751751751129e+00 5.413124452560511696e-02 5.383626073325075562e-02
-1.779779779779779858e+00 5.883564639028839721e-02 5.854607516337420603e-02
-1.807807807807806810e+00 6.382381232103026547e-02 6.354691673906648353e-02
-1.835835835835835539e+00 6.908213954587147376e-02 6.882634880373129926e-02
-1.863863863863864268e+00 7.458878276397437612e-02 7.436346016572858986e-02
-1.891891891891891220e+00 8.031285262523313317e-02 8.012789685745680401e-02
-1.919919919919919948e+00 8.621401620227422957e-02 8.607929125388874558e-02
-1.947947947947948677e+00 9.224264698671039153e-02 9.216726604536021328e-02
-1.975975975975975629e+00 9.834064172001646953e-02 9.833216668893680901e-02
-2.004004004004002581e+00 1.044429612492048520e-01 1.045066140879093997e-01
-2.032032032032031310e+00 1.104798665586247119e-01 1.106178705239872356e-01
-2.060060060060060039e+00 1.163797214080052045e-01 1.165908888998305887e-01
-2.088088088088088767e+00 1.220721386314665702e-01 1.223517925924594990e-01
-2.116116116116117496e+00 1.274911794886006422e-01 1.278314409358393133e-01
-2.144144144144142672e+00 1.325782920091676531e-01 1.329687002052162281e-01
-2.172172172172171400e+00 1.372847027793481223e-01 1.377130748096575541e-01
-2.200200200200200129e+00 1.415730521322423885e-01 1.420264515026656293e-01
-2.228228228228228858e+00 1.454181688261009242e-01 1.458838464433619420e-01
-2.256256256256257586e+00 1.488069942024523029e-01 1.492731877003105612e-01
-2.284284284284282762e+00 1.517377650869209949e-01 1.521942836745089900e-01
-2.312312312312311491e+00 1.542186332393893911e-01 1.546572016914143644e-01
-2.340340340340340219e+00 1.562659303269976208e-01 1.566803059250090890e-01
-2.368368368368368948e+00 1.579022836921667727e-01 1.582881872057038120e-01
-2.396396396396397677e+00 1.591547584440915486e-01 1.595096731383517930e-01
-2.424424424424422853e+00 1.600531570443625706e-01 1.603760505003547499e-01
-2.452452452452451581e+00 1.606285593039732673e-01 1.609195754510382437e-01
-2.480480480480480310e+00 1.609121415862193871e-01 1.611722989263643657e-01
-2.508508508508509038e+00 1.609342787074735937e-01 1.611651985037571011e-01
-2.536536536536537767e+00 1.607239072638403654e-01 1.609275845495825030e-01
-2.564564564564562943e+00 1.603081144113806811e-01 1.604867361066258102e-01
-2.592592592592591672e+00 1.597119097745495486e-01 1.598677182328720470e-01
-2.620620620620620400e+00 1.589581379431362629e-01 1.590933346640659440e-01
-2.648648648648649129e+00 1.580674927641499139e-01 1.581841753196013556e-01
-2.676676676676677857e+00 1.570586004979401262e-01 1.571587253925161853e-01
-2.704704704704703033e+00 1.559481454984646132e-01 1.560335102116939821e-01
-2.732732732732731762e+00 1.547510184639952213e-01 1.548232569018231641e-01
-2.760760760760760490e+00 1.534804729462249662e-01 1.535410596666882954e-01
-2.788788788788789219e+00 1.521482804629177843e-01 1.521985401472544797e-01
-2.816816816816817948e+00 1.507648781900622348e-01 1.508059978036649929e-01
-2.844844844844843124e+00 1.493395059000919844e-01 1.493725477951579617e-01
-2.872872872872871852e+00 1.478803307068998207e-01 1.479062455375454999e-01
-2.900900900900900581e+00 1.463945594352095703e-01 1.464141982168368217e-01
-2.928928928928929309e+00 1.448885392024134577e-01 1.449026641812937444e-01
-2.956956956956958038e+00 1.433678472211206145e-01 1.433771414452138515e-01
-2.984984984984983214e+00 1.418373710056090586e-01 1.418424466311773713e-01
-3.013013013013011943e+00 1.403013801785543968e-01 1.403027856310813115e-01
-3.041041041041040671e+00 1.387635909906134446e-01 1.387618171392790978e-01
-3.069069069069069400e+00 1.372272245302234850e-01 1.372227100460203519e-01
-3.097097097097098128e+00 1.356950594465452242e-01 1.356881955055090905e-01
-3.125125125125123304e+00 1.341694798562151902e-01 1.341606143292276565e-01
-3.153153153153152033e+00 1.326525189675205607e-01 1.326419602126900077e-01
-3.181181181181180762e+00 1.311458988405809489e-01 1.311339191876288168e-01
-3.209209209209209490e+00 1.296510666112702936e-01 1.296379056025472598e-01
-3.237237237237238219e+00 1.281692274390785480e-01 1.281550948708109205e-01
-3.265265265265263395e+00 1.267013743924451097e-01 1.266864531826743800e-01
-3.293293293293292123e+00 1.252483154553143407e-01 1.252327643517312794e-01
-3.321321321321320852e+00 1.238106978217930199e-01 1.237946539544617225e-01
-3.349349349349349581e+00 1.223890296381367759e-01 1.223726109168933734e-01
-3.377377377377378309e+00 1.209836993495655016e-01 1.209670067032043439e-01
-3.405405405405403485e+00 1.195949928106217613e-01 1.195781122643931882e-01
-3.433433433433432214e+00 1.182231083201701616e-01 1.182061129088748802e-01
-3.461461461461460942e+00 1.168681697441940892e-01 1.168511212597430488e-01
-3.489489489489489671e+00 1.155302378903622779e-01 1.155131884646353052e-01
-3.517517517517518399e+00 1.142093202974248517e-01 1.141923138233240098e-01
-3.545545545545547128e+00 1.129053795996885629e-01 1.128884529952341731e-01
-3.573573573573572304e+00 1.116183406221630953e-01 1.116015249441876939e-01
-3.601601601601601033e+00 1.103480963557059713e-01 1.103314177710616739e-01
-3.629629629629629761e+00 1.090945129537395503e-01 1.090779935770079118e-01
-3.657657657657658490e+00 1.078574338831014695e-01 1.078410924910384455e-01
-3.685685685685687218e+00 1.066366833522780222e-01 1.066205359854019430e-01
-3.713713713713712394e+00 1.054320691300838775e-01 1.054161295909974150e-01
-3.741741741741741123e+00 1.042433848574143285e-01 1.042276651169443819e-01
-3.769769769769769852e+00 1.030704119443383027e-01 1.030549224660371743e-01
-3.797797797797798580e+00 1.019129211347528929e-01 1.018976711276906866e-01
-3.825825825825827309e+00 1.007706738105738492e-01 1.007556714200218972e-01
-3.853853853853852485e+00 9.964342309795956587e-02 9.962867554307031082e-02
-3.881881881881881213e+00 9.853091482901933651e-02 9.851642849604917707e-02
-3.909909909909909942e+00 9.743288840393686534e-02 9.741866890296577153e-02
-3.937937937937938671e+00 9.634907759049750331e-02 9.633512978298949814e-02
-3.965965965965967399e+00 9.527921129065834716e-02 9.526553929460955528e-02
-3.993993993993992575e+00 9.422301429705366715e-02 9.420962147587345903e-02
-4.022022022022021304e+00 9.318020805619506297e-02 9.316709699685345181e-02
-4.050050050050050032e+00 9.215051144958166796e-02 9.213768393494232989e-02
-4.078078078078078761e+00 9.113364159874617898e-02 9.112109857869646334e-02
-4.106106106106107489e+00 9.012931469604813783e-02 9.011705626154259408e-02
-4.134134134134132665e+00 8.913724685914034551e-02 8.912527222169606966e-02
-4.162162162162161394e+00 8.815715500368910551e-02 8.814546248336324608e-02
-4.190190190190190123e+00 8.718875772617334929e-02 8.717734475040331277e-02
-4.218218218218218851e+00 8.623177618661780064e-02 8.622063930144027721e-02
-4.246246246246247580e+00 8.528593497930561651e-02 8.527506987396381299e-02
-4.274274274274272756e+00 8.435096297849616065e-02 8.434036452391843741e-02
-4.302302302302301484e+00 8.342659414570414989e-02 8.341625644680222829e-02
-4.330330330330330213e+00 8.251256828511799313e-02 8.250248474635600571e-02
-4.358358358358358942e+00 8.160863173425114692e-02 8.159879513748020952e-02
-4.386386386386387670e+00 8.071453797787896123e-02 8.070494057103304308e-02
-4.414414414414412846e+00 7.983004817466288205e-02 7.982068176958423411e-02
-4.442442442442441575e+00 7.895493158754349206e-02 7.894578766494132760e-02
-4.470470470470470303e+00 7.808896591094356687e-02 7.808003573027563760e-02
-4.498498498498499032e+00 7.723193748981520279e-02 7.722321220188324564e-02
-4.526526526526527761e+00 7.638364142786632782e-02 7.637511218803336166e-02
-4.554554554554552936e+00 7.554388158457962799e-02 7.553553966394242758e-02
-4.582582582582581665e+00 7.471247046284071325e-02 7.470430735519696663e-02
-4.610610610610610394e+00 7.388922899113112286e-02 7.388123651384218005e-02
-4.638638638638639122e+00 7.307398620642091558e-02 7.306615659318863032e-02
-4.666666666666667851e+00 7.226657884574214097e-02 7.225890482948539584e-02
-4.694694694694693027e+00 7.146685085618224853e-02 7.145932574039137730e-02
-4.722722722722721755e+00 7.067465283467806725e-02 7.066727055180313521e-02
-4.750750750750750484e+00 6.988984141042646481e-02 6.988259656604270398e-02
-4.778778778778779213e+00 6.911227858396888635e-02 6.910516648566775166e-02
-4.806806806806807941e+00 6.834183103803340154e-02 6.833484770822732812e-02
-4.834834834834833117e+00 6.757836943599740409e-02 6.757151160810354051e-02
-4.862862862862861846e+00 6.682176772433003065e-02 6.681503282212565564e-02
-4.890890890890890574e+00 6.607190245554829533e-02 6.606528855586270288e-02
-4.918918918918919303e+00 6.532865214794567055e-02 6.532215792733089832e-02
-4.946946946946948032e+00 6.459189669769679898e-02 6.458552136431866542e-02
-4.974974974974973208e+00 6.386151685782401333e-02 6.385526007009047211e-02
-5.003003003003001936e+00 6.313739379683047659e-02 6.313125557088132556e-02
-5.031031031031030665e+00 6.241940874761635338e-02 6.241338935649875380e-02
-5.059059059059059393e+00 6.170744275469496054e-02 6.170154262236315912e-02
-5.087087087087088122e+00 6.100137652465360827e-02 6.099559611824807021e-02
-5.115115115115113298e+00 6.030109038140689381e-02 6.029543010548351484e-02
-5.143143143143142026e+00 5.960646432427968433e-02 5.960092442067451562e-02
-5.171171171171170755e+00 5.891737818342589195e-02 5.891195864026521622e-02
-5.199199199199199484e+00 5.823371186373606234e-02 5.822841233672705619e-02
-5.227227227227228212e+00 5.755534566539632912e-02 5.755016541397917074e-02
-5.255255255255253388e+00 5.688216066680481381e-02 5.687709850703433906e-02
-5.283283283283282117e+00 5.621403915376642357e-02 5.620909342897584954e-02
-5.311311311311310845e+00 5.555086507788262878e-02 5.554603364730768128e-02
-5.339339339339339574e+00 5.489252452684656447e-02 5.488780477153507725e-02
-5.367367367367368303e+00 5.423890618995749063e-02 5.423429503456021067e-02
-5.395395395395393479e+00 5.358990180354722410e-02 5.358539575185402443e-02
-5.423423423423422207e+00 5.294540656297296033e-02 5.294100174453047342e-02
-5.451451451451450936e+00 5.230531949025514493e-02 5.230101171525634168e-02
-5.479479479479479664e+00 5.166954374916647025e-02 5.166532856866374451e-02
-5.507507507507508393e+00 5.103798690239148839e-02 5.103385967097115450e-02
-5.535535535535537122e+00 5.041056110806911572e-02 5.040651704641065101e-02
-5.563563563563562298e+00 4.978718325552318469e-02 4.978321751065555717e-02
-5.591591591591591026e+00 4.916777504211976291e-02 4.916388274364447836e-02
-5.619619619619619755e+00 4.855226299490387337e-02 4.854843930593410323e-02
-5.647647647647648483e+00 4.794057844194252876e-02 4.793681860395401784e-02
-5.675675675675677212e+00 4.733265743915326951e-02 4.732895681033119639e-02
-5.703703703703702388e+00 4.672844065888284021e-02 4.672479474584883413e-02
-5.731731731731731116e+00 4.612787324669807842e-02 4.612427772969817513e-02
-5.759759759759759845e+00 4.553090465284304750e-02 4.552735540458197061e-02
-5.787787787787788574e+00 4.493748844468845732e-02 4.493398154303022279e-02
-5.815815815815817302e+00 4.434758210636540604e-02 4.434411384105602788e-02
-5.843843843843842478e+00 4.376114683165943653e-02 4.375771370507589020e-02
-5.871871871871871207e+00 4.317814731621112678e-02 4.317474603808293260e-02
-5.899899899899899935e+00 4.259855155515727965e-02 4.259517903105211611e-02
-5.927927927927928664e+00 4.202233065256266026e-02 4.201898396578866712e-02
-5.955955955955957393e+00 4.144945864929037993e-02 4.144613503578676444e-02
-5.983983983983982569e+00 4.087991237634562569e-02 4.087660919210282101e-02
-6.012012012012011297e+00 4.031367134112597006e-02 4.031038602172151708e-02
-6.040040040040040026e+00 3.975071765434407683e-02 3.974744766632835880e-02
-6.068068068068068754e+00 3.919103600555877420e-02 3.918777878969042366e-02
-6.096096096096097483e+00 3.863461369514308019e-02 3.863136660187727750e-02
-6.124124124124122659e+00 3.808144073000743063e-02 3.807820094817630785e-02
-6.152152152152151388e+00 3.753150998936131966e-02 3.752827446964304009e-02
-6.180180180180180116e+00 3.698481746513199164e-02 3.698158284065012485e-02
-6.208208208208208845e+00 3.644136257929592865e-02 3.643812508645986881e-02
-6.236236236236237573e+00 3.590114857731644543e-02 3.589790398073063049e-02
-6.264264264264262749e+00 3.536418299317341946e-02 3.536092651899597900e-02
-6.292292292292291478e+00 3.483047817727259743e-02 3.482720445974561707e-02
-6.320320320320320207e+00 3.430005187406828110e-02 3.429675491993496722e-02
-6.348348348348348935e+00 3.377292783183775265e-02 3.376960100695580030e-02
-6.376376376376377664e+00 3.324913642306268069e-02 3.324577246470907660e-02
-6.404404404404402840e+00 3.272871525068968973e-02 3.272530630784328820e-02
-6.432432432432431568e+00 3.221170971350922202e-02 3.220824741587025031e-02
-6.460460460460460297e+00 3.169817350328966998e-02 3.169464905807002630e-02
-6.488488488488489025e+00 3.118816900730018299e-02 3.118457332105347563e-02
-6.516516516516517754e+00 3.068176759247743732e-02 3.067809141361131642e-02
-6.544544544544542930e+00 3.017904975160677974e-02 3.017528382789585323e-02
-6.572572572572571659e+00 2.968010509721303800e-02 2.967624034175650807e-02
-6.600600600600600387e+00 2.918503219498121831e-02 2.918105985371674538e-02
-6.628628628628629116e+00 2.869393823496614940e-02 2.868985004908474953e-02
-6.656656656656657844e+00 2.820693854508088405e-02 2.820272690245224229e-02
-6.684684684684683020e+00 2.772415595689892154e-02 2.771981402782049131e-02
-6.712712712712711749e+00 2.724572003827737190e-02 2.724124189233017440e-02
-6.740740740740740478e+00 2.677176621045473937e-02 2.676714691280693975e-02
-6.768768768768769206e+00 2.630243476900442218e-02 2.629767045597700137e-02
-6.796796796796797935e+00 2.583786982841091914e-02 2.583295776333909347e-02
-6.824824824824823111e+00 2.537821820929849273e-02 2.537315682056891578e-02
-6.852852852852851839e+00 2.492362828580306847e-02 2.491841718936265229e-02
-6.880880880880880568e+00 2.447424880861823887e-02 2.446888881724479728e-02
-6.908908908908909297e+00 2.403022771724241252e-02 2.402472083849988352e-02
-6.936936936936938025e+00 2.359171095322936187e-02 2.358606037741494896e-02
-6.964964964964963201e+00 2.315884128502672390e-02 2.315305136368979097e-02
-6.992992992992991930e+00 2.273175715438744207e-02 2.272583336929738518e-02
-7.021021021021020658e+00 2.231059155434089031e-02 2.230454047623160740e-02
-7.049049049049049387e+00 2.189547094919718634e-02 2.188930018530346744e-02
-7.077077077077078116e+00 2.148651424781718167e-02 2.148023237718219708e-02
-7.105105105105103291e+00 2.108383184216202494e-02 2.107744833797127806e-02
-7.133133133133132020e+00 2.068752472369427345e-02 2.068104986239735488e-02
-7.161161161161160749e+00 2.029768369031479877e-02 2.029112844795583764e-02
-7.189189189189189477e+00 1.991438865602312980e-02 1.990776459296470999e-02
-7.217217217217218206e+00 1.953770807431143980e-02 1.953102721028482716e-02
-7.245245245245243382e+00 1.916769848445150012e-02 1.916097316651290891e-02
-7.273273273273272110e+00 1.880440418738220723e-02 1.879764695383891182e-02
-7.301301301301300839e+00 1.844785705500309736e-02 1.844108049865613927e-02
-7.329329329329329568e+00 1.809807647350730048e-02 1.809129310761824552e-02
-7.357357357357358296e+00 1.775506941814666839e-02 1.774829154838928127e-02
-7.385385385385383472e+00 1.741883065370611328e-02 1.741207025903392103e-02
-7.413413413413412201e+00 1.708934305214534349e-02 1.708261167703575834e-02
-7.441441441441440929e+00 1.676657801647835760e-02 1.675988667645336369e-02
-7.469469469469469658e+00 1.645049599809936605e-02 1.644385509981440355e-02
-7.497497497497498387e+00 1.614104709347485844e-02 1.613446637005434142e-02
-7.525525525525523562e+00 1.583817170540131186e-02 1.583166016713895632e-02
-7.553553553553552291e+00 1.554180125386041625e-02 1.553536715391322723e-02
-7.581581581581581020e+00 1.525185892182356374e-02 1.524550973608564293e-02
-7.609609609609609748e+00 1.496826042208685391e-02 1.496200284210990987e-02
-7.637637637637638477e+00 1.469091477227084039e-02 1.468475470987008584e-02
-7.665665665665667206e+00 1.441972506641620889e-02 1.441366766845541235e-02
-7.693693693693692381e+00 1.415458923304855829e-02 1.414863890483315442e-02
-7.721721721721721110e+00 1.389540077110200736e-02 1.388956120681248546e-02
-7.749749749749749839e+00 1.364204945661584220e-02 1.363632367527165684e-02
-7.777777777777778567e+00 1.339442201459601321e-02 1.338881240013732425e-02
-7.805805805805807296e+00 1.315240275182263940e-02 1.314691109602459697e-02
-7.833833833833832472e+00 1.291587414765630812e-02 1.291050169473399907e-02
-7.861861861861861200e+00 1.268471740103075188e-02 1.267946489294562509e-02
-7.889889889889889929e+00 1.245881293280881597e-02 1.245368065443999521e-02
-7.917917917917918658e+00 1.223804084352392643e-02 1.223302866700954304e-02
-7.945945945945947386e+00 1.202228132722339346e-02 1.201738875491491741e-02
-7.973973973973972562e+00 1.181141504269335799e-02 1.180664124830954793e-02
-8.002002002002001291e+00 1.160532344378467293e-02 1.160066731144295850e-02
-8.030030030030030019e+00 1.140388907088652273e-02 1.139934923178981957e-02
-8.058058058058058748e+00 1.120699580582088309e-02 1.120257067246611775e-02
-8.086086086086087477e+00 1.101452909258097621e-02 1.101021689042417512e-02
-8.114114114114112652e+00 1.082637612641211729e-02 1.082217492298134451e-02
-8.142142142142141381e+00 1.064242601375036193e-02 1.063833374524342408e-02
-8.170170170170170110e+00 1.046256990550566493e-02 1.045858440094551804e-02
-8.198198198198198838e+00 1.028670110611079949e-02 1.028282010915734443e-02
-8.226226226226227567e+00 1.011471516066397326e-02 1.011093634920069706e-02
-8.254254254254252743e+00 9.946509922379909510e-03 9.942830926007008643e-03
-8.282282282282281471e+00 9.781985602436805288e-03 9.778404018009301604e-03
-8.310310310310310200e+00 9.621044804170485881e-03 9.617558209525187141e-03
-8.338338338338338929e+00 9.463592543430172227e-03 9.460198509441840667e-03
-8.366366366366367657e+00 9.309536256767850237e-03 9.306232357869089616e-03
-8.394394394394392833e+00 9.158785798994461755e-03 9.155569622305445576e-03
-8.422422422422421562e+00 9.011253431502844191e-03 9.008122584697688187e-03
-8.450450450450450290e+00 8.866853802629328513e-03 8.863805920658248197e-03
-8.478478478478479019e+00 8.725503921200864627e-03 8.722536671983747644e-03
-8.506506506506507748e+00 8.587123124302225088e-03 8.584234213501519897e-03
-8.534534534534532924e+00 8.451633040190946120e-03 8.448820215163117472e-03
-8.562562562562561652e+00 8.318957547187748325e-03 8.316218600204493966e-03
-8.590590590590590381e+00 8.189022729278789062e-03 8.186355500101853352e-03
-8.618618618618619109e+00 8.061756829082136061e-03 8.059159206967760405e-03
-8.646646646646647838e+00 7.937090198754319370e-03 7.934560123956716643e-03
-8.674674674674673014e+00 7.814955249343339544e-03 7.812490714179853336e-03
-8.702702702702701743e+00 7.695286399031392097e-03 7.692885448565414848e-03
-8.730730730730730471e+00 7.578020020653225206e-03 7.575680753046952487e-03
-8.758758758758759200e+00 7.463094388826714727e-03 7.460814955408026639e-03
-8.786786786786787928e+00 7.350449626985819385e-03 7.348228232065883055e-03
-8.814814814814813104e+00 7.240027654564146382e-03 7.237862555047293138e-03
-8.842842842842841833e+00 7.131772134541763779e-03 7.129661639360939870e-03
-8.870870870870870561e+00 7.025628421536112347e-03 7.023570890938586608e-03
-8.898898898898899290e+00 6.921543510587452146e-03 6.919537355296115355e-03
-8.926926926926928019e+00 6.819465986764782113e-03 6.817509667037629367e-03
-8.954954954954953195e+00 6.719345975696716829e-03 6.717438000303992129e-03
-8.982982982982981923e+00 6.621135095111582887e-03 6.619274020247584503e-03
-9.011011011011010652e+00 6.524786407453889506e-03 6.522970835598256717e-03
-9.039039039039039380e+00 6.430254373629219408e-03 6.428482952370452586e-03
-9.067067067067068109e+00 6.337494807916567788e-03 6.335766228749163329e-03
-9.095095095095093285e+00 6.246464834075852839e-03 6.244777831180642509e-03
-9.123123123123122014e+00 6.157122842668437748e-03 6.155476191684321197e-03
-9.151151151151150742e+00 6.069428449599728083e-03 6.067820966394684573e-03
-9.179179179179179471e+00 5.983342455886419761e-03 5.981772995333377134e-03
-9.207207207207208199e+00 5.898826808645049602e-03 5.897294263405612399e-03
-9.235235235235233375e+00 5.815844563292160013e-03 5.814347862614100901e-03
-9.263263263263262104e+00 5.734359846942527032e-03 5.732897955477473870e-03
-9.291291291291290833e+00 5.654337822988575457e-03 5.652909739630232293e-03
-9.319319319319319561e+00 5.575744656840372557e-03 5.574349413585214831e-03
-9.347347347347348290e+00 5.498547482802928175e-03 5.497184143635853656e-03
-9.375375375375373466e+00 5.422714372066511634e-03 5.421382031873090736e-03
-9.403403403403402194e+00 5.348214301783804983e-03 5.346912085290247627e-03
-9.431431431431430923e+00 5.275017125206425857e-03 5.273744185948147853e-03
-9.459459459459459651e+00 5.203093542852454609e-03 5.201849062171685044e-03
-9.487487487487488380e+00 5.132415074676040072e-03 5.131198260748956290e-03
-9.515515515515513556e+00 5.062954033209774926e-03 5.061764120103234496e-03
-9.543543543543542285e+00 4.994683497650376398e-03 4.993519744408179278e-03
-9.571571571571571013e+00 4.927577288858016324e-03 4.926438978616820390e-03
-9.599599599599599742e+00 4.861609945239979413e-03 4.860496384374688936e-03
-9.627627627627628470e+00 4.796756699490269636e-03 4.795667216787158522e-03
-9.655655655655657199e+00 4.732993456156161897e-03 4.731927402013049073e-03
-9.683683683683682375e+00 4.670296770003459427e-03 4.669253515659632127e-03
-9.711711711711711104e+00 4.608643825153019638e-03 4.607622761946283431e-03
-9.739739739739739832e+00 4.548012414961511915e-03 4.547012953611178319e-03
-9.767767767767768561e+00 4.488380922619343918e-03 4.487402492534958709e-03
-9.795795795795797289e+00 4.429728302440394741e-03 4.428770351055506121e-03
-9.823823823823822465e+00 4.372034061818552350e-03 4.371096053948791277e-03
-9.851851851851851194e+00 4.315278243826705870e-03 4.314359661051537544e-03
-9.879879879879879923e+00 4.259441410434606536e-03 4.258541750501966365e-03
-9.907907907907908651e+00 4.204504626322699834e-03 4.203623402575726309e-03
-9.935935935935937380e+00 4.150449443269770347e-03 4.149586184095008581e-03
-9.963963963963962556e+00 4.097257885092983262e-03 4.096412133389259504e-03
-9.991991991991991284e+00 4.044912433119537964e-03 4.044083745786892711e-03
-1.002002002002002001e+01 3.993396012169785764e-03 3.992583959618030941e-03
-1.004804804804804874e+01 3.942691977033052457e-03 3.941896142708498953e-03
-1.007607607607607747e+01 3.892784099417358722e-03 3.892004079346247144e-03
-1.010410410410410265e+01 3.843656555355053159e-03 3.842891957705592536e-03
-1.013213213213213137e+01 3.795293913047158210e-03 3.794544357708423167e-03
-1.016016016016016010e+01 3.747681121129990689e-03 3.746946239306502696e-03
-1.018818818818818883e+01 3.700803497347505099e-03 3.700082931169025504e-03
-1.021621621621621756e+01 3.654646717614207750e-03 3.653940119760408674e-03
-1.024424424424424274e+01 3.609196805453902205e-03 3.608503838793167186e-03
-1.027227227227227146e+01 3.564440121800045193e-03 3.563760459041935991e-03
-1.030030030030030019e+01 3.520363355144026478e-03 3.519696678504973236e-03
-1.032832832832832892e+01 3.476953512018250789e-03 3.476299512899740877e-03
-1.035635635635635765e+01 3.434197907801353564e-03 3.433556286480316834e-03
-1.038438438438438283e+01 3.392084157833449073e-03 3.391454623164285708e-03
-1.041241241241241156e+01 3.350600168829705877e-03 3.349982437957453336e-03
-1.044044044044044028e+01 3.309734130580901934e-03 3.309127928665447742e-03
-1.046846846846846901e+01 3.269474507930514133e-03 3.268879567881026200e-03
-1.049649649649649774e+01 3.229810033018026740e-03 3.229226095236297552e-03
-1.052452452452452292e+01 3.190729697778386074e-03 3.190156509912347570e-03
-1.055255255255255165e+01 3.152222746688133296e-03 3.151660063395016805e-03
-1.058058058058058037e+01 3.114278669749235076e-03 3.113726252467240510e-03
-1.060860860860860910e+01 3.076887195701501383e-03 3.076344812429764475e-03
-1.063663663663663783e+01 3.040038285455188248e-03 3.039505710541806020e-03
-1.066466466466466301e+01 3.003722125735802315e-03 3.003199139673677805e-03
-1.069269269269269174e+01 2.967929122933349057e-03 2.967415512163453298e-03
-1.072072072072072046e+01 2.932649897148559281e-03 2.932145453870311277e-03
-1.074874874874874919e+01 2.897875276428901747e-03 2.897379798417498188e-03
-1.077677677677677792e+01 2.863596291187549703e-03 2.863109581617854539e-03
-1.080480480480480310e+01 2.829804168798651706e-03 2.829326036075391002e-03
-1.083283283283283183e+01 2.796490328362571075e-03 2.796020585956691777e-03
-1.086086086086086056e+01 2.763646375634875012e-03 2.763184841925823889e-03
-1.088888888888888928e+01 2.731264098113390416e-03 2.730810596237095034e-03
-1.091691691691691801e+01 2.699335460277755769e-03 2.698889817979374661e-03
-1.094494494494494319e+01 2.667852598975976527e-03 2.667414648467965853e-03
-1.097297297297297192e+01 2.636807818952767273e-03 2.636377396778518539e-03
-1.100100100100100065e+01 2.606193588514844200e-03 2.605770535416928550e-03
-1.102902902902902937e+01 2.576002535328179334e-03 2.575586696121051362e-03
-1.105705705705705810e+01 2.546227442342548740e-03 2.545818665789755398e-03
-1.108508508508508328e+01 2.516861243839047489e-03 2.516459382534644122e-03
-1.111311311311311201e+01 2.487897021596340800e-03 2.487501931850362967e-03
-1.114114114114114074e+01 2.459328001171504074e-03 2.458939542899424898e-03
-1.116916916916916946e+01 2.431147548291564316e-03 2.430765584907517481e-03
-1.119719719719719819e+01 2.403349165351942145e-03 2.402973563665570036e-03
-1.122522522522522337e+01 2.375926488018133709e-03 2.375557118134945765e-03
-1.125325325325325210e+01 2.348873281927156987e-03 2.348510017152251675e-03
-1.128128128128128083e+01 2.322183439485306453e-03 2.321826156230381855e-03
-1.130930930930930955e+01 2.295850976759020775e-03 2.295499554452634736e-03
-1.133733733733733828e+01 2.269870030455873721e-03 2.269524351456316501e-03
-1.136536536536536346e+01 2.244234854992587479e-03 2.243894804503519108e-03
-1.139339339339339219e+01 2.218939819647161409e-03 2.218605285636516839e-03
-1.142142142142142092e+01 2.193979405792418312e-03 2.193650278913949776e-03
-1.144944944944944965e+01 2.169348204208231684e-03 2.169024377725503952e-03
-1.147747747747747837e+01 2.145040912469737323e-03 2.144722282182602319e-03
-1.150550550550550355e+01 2.121052332409127140e-03 2.120738796582586835e-03
-1.153353353353353228e+01 2.097377367648651635e-03 2.097068826944044166e-03
-1.156156156156156101e+01 2.074011021202520379e-03 2.073707378610900164e-03
-1.158958958958958974e+01 2.050948393145479200e-03 2.050649553923126426e-03
-1.161761761761761846e+01 2.028184678345915180e-03 2.027890549951944302e-03
-1.164564564564564719e+01 2.005715164261439015e-03 2.005425656297378772e-03
-1.167367367367367237e+01 1.983535228794956751e-03 1.983250252946225801e-03
-1.170170170170170110e+01 1.961640338209257213e-03 1.961359808188521073e-03
-1.172972972972972983e+01 1.940026045098285426e-03 1.939749876590712938e-03
-1.175775775775775855e+01 1.918687986413420647e-03 1.918416097023447914e-03
-1.178578578578578728e+01 1.897621881542979182e-03 1.897354190742519620e-03
-1.181381381381381246e+01 1.876823530443272976e-03 1.876559959521901903e-03
-1.184184184184184119e+01 1.856288811819659448e-03 1.856029283836315488e-03
-1.186986986986986992e+01 1.836013681356048243e-03 1.835758121092180171e-03
-1.189789789789789864e+01 1.815994169991245284e-03 1.815742503905380710e-03
-1.192592592592592737e+01 1.796226382240786925e-03 1.795978538424461641e-03
-1.195395395395395255e+01 1.776706494562854287e-03 1.776462402697888410e-03
-1.198198198198198128e+01 1.757430753766946142e-03 1.757190345084024127e-03
-1.201001001001001001e+01 1.738395475464023622e-03 1.738158682702516762e-03
-1.203803803803803874e+01 1.719597042556862991e-03 1.719363799925839554e-03
-1.206606606606606746e+01 1.701031903769414325e-03 1.700802146909849259e-03
-1.209409409409409264e+01 1.682696572214001027e-03 1.682470238162085902e-03
-1.212212212212212137e+01 1.664587623995234748e-03 1.664364651146779065e-03
-1.215015015015015010e+01 1.646701696849492153e-03 1.646482024925452004e-03
-1.217817817817817883e+01 1.629035488819027822e-03 1.628819058832005990e-03
-1.220620620620620755e+01 1.611585756959663801e-03 1.611372511181138239e-03
-1.223423423423423273e+01 1.594349316081051420e-03 1.594139198009764244e-03
-1.226226226226226146e+01 1.577323037518578788e-03 1.577115991849958746e-03
-1.229029029029029019e+01 1.560503847936026709e-03 1.560299820532390531e-03
-1.231831831831831892e+01 1.543888728158006969e-03 1.543687666019641315e-03
-1.234634634634634764e+01 1.527474712031335821e-03 1.527276563268378058e-03
-1.237437437437437282e+01 1.511258885314548149e-03 1.511063599119666844e-03
-1.240240240240240155e+01 1.495238384594730708e-03 1.495045911216602574e-03
-1.243043043043043028e+01 1.479410396230915062e-03 1.479220686948450872e-03
-1.245845845845845901e+01 1.463772155323268690e-03 1.463585162420554106e-03
-1.248648648648648773e+01 1.448320944707351312e-03 1.448136621449300481e-03
-1.251451451451451291e+01 1.433054093972741709e-03 1.432872394581434982e-03
-1.254254254254254164e+01 1.417968978505341994e-03 1.417789858137015902e-03
-1.257057057057057037e+01 1.403063018552672386e-03 1.402886433275403293e-03
-1.259859859859859910e+01 1.388333678311571683e-03 1.388159585083555093e-03
-1.262662662662662783e+01 1.373778465037681085e-03 1.373606821685953092e-03
-1.265465465465465300e+01 1.359394928176096843e-03 1.359225693375931254e-03
-1.268268268268268173e+01 1.345180658512606497e-03 1.345013791767562692e-03
-1.271071071071071046e+01 1.331133287344982196e-03 1.330968748967481649e-03
-1.273873873873873919e+01 1.317250485673722871e-03 1.317088236766104231e-03
-1.276676676676676792e+01 1.303529963411730053e-03 1.303369965847830068e-03
-1.279479479479479309e+01 1.289969468612407093e-03 1.289811685019636150e-03
-1.282282282282282182e+01 1.276566786715703028e-03 1.276411180457597732e-03
-1.285085085085085055e+01 1.263319739811610137e-03 1.263166274970866634e-03
-1.287887887887887928e+01 1.250226185920654855e-03 1.250074827282584124e-03
-1.290690690690690801e+01 1.237284018290923200e-03 1.237134731327365397e-03
-1.293493493493493318e+01 1.224491164711184656e-03 1.224343915564860604e-03
-1.296296296296296191e+01 1.211845586839689279e-03 1.211700342308939457e-03
-1.299099099099099064e+01 1.199345279548213235e-03 1.199202007072172832e-03
-1.301901901901901937e+01 1.186988270280954234e-03 1.186846937925108321e-03
-1.304704704704704810e+01 1.174772618427926199e-03 1.174633194869986047e-03
-1.307507507507507327e+01 1.162696414712456171e-03 1.162558869228564945e-03
-1.310310310310310200e+01 1.150757780592409369e-03 1.150622083043798417e-03
-1.313113113113113073e+01 1.138954867674802848e-03 1.138820988494823562e-03
-1.315915915915915946e+01 1.127285857143453226e-03 1.127153767324874526e-03
-1.318718718718718819e+01 1.115748959199301107e-03 1.115618630281953010e-03
-1.321521521521521336e+01 1.104342412513098894e-03 1.104213816571817048e-03
-1.324324324324324209e+01 1.093064483690159034e-03 1.092937593323037391e-03
-1.327127127127127082e+01 1.081913466746850256e-03 1.081788255063812713e-03
-1.329929929929929955e+01 1.070887682598551435e-03 1.070764123210175226e-03
-1.332732732732732828e+01 1.059985478558766016e-03 1.059863545565409336e-03
-1.335535535535535345e+01 1.049205227849120750e-03 1.049084895830322724e-03
-1.338338338338338218e+01 1.038545329119979193e-03 1.038426573124110082e-03
-1.341141141141141091e+01 1.028004205981385925e-03 1.027887001515586816e-03
-1.343943943943943964e+01 1.017580306544100133e-03 1.017464629564466573e-03
-1.346746746746746837e+01 1.007272102970483731e-03 1.007157929872442561e-03
-1.349549549549549354e+01 9.970780910349894260e-04 9.969653986438935505e-04
-1.352352352352352227e+01 9.869967896940128396e-04 9.868855552560285016e-04
-1.355155155155155100e+01 9.770267406648837881e-04 9.769169418381161603e-04
-1.357957957957957973e+01 9.671665080137750248e-04 9.670581228595829908e-04
-1.360760760760760846e+01 9.574146777522830800e-04 9.573076847267978457e-04
-1.363563563563563363e+01 9.477698574424892964e-04 9.476642353883497341e-04
-1.366366366366366236e+01 9.382306758102954957e-04 9.381264039485688860e-04
-1.369169169169169109e+01 9.287957823668360844e-04 9.286928402891474589e-04
-1.371971971971971982e+01 9.194638470377736097e-04 9.193622146986139875e-04
-1.374774774774774855e+01 9.102335598002910672e-04 9.101332175095005724e-04
-1.377577577577577728e+01 9.011036303275853695e-04 9.010045587430375773e-04
-1.380380380380380245e+01 8.920727876407033574e-04 8.919749677611561733e-04
-1.383183183183183118e+01 8.831397797675277989e-04 8.830431929256185369e-04
-1.385985985985985991e+01 8.743033734087361092e-04 8.742080012642037103e-04
-1.388788788788788864e+01 8.655623536106049403e-04 8.654681781436224545e-04
-1.391591591591591737e+01 8.569155234444825056e-04 8.568225269490794540e-04
-1.394394394394394254e+01 8.483617036927612381e-04 8.482698687705007628e-04
-1.397197197197197127e+01 8.440850850800460424e-04 8.398090420950059297e-04
-1.400000000000000000e+01 8.398392711237014996e-04 8.314389025055980232e-04
