1.400000000000000000e+01 3.090215776964541449e-05 3.090215776964541449e-05
1.397197197197197127e+01 3.047545778866078526e-05 3.047545778866078526e-05
1.394394394394394432e+01 3.000885205538104898e-05 3.000885205538104898e-05
1.391591591591591559e+01 2.950441617649535945e-05 2.950441617649535945e-05
1.388788788788788864e+01 2.896423677677267703e-05 2.896423677677267703e-05
1.385985985985985991e+01 2.839041182515467766e-05 2.839041182515467766e-05
1.383183183183183118e+01 2.778505096968564487e-05 2.778505096968564487e-05
1.380380380380380423e+01 2.715027588147510414e-05 2.715027588147510414e-05
1.377577577577577550e+01 2.648822060789617593e-05 2.648822060789617593e-05
1.374774774774774855e+01 2.580103193523075155e-05 2.580103193523075155e-05
1.371971971971971982e+01 2.509086976097624208e-05 2.509086976097624208e-05
1.369169169169169109e+01 2.435990747604112506e-05 2.435990747604112506e-05
1.366366366366366414e+01 2.361033235705885892e-05 2.361033235705885892e-05
1.363563563563563541e+01 2.284434596906096960e-05 2.284434596906096960e-05
1.360760760760760846e+01 2.206416457875816104e-05 2.206416457875816104e-05
1.357957957957957973e+01 2.127201957868300701e-05 2.127201957868300701e-05
1.355155155155155100e+01 2.047015792246280159e-05 2.047015792246280159e-05
1.352352352352352405e+01 1.966084257149317162e-05 1.966084257149317162e-05
1.349549549549549532e+01 1.884635295329733525e-05 1.884635295329733525e-05
1.346746746746746837e+01 1.802898543186383287e-05 1.802898543186383287e-05
1.343943943943943964e+01 1.721105379026362009e-05 1.721105379026362009e-05
1.341141141141141091e+01 1.639488972586166654e-05 1.639488972586166654e-05
1.338338338338338396e+01 1.558284335844451279e-05 1.558284335844451279e-05
1.335535535535535523e+01 1.477728375159889378e-05 1.477728375159889378e-05
1.332732732732732828e+01 1.398059944768777194e-05 1.398059944768777194e-05
1.329929929929929955e+01 1.319519901677954065e-05 1.319519901677954065e-05
1.327127127127127082e+01 1.242351161990215917e-05 1.242351161990215917e-05
1.324324324324324387e+01 1.166798758700258758e-05 1.166798758700258758e-05
1.321521521521521514e+01 1.093109901000745204e-05 1.093109901000745204e-05
1.318718718718718641e+01 1.021534035139457399e-05 1.021534035139457399e-05
1.315915915915915946e+01 9.523229068696481025e-06 9.523229068696481025e-06
1.313113113113113073e+01 8.857306255374559049e-06 8.857306255374559049e-06
1.310310310310310378e+01 8.220137298515993690e-06 8.220137298515993690e-06
1.307507507507507505e+01 7.614312553820691279e-06 7.614312553820691279e-06
1.304704704704704632e+01 7.042448038363807100e-06 7.042448038363807100e-06
1.301901901901901937e+01 6.507180511335044160e-06 6.507180511335044160e-06
1.299099099099099064e+01 6.010004617118796552e-06 6.010004617118796552e-06
1.296296296296296369e+01 5.549831598761338048e-06 5.549831598761338048e-06
1.293493493493493496e+01 5.125217347839402877e-06 5.125217347839402877e-06
1.290690690690690623e+01 4.734709770617029869e-06 4.734709770617029869e-06
1.287887887887887928e+01 4.376848489502892982e-06 4.376848489502892982e-06
1.285085085085085055e+01 4.050164540867230768e-06 4.050164540867230768e-06
1.282282282282282360e+01 3.753180069105102317e-06 3.753180069105102317e-06
1.279479479479479487e+01 3.484408016830106589e-06 3.484408016830106589e-06
1.276676676676676614e+01 3.242351811081230749e-06 3.242351811081230749e-06
1.273873873873873919e+01 3.025505045421834759e-06 3.025505045421834759e-06
1.271071071071071046e+01 2.832351157808067674e-06 2.832351157808067674e-06
1.268268268268268173e+01 2.661363104100990931e-06 2.661363104100990931e-06
1.265465465465465478e+01 2.511003027093742666e-06 2.511003027093742666e-06
1.262662662662662605e+01 2.379721920922455044e-06 2.379721920922455044e-06
1.259859859859859910e+01 2.265959290726669898e-06 2.265959290726669898e-06
1.257057057057057037e+01 2.168142807421621240e-06 2.168142807421621240e-06
1.254254254254254164e+01 2.084687957441929662e-06 2.084687957441929662e-06
1.251451451451451469e+01 2.013997687312687171e-06 2.013997687312687171e-06
1.248648648648648596e+01 1.954462042900626246e-06 1.954462042900626246e-06
1.245845845845845901e+01 1.904457803194537494e-06 1.904457803194537494e-06
1.243043043043043028e+01 1.862348108460371476e-06 1.862348108460371476e-06
1.240240240240240155e+01 1.826482082612750850e-06 1.826482082612750850e-06
1.237437437437437460e+01 1.795194449640661061e-06 1.795194449640661061e-06
1.234634634634634587e+01 1.766805143921085954e-06 1.766805143921085954e-06
1.231831831831831892e+01 1.739618914250110447e-06 1.739618914250110447e-06
1.229029029029029019e+01 1.711924921416731902e-06 1.711924921416731902e-06
1.226226226226226146e+01 1.681996329140083657e-06 1.681996329140083657e-06
1.223423423423423451e+01 1.648089888186161854e-06 1.648089888186161854e-06
1.220620620620620578e+01 1.608502557822330497e-06 1.608502557822330497e-06
1.217817817817817883e+01 1.563082874429771217e-06 1.563082874429771217e-06
1.215015015015015010e+01 1.513401874657501710e-06 1.513401874657501710e-06
1.212212212212212137e+01 1.461128167457711488e-06 1.461128167457711488e-06
1.209409409409409442e+01 1.407940112100517958e-06 1.407940112100517958e-06
1.206606606606606569e+01 1.355525988794443445e-06 1.355525988794443445e-06
1.203803803803803874e+01 1.305584171045375672e-06 1.305584171045375672e-06
1.201001001001001001e+01 1.259823299718269451e-06 1.259823299718269451e-06
1.198198198198198128e+01 1.219962458762392276e-06 1.219962458762392276e-06
1.195395395395395433e+01 1.187731352556693230e-06 1.187731352556693230e-06
1.192592592592592560e+01 1.164870484827749961e-06 1.164870484827749961e-06
1.189789789789789864e+01 1.153131339088133027e-06 1.153131339088133027e-06
1.186986986986986992e+01 1.154276560538198592e-06 1.154276560538198592e-06
1.184184184184184119e+01 1.170080139369079447e-06 1.170080139369079447e-06
1.181381381381381424e+01 1.202327595399249778e-06 1.202327595399249778e-06
1.178578578578578551e+01 1.252816163971013129e-06 1.252816163971013129e-06
1.175775775775775855e+01 1.323354983027070510e-06 1.323354983027070510e-06
1.172972972972972983e+01 1.415765281280661838e-06 1.415765281280661838e-06
1.170170170170170110e+01 1.531880567385549091e-06 1.531880567385549091e-06
1.167367367367367414e+01 1.673546820004622847e-06 1.673546820004622847e-06
1.164564564564564542e+01 1.842622678667868583e-06 1.842622678667868583e-06
1.161761761761761846e+01 2.040979635301541137e-06 2.040979635301541137e-06
1.158958958958958974e+01 2.270502226301732549e-06 2.270502226301732549e-06
1.156156156156156101e+01 2.533088225015050399e-06 2.533088225015050399e-06
1.153353353353353405e+01 2.830648834479498110e-06 2.830648834479498110e-06
1.150550550550550533e+01 3.165108713644848023e-06 3.165108713644848023e-06
1.147747747747747837e+01 3.537138952813709226e-06 3.537138952813709226e-06
1.144944944944944965e+01 3.943085976771245886e-06 3.943085976771245886e-06
1.142142142142142092e+01 4.378339065208675684e-06 4.378339065208675684e-06
1.139339339339339396e+01 4.838244476894120021e-06 4.838244476894120021e-06
1.136536536536536524e+01 5.318104407792453910e-06 5.318104407792453910e-06
1.133733733733733828e+01 5.813175924793027823e-06 5.813175924793027823e-06
1.130930930930930955e+01 6.318669874425584022e-06 6.318669874425584022e-06
1.128128128128128083e+01 6.829749765924544948e-06 6.829749765924544948e-06
1.125325325325325387e+01 7.341530627984437958e-06 7.341530627984437958e-06
1.122522522522522515e+01 7.849077838527926225e-06 7.849077838527926225e-06
1.119719719719719819e+01 8.347405926787527624e-06 8.347405926787527624e-06
1.116916916916916946e+01 8.831477346982100657e-06 8.831477346982100657e-06
1.114114114114114074e+01 9.296201222845307138e-06 9.296201222845307138e-06
1.111311311311311378e+01 9.736432062242797881e-06 9.736432062242797881e-06
1.108508508508508505e+01 1.014696844109035955e-05 1.014696844109035955e-05
1.105705705705705810e+01 1.052255165576108062e-05 1.052255165576108062e-05
1.102902902902902937e+01 1.085786434314622137e-05 1.085786434314622137e-05
1.100100100100100065e+01 1.114752906750713735e-05 1.114752906750713735e-05
1.097297297297297192e+01 1.138610687323073005e-05 1.138610687323073005e-05
1.094494494494494496e+01 1.156809580257276543e-05 1.156809580257276543e-05
1.091691691691691801e+01 1.168792937744577702e-05 1.168792937744577702e-05
1.088888888888888928e+01 1.173997504427912439e-05 1.173997504427912439e-05
1.086086086086086056e+01 1.171868789667139501e-05 1.171868789667139501e-05
1.083283283283283183e+01 1.162374037777885740e-05 1.162374037777885740e-05
1.080480480480480487e+01 1.146126924680403025e-05 1.146126924680403025e-05
1.077677677677677615e+01 1.123787980224652789e-05 1.123787980224652789e-05
1.074874874874874919e+01 1.096025887994319864e-05 1.096025887994319864e-05
1.072072072072072046e+01 1.063517719654525387e-05 1.063517719654525387e-05
1.069269269269269174e+01 1.026949175529955611e-05 1.026949175529955611e-05
1.066466466466466478e+01 9.870148316333836108e-06 9.870148316333836108e-06
1.063663663663663606e+01 9.444183933738296139e-06 9.444183933738296139e-06
1.060860860860860910e+01 8.998729561834343442e-06 8.998729561834343442e-06
1.058058058058058037e+01 8.541012733121511503e-06 8.541012733121511503e-06
1.055255255255255165e+01 8.078360310503563459e-06 8.078360310503563459e-06
1.052452452452452469e+01 7.618201316505855144e-06 7.618201316505855144e-06
1.049649649649649596e+01 7.168069842316207252e-06 7.168069842316207252e-06
1.046846846846846901e+01 6.735608039607206137e-06 6.735608039607206137e-06
1.044044044044044028e+01 6.328569198228606707e-06 6.328569198228606707e-06
1.041241241241241156e+01 5.954820912999627396e-06 5.954820912999627396e-06
1.038438438438438460e+01 5.622348342976265363e-06 5.622348342976265363e-06
1.035635635635635587e+01 5.339257566724304099e-06 5.339257566724304099e-06
1.032832832832832892e+01 5.113779037292992233e-06 5.113779037292992233e-06
1.030030030030030019e+01 4.954264539814968887e-06 4.954264539814968887e-06
1.027227227227227146e+01 4.865691689727628071e-06 4.865691689727628071e-06
1.024424424424424451e+01 4.843827724576533280e-06 4.843827724576533280e-06
1.021621621621621578e+01 4.882858977819149501e-06 4.882858977819149501e-06
1.018818818818818883e+01 4.976887125176389038e-06 4.976887125176389038e-06
1.016016016016016010e+01 5.119926561963184028e-06 5.119926561963184028e-06
1.013213213213213137e+01 5.305901698263600369e-06 5.305901698263600369e-06
1.010410410410410442e+01 5.528644168488003651e-06 5.528644168488003651e-06
1.007607607607607569e+01 5.781889951670265789e-06 5.781889951670265789e-06
1.004804804804804874e+01 6.059276398671497957e-06 6.059276398671497957e-06
1.002002002002002001e+01 6.354339162254762794e-06 6.354339162254762794e-06
9.991991991991991284e+00 6.660509025777889681e-06 6.660509025777889681e-06
9.963963963963964332e+00 6.971108626022446165e-06 6.971108626022446165e-06
9.935935935935935603e+00 7.279349065430828400e-06 7.279349065430828400e-06
9.907907907907908651e+00 7.578326408761974757e-06 7.578326408761974757e-06
9.879879879879879923e+00 7.861018058897308443e-06 7.861018058897308443e-06
9.851851851851851194e+00 8.120279006229500472e-06 8.120279006229500472e-06
9.823823823823824242e+00 8.348837945748753737e-06 8.348837945748753737e-06
9.795795795795795513e+00 8.539293255599270216e-06 8.539293255599270216e-06
9.767767767767768561e+00 8.685322035652331496e-06 8.685322035652331496e-06
9.739739739739739832e+00 8.788020784515569028e-06 8.788020784515569028e-06
9.711711711711711104e+00 8.851387658084168379e-06 8.851387658084168379e-06
9.683683683683684151e+00 8.879488432721938709e-06 8.879488432721938709e-06
9.655655655655655423e+00 8.876452739211525549e-06 8.876452739211525549e-06
9.627627627627628470e+00 8.846476063484230116e-06 8.846476063484230116e-06
9.599599599599599742e+00 8.793821821262784184e-06 8.793821821262784184e-06
9.571571571571571013e+00 8.722823510182489535e-06 8.722823510182489535e-06
9.543543543543542285e+00 8.637886943178178979e-06 8.637886943178178979e-06
9.515515515515515332e+00 8.543492567163344647e-06 8.543492567163344647e-06
9.487487487487488380e+00 8.444197871285013016e-06 8.444197871285013016e-06
9.459459459459459651e+00 8.344639889316093079e-06 8.344639889316093079e-06
9.431431431431430923e+00 8.249537801046397681e-06 8.249537801046397681e-06
9.403403403403402194e+00 8.163695637857817822e-06 8.163695637857816128e-06
9.375375375375375242e+00 8.092005098020221485e-06 8.092005098020216402e-06
9.347347347347348290e+00 8.039448477624302287e-06 8.039448477624292123e-06
9.319319319319319561e+00 8.011068642245425055e-06 8.011068642245404726e-06
9.291291291291290833e+00 8.009178370719260997e-06 8.009178370719211869e-06
9.263263263263262104e+00 8.031176517841155934e-06 8.031176517841050902e-06
9.235235235235235152e+00 8.073922240892828734e-06 8.073922240892593259e-06
9.207207207207208199e+00 8.134227540641661693e-06 8.134227540641146697e-06
9.179179179179179471e+00 8.208855939919568428e-06 8.208855939918445263e-06
9.151151151151150742e+00 8.294521126247945744e-06 8.294521126245513065e-06
9.123123123123122014e+00 8.387885557216655569e-06 8.387885557211429376e-06
9.095095095095095061e+00 8.485559027270788215e-06 8.485559027259670061e-06
9.067067067067068109e+00 8.584097194502093487e-06 8.584097194478634062e-06
9.039039039039039380e+00 8.680000065982423151e-06 8.680000065933361308e-06
9.011011011011010652e+00 8.769710440115264076e-06 8.769710440013554054e-06
8.982982982982981923e+00 8.849612304416836452e-06 8.849612304207809049e-06
8.954954954954954971e+00 8.916029187072357738e-06 8.916029186646511924e-06
8.926926926926928019e+00 8.965222460545086767e-06 8.965222459685056946e-06
8.898898898898899290e+00 8.993400207781602782e-06 8.993400206059805029e-06
8.870870870870870561e+00 8.998812034882755248e-06 8.998812031465634604e-06
8.842842842842841833e+00 8.984317811428423360e-06 8.984317804705663465e-06
8.814814814814814881e+00 8.953429483517859024e-06 8.953429470406608928e-06
8.786786786786787928e+00 8.909700366829425951e-06 8.909700341481067149e-06
8.758758758758759200e+00 8.856725129821376574e-06 8.856725081240548968e-06
8.730730730730730471e+00 8.798139677692695418e-06 8.798139585395348827e-06
8.702702702702701743e+00 8.737620923969395941e-06 8.737620750140178116e-06
8.674674674674674790e+00 8.678886435297632191e-06 8.678886110759584252e-06
8.646646646646647838e+00 8.625693933824234389e-06 8.625693333179407205e-06
8.618618618618619109e+00 8.581840640594594870e-06 8.581839538600807035e-06
8.590590590590590381e+00 8.551162442980804324e-06 8.551160438740243509e-06
8.562562562562561652e+00 8.537532869722877938e-06 8.537529256207981561e-06
8.534534534534534700e+00 8.544861859446533693e-06 8.544855401132395086e-06
8.506506506506507748e+00 8.576965425755178623e-06 8.576953983337203650e-06
8.478478478478479019e+00 8.633098557880601855e-06 8.633078461132434540e-06
8.450450450450450290e+00 8.706737627326043539e-06 8.706702637391487763e-06
8.422422422422421562e+00 8.790883940040103363e-06 8.790823549370307930e-06
8.394394394394394610e+00 8.878420202116949628e-06 8.878316876986666327e-06
8.366366366366367657e+00 8.962110884498650218e-06 8.961935637131701878e-06
8.338338338338338929e+00 9.034603792290237599e-06 9.034309142255712863e-06
8.310310310310310200e+00 9.088433375271902376e-06 9.087942274088355369e-06
8.282282282282281471e+00 9.116026550497342604e-06 9.115215131829282027e-06
8.254254254254254519e+00 9.109712135164196357e-06 9.108383124131784868e-06
8.226226226226227567e+00 9.061735438756736701e-06 9.059577585995693105e-06
8.198198198198198838e+00 8.964280175106918068e-06 8.960807015652474104e-06
8.170170170170170110e+00 8.809500671540989458e-06 8.803959043109503240e-06
8.142142142142141381e+00 8.591316367279985036e-06 8.582551205574210965e-06
8.114114114114114429e+00 8.318650101406127538e-06 8.304906757657026244e-06
8.086086086086085700e+00 8.008577077875647025e-06 7.987215420503150255e-06
8.058058058058058748e+00 7.679208858715421649e-06 7.646294327788977547e-06
8.030030030030030019e+00 7.349840745131269161e-06 7.299565900645934547e-06
8.002002002002001291e+00 7.041218779238098486e-06 6.965094303159845076e-06
7.973973973973974338e+00 6.775888871166405309e-06 6.661625083825787164e-06
7.945945945945945610e+00 6.578649927478297856e-06 6.408628419019447667e-06
7.917917917917917769e+00 6.477136516956593381e-06 6.226346446040144416e-06
7.889889889889889929e+00 6.502559984808395443e-06 6.135845259773262879e-06
7.861861861861862089e+00 6.690639557084900835e-06 6.159072252194889328e-06
7.833833833833834248e+00 7.082748295348224065e-06 6.318911640016985182e-06
7.805805805805805520e+00 7.716740578112989726e-06 6.628673822985108494e-06
7.777777777777777679e+00 8.606902293821391860e-06 7.070432728309494218e-06
7.749749749749749839e+00 9.770182754153678014e-06 7.619351130488442205e-06
7.721721721721721998e+00 1.123396030793626325e-05 8.249239920449826703e-06
7.693693693693694158e+00 1.303840997823517950e-05 8.932432566214140932e-06
7.665665665665665429e+00 1.523910146491666302e-05 9.639641544018771025e-06
7.637637637637637589e+00 1.790975309943368621e-05 1.033979314621461528e-05
7.609609609609609748e+00 2.114502750453544152e-05 1.099983616487863195e-05
7.581581581581581908e+00 2.506320917388988619e-05 1.158451876771455933e-05
7.553553553553553179e+00 2.980855493085639703e-05 1.205612632832597668e-05
7.525525525525525339e+00 3.555346408249804703e-05 1.237457670560335063e-05
7.497497497497497498e+00 4.252513934926562358e-05 1.252283748932026202e-05
7.469469469469469658e+00 5.102332626942571810e-05 1.252458066722483111e-05
7.441441441441441818e+00 6.138378333963884648e-05 1.240907351165613085e-05
7.413413413413413089e+00 7.397178628825828561e-05 1.220795240321842955e-05
7.385385385385385248e+00 8.917705294697643730e-05 1.195557795365094768e-05
7.357357357357357408e+00 1.074063454233764066e-04 1.168947517982763623e-05
7.329329329329329568e+00 1.290736320632357372e-04 1.145088663980749117e-05
7.301301301301301727e+00 1.545878421311363659e-04 1.128547785288288140e-05
7.273273273273272999e+00 1.843384366352135363e-04 1.124425130384643846e-05
7.245245245245245158e+00 2.186786517555798807e-04 1.138415738660637860e-05
7.217217217217217318e+00 2.578734724070383356e-04 1.173487467498615166e-05
7.189189189189189477e+00 3.020572791121992257e-04 1.227590002381414884e-05
7.161161161161161637e+00 3.512596135991160489e-04 1.298139221725629434e-05
7.133133133133132908e+00 4.053919687252136072e-04 1.382451367929608515e-05
7.105105105105105068e+00 4.642331139052932772e-04 1.477752201753328612e-05
7.077077077077077227e+00 5.274185553037376555e-04 1.581193352124728461e-05
7.049049049049049387e+00 5.944353615273562661e-04 1.689879023452694071e-05
7.021021021021020658e+00 6.646234124736750438e-04 1.800907137288853247e-05
6.992992992992992818e+00 7.371838503676836915e-04 1.911429739041026820e-05
6.964964964964964977e+00 8.112274367987758368e-04 2.021967954473995448e-05
6.936936936936937137e+00 8.858952531522767439e-04 2.146235398601991487e-05
6.908908908908909297e+00 9.603529944161923312e-04 2.307654696447386300e-05
6.880880880880880568e+00 1.033872197728620502e-03 2.544010834144651875e-05
6.852852852852852727e+00 1.106019793529814527e-03 2.922535772820530271e-05
6.824824824824824887e+00 1.177078253816815244e-03 3.577845286152496788e-05
6.796796796796797047e+00 1.249194654182089054e-03 4.822778909687805421e-05
6.768768768768769206e+00 1.330426325040153001e-03 7.549140193646780496e-05
6.740740740740740478e+00 1.455047487556176966e-03 1.525499972847371114e-04
6.712712712712712637e+00 1.880207581198543344e-03 5.370783029250306238e-04
6.684684684684684797e+00 1.392523810658252009e-03 6.266970459336741739e-02
6.656656656656656956e+00 1.420964146012590728e-03 8.744346001078055677e-04
6.628628628628629116e+00 1.643485449109029998e-03 2.222515625389999167e-04
6.600600600600600387e+00 1.547674495130202431e-03 1.147007398053880484e-04
6.572572572572572547e+00 1.518287645930952714e-03 8.008459275156235306e-05
6.544544544544544706e+00 1.503830864750048315e-03 6.627793242261394852e-05
6.516516516516516866e+00 1.492652467757120275e-03 6.087195467575412712e-05
6.488488488488488137e+00 1.481580601909712963e-03 5.984518937948591629e-05
6.460460460460460297e+00 1.470242722584083140e-03 6.191727694840845782e-05
6.432432432432432456e+00 1.459453649668226429e-03 6.697003369158731183e-05
6.404404404404404616e+00 1.450941512502323862e-03 7.580328232536037518e-05
6.376376376376376776e+00 1.447730260934747487e-03 9.054271320301853583e-05
6.348348348348348047e+00 1.455605881120671874e-03 1.161260183898237002e-04
6.320320320320320207e+00 1.487941416457555076e-03 1.651420568864762819e-04
6.292292292292292366e+00 1.585136524273433488e-03 2.772789779450873207e-04
6.264264264264264526e+00 1.933306902200296112e-03 6.380173044609586692e-04
6.236236236236236685e+00 1.452364621311326431e-03 3.573105731578869564e-03
6.208208208208207957e+00 1.953140203507262168e-03 1.569414889808230448e-02
6.180180180180180116e+00 1.331579682281485702e-03 8.809796102634502839e-04
6.152152152152152276e+00 1.563022215932641191e-03 2.841589798281039195e-04
6.124124124124124435e+00 1.428436819867635529e-03 1.432911992682939304e-04
6.096096096096096595e+00 1.387133026163852581e-03 9.099995657818904266e-05
6.068068068068067866e+00 1.379508854354763144e-03 6.751679725973249791e-05
6.040040040040040026e+00 1.389364771641654573e-03 5.654151980281547533e-05
6.012012012012012185e+00 1.411113946415089608e-03 5.245824132477562454e-05
5.983983983983984345e+00 1.442786609655894716e-03 5.334712980764339668e-05
5.955955955955955616e+00 1.484246730095010536e-03 5.920917043027677925e-05
5.927927927927928664e+00 1.537196099167312821e-03 7.197806453246642807e-05
5.899899899899899935e+00 1.606938711326147970e-03 9.729108360741411065e-05
5.871871871871871207e+00 1.709135784615045759e-03 1.512481874784196560e-04
5.843843843843844255e+00 1.902188047316529787e-03 2.927951103616948715e-04
5.815815815815815526e+00 1.734771427031281833e-03 8.865887102263652437e-04
5.787787787787788574e+00 2.549538374866847264e-03 1.683594101058061288e-02
5.759759759759759845e+00 1.955051073561917593e-03 3.073215201736868331e-03
5.731731731731731116e+00 2.393214995945802670e-03 5.594574700831039197e-04
5.703703703703704164e+00 2.137950180680484036e-03 2.477722721087127311e-04
5.675675675675675436e+00 2.100056385871979653e-03 1.551943760783556234e-04
5.647647647647648483e+00 2.116894063370171764e-03 1.200327528710716838e-04
5.619619619619619755e+00 2.154243277195378760e-03 1.089799269909603259e-04
5.591591591591591026e+00 2.203363737799072554e-03 1.141434400672474076e-04
5.563563563563564074e+00 2.266446639912387921e-03 1.384704378798196371e-04
5.535535535535535345e+00 2.360321887792544635e-03 1.994302493331225686e-04
5.507507507507508393e+00 2.555253534070510858e-03 3.677889167526534144e-04
5.479479479479479664e+00 2.334522140246010451e-03 1.118154039889707315e-03
5.451451451451450936e+00 4.367856820835589425e-03 3.897740215259138524e-02
5.423423423423423984e+00 2.508362977254854822e-03 2.474201627263932727e-03
5.395395395395395255e+00 3.152011342655666997e-03 9.261445991100969834e-04
5.367367367367368303e+00 2.442186675974970713e-03 1.485930912222434841e-01
5.339339339339339574e+00 2.842930847663263389e-03 6.370155527987916583e-04
5.311311311311310845e+00 2.403394476810925915e-03 2.157098867921221472e-04
5.283283283283283893e+00 2.300178724119487407e-03 1.352544392469691903e-04
5.255255255255255165e+00 2.248472808451459914e-03 1.099533945257948417e-04
5.227227227227226436e+00 2.215433722939808003e-03 1.059702460305665965e-04
5.199199199199199484e+00 2.196414714009024913e-03 1.175676305944929313e-04
5.171171171171170755e+00 2.197708794405948182e-03 1.498604154769398854e-04
5.143143143143143803e+00 2.242746602426591140e-03 2.250212807468153346e-04
5.115115115115115074e+00 2.418299635602216748e-03 4.284901450693253799e-04
5.087087087087086346e+00 2.077174887765775163e-03 1.289004296241113949e-03
5.059059059059059393e+00 3.400167201732332174e-03 2.331497971778801262e-02
5.031031031031030665e+00 2.261004610775625874e-03 4.816535577817603053e-03
5.003003003003003712e+00 2.797913457135271873e-03 8.687964115135305213e-04
4.974974974974974984e+00 2.316819884980750050e-03 3.824407852687627257e-04
4.946946946946946255e+00 2.184581920036547491e-03 2.335635273195109732e-04
4.918918918918919303e+00 2.151648914079956620e-03 1.709955185056829001e-04
4.890890890890890574e+00 2.166314143348373883e-03 1.414387742183476320e-04
4.862862862862863622e+00 2.213768582503470445e-03 1.285494764018277282e-04
4.834834834834834894e+00 2.290493347758507103e-03 1.273627355638356216e-04
4.806806806806806165e+00 2.398801663887721591e-03 1.388686169889207552e-04
4.778778778778779213e+00 2.547961340205951580e-03 1.711687993971197327e-04
4.750750750750750484e+00 2.768416900824321493e-03 2.537312202601098342e-04
4.722722722722723532e+00 3.204065091938526968e-03 5.296946017263947726e-04
4.694694694694694803e+00 3.188439370911937392e-03 2.905592665889884275e-03
4.666666666666666075e+00 4.019451918972791367e-03 1.076841760133743359e-02
4.638638638638639122e+00 3.790386515973496323e-03 1.177001045040760837e-03
4.610610610610610394e+00 5.831415423581996250e-03 2.294012780429760534e-03
4.582582582582583441e+00 8.154107804788843922e-03 5.640160766274793930e-02
4.554554554554554713e+00 5.432974205229879235e-03 1.332413834701414715e-03
4.526526526526525984e+00 4.946434040275668638e-03 5.338743339338200946e-04
4.498498498498499032e+00 5.127801609813746782e-03 3.844715567104170224e-04
4.470470470470470303e+00 5.490052044911846417e-03 3.984914919501149257e-04
4.442442442442443351e+00 6.081783058791956006e-03 6.259242266580066329e-04
4.414414414414414622e+00 6.187745991853343085e-03 2.335121732372818972e-03
4.386386386386385894e+00 1.024988934783804644e-02 4.785176406737421534e-02
4.358358358358358942e+00 6.977792992297320723e-03 1.354065580015188005e-03
4.330330330330330213e+00 7.755343856127754239e-03 7.086598818175695322e-04
4.302302302302303261e+00 8.329093876106643049e-03 8.567498802407290132e-04
4.274274274274274532e+00 8.267085932042469651e-03 2.144793367403684172e-03
4.246246246246245803e+00 1.256961961377707493e-02 4.709822611157055833e-02
4.218218218218218851e+00 9.472053375241392889e-03 5.869015860727716527e-03
4.190190190190190123e+00 1.054708773287719482e-02 1.265121969444513508e-03
4.162162162162161394e+00 1.046092443536386467e-02 6.924764753960165270e-04
4.134134134134134442e+00 1.087856111880223381e-02 6.036074960444820026e-04
4.106106106106105713e+00 1.164744377103790578e-02 8.405432920817533342e-04
4.078078078078078761e+00 1.164701254992197600e-02 2.939114149651846520e-03
4.050050050050050032e+00 1.225645554602019030e-02 5.404143229264399273e-02
4.022022022022021304e+00 1.295772518628932057e-02 1.639488478467137581e-03
3.993993993993994351e+00 1.419774644034490704e-02 8.421178203433067134e-04
3.965965965965965623e+00 1.514797457772977356e-02 9.915990273267783362e-04
3.937937937937938671e+00 1.550064234019023039e-02 2.943669986263837846e-03
3.909909909909909942e+00 1.663895167119743349e-02 2.195621486591476934e-01
3.881881881881881213e+00 2.011509097273829483e-02 2.902032868999298004e-03
3.853853853853854261e+00 1.989012721250650595e-02 6.003026515889728354e-03
3.825825825825825532e+00 2.268329595961435241e-02 2.007212952192992395e-02
3.797797797797798580e+00 2.242157897021641172e-02 1.874506688676722595e-03
3.769769769769769852e+00 2.477322220116551926e-02 1.126929619456526260e-03
3.741741741741741123e+00 2.710342787646373430e-02 1.259698825387484122e-03
3.713713713713714171e+00 3.071098663477024246e-02 2.382141785384475716e-03
3.685685685685685442e+00 3.315186200118633991e-02 1.301245161458971893e-02
3.657657657657658490e+00 4.049698180005349007e-02 4.772088457541829448e-02
3.629629629629629761e+00 3.906899674241798293e-02 4.198303208817421271e-03
3.601601601601601033e+00 4.435072124845590436e-02 2.759718442332533862e-03
3.573573573573574080e+00 4.700667821169080690e-02 5.093506502941104810e-03
3.545545545545545352e+00 5.137213520465784555e-02 9.023982479502418164e-02
3.517517517517518399e+00 5.733979582925666924e-02 2.151960697242824572e-02
3.489489489489489671e+00 6.470307655597859475e-02 6.662327427953499033e-03
3.461461461461460942e+00 6.962759100454135597e-02 3.171226458292418851e-03
3.433433433433433990e+00 7.658034472227817635e-02 4.102871748146847547e-03
3.405405405405405261e+00 8.034129964868128027e-02 1.550800909470338544e-02
3.377377377377378309e+00 8.745503138773855212e-02 1.499181675994307461e-01
3.349349349349349581e+00 9.352874270503135079e-02 1.111205131016235713e-02
3.321321321321320852e+00 1.032470382124901914e-01 3.346711787016511952e-01
3.293293293293293900e+00 1.137677619339357710e-01 1.413124922109588837e-02
3.265265265265265171e+00 1.164901143375459969e-01 9.117258882504499784e-01
3.237237237237238219e+00 1.280116110365148996e-01 7.794448639224345159e-03
3.209209209209209490e+00 1.316059875197821416e-01 4.377472660400599097e-03
3.181181181181180762e+00 1.386002737612128111e-01 4.468886246096787085e-03
3.153153153153153809e+00 1.471705584469418793e-01 6.290175646303517061e-03
3.125125125125125081e+00 1.602209743738135517e-01 1.278569596624456496e-02
3.097097097097096352e+00 1.557114896220604672e-01 5.219555995021060019e-02
3.069069069069069400e+00 1.621671599575775224e-01 4.505207751120943627e+00
3.041041041041040671e+00 2.141225290442948515e-01 4.850670049224465458e-02
3.013013013013013719e+00 1.887055879944317394e-01 1.760613120325714778e-02
2.984984984984984990e+00 1.867369063879387725e-01 1.588535257299405687e-02
2.956956956956956262e+00 1.913589460048068236e-01 9.338523803841812521e-02
2.928928928928929309e+00 2.001170476795645081e-01 3.891945054949083604e-02
2.900900900900900581e+00 1.983605380998838819e-01 3.742465416022891511e-02
2.872872872872873629e+00 1.998016736745100996e-01 2.284420400205078583e-01
2.844844844844844900e+00 2.030465790691959593e-01 3.989383975672797233e-01
2.816816816816816171e+00 2.071873142351711716e-01 5.039466367794834950e-02
2.788788788788789219e+00 2.289959086855080372e-01 2.736196429867839355e-02
2.760760760760760490e+00 2.333141229260479454e-01 2.998457328653473739e-02
2.732732732732733538e+00 2.263261017911666062e-01 9.239978284138442022e-02
2.704704704704704810e+00 2.274069838784719411e-01 3.205134803480190198e-01
2.676676676676676081e+00 2.227818218160403096e-01 2.967908643430874349e-01
2.648648648648649129e+00 2.416850548643634244e-01 6.375590218592990244e-01
2.620620620620620400e+00 2.775365246459620683e-01 1.332871479007941840e-01
2.592592592592593448e+00 2.425143478556132937e-01 3.411428669689457460e-01
2.564564564564564719e+00 2.278421620969468542e-01 8.586267937294453922e-01
2.536536536536535991e+00 2.410019893694247961e-01 4.025927356601369800e-01
2.508508508508509038e+00 2.622793678842064713e-01 2.914375300212236897e-01
2.480480480480480310e+00 2.055279480654776669e-01 7.240868643829272422e-01
2.452452452452453358e+00 2.019129288583726978e-01 8.820917899129077089e-01
2.424424424424424629e+00 2.050966249015920562e-01 4.019380518348499853e-01
2.396396396396395900e+00 2.237080785748236100e-01 1.230326338072238734e-01
2.368368368368368948e+00 2.120473110694481023e-01 6.560300181627749805e-02
2.340340340340340219e+00 1.813128428965852801e-01 4.418281377415693434e-02
2.312312312312313267e+00 1.611452038484531835e-01 3.360784536221352037e-02
2.284284284284284539e+00 1.453055297747148089e-01 2.751246901243210169e-02
2.256256256256255810e+00 1.316174953761671262e-01 2.359397809998692655e-02
2.228228228228228858e+00 1.192695273085598168e-01 2.091872576230191863e-02
2.200200200200200129e+00 1.079937678632765380e-01 1.910467558166838165e-02
2.172172172172171400e+00 9.756406548535445644e-02 1.782247649038080570e-02
2.144144144144144448e+00 8.785701478373178497e-02 1.685896127895869165e-02
2.116116116116115720e+00 7.891144477541774116e-02 1.617838988195300851e-02
2.088088088088088767e+00 7.070152969431743595e-02 1.569658119924576337e-02
2.060060060060060039e+00 6.318207301650324847e-02 1.532649826470428196e-02
2.032032032032031310e+00 5.640917174983212101e-02 1.509854742016375657e-02
2.004004004004004358e+00 5.036678730466236792e-02 1.498620330088185244e-02
1.975975975975975629e+00 4.498163611017032965e-02 1.491948115681498294e-02
1.947947947947948677e+00 4.030598171087008269e-02 1.496595990258012612e-02
1.919919919919919948e+00 3.622045085099361017e-02 1.503160404155058465e-02
1.891891891891891220e+00 3.273796438570612810e-02 1.516259654523444654e-02
1.863863863863864268e+00 2.980305051278342443e-02 1.534256011504216838e-02
1.835835835835835539e+00 2.735269615510141014e-02 1.555141615287851040e-02
1.807807807807808587e+00 2.533605893742399764e-02 1.578327772415460961e-02
1.779779779779779858e+00 2.371206089989851343e-02 1.604245047833321655e-02
1.751751751751751129e+00 2.244514965507218504e-02 1.633785933617279418e-02
1.723723723723724177e+00 2.146296413204542078e-02 1.663965112213543554e-02
1.695695695695695449e+00 2.073887656820772377e-02 1.696094141627424792e-02
1.667667667667668496e+00 2.022762028839533016e-02 1.729289861997407654e-02
1.639639639639639768e+00 1.989417893432067833e-02 1.763331471183710031e-02
1.611611611611611039e+00 1.970996633443955828e-02 1.798265952063754849e-02
1.583583583583584087e+00 1.963381220244329525e-02 1.832509832982775685e-02
1.555555555555555358e+00 1.966299537951871762e-02 1.867967884239414914e-02
1.527527527527528406e+00 1.975689308404940045e-02 1.902422210366844571e-02
1.499499499499499677e+00 1.990215402994302205e-02 1.936079473519383351e-02
1.471471471471470949e+00 2.009090908123039448e-02 1.969424996364137898e-02
1.443443443443443996e+00 2.030663254915119828e-02 2.001842915075050314e-02
1.415415415415415268e+00 2.053236710574840584e-02 2.032472022175873735e-02
1.387387387387388316e+00 2.076464434375356952e-02 2.061629299097189616e-02
1.359359359359359587e+00 2.100143944579795433e-02 2.089634186516708958e-02
1.331331331331330858e+00 2.123138672325998802e-02 2.115755812817450218e-02
1.303303303303303906e+00 2.144784317810334573e-02 2.139641715571380387e-02
1.275275275275275177e+00 2.165076996198180351e-02 2.161525072173569109e-02
1.247247247247248225e+00 2.183932594289702059e-02 2.181500037769736056e-02
1.219219219219219497e+00 2.200490514356766639e-02 2.198838639834959502e-02
1.191191191191190768e+00 2.215121925590182034e-02 2.214009675438102787e-02
1.163163163163163816e+00 2.226450561928458582e-02 2.225707994652400407e-02
1.135135135135135087e+00 2.235617841656026283e-02 2.235126284749408554e-02
1.107107107107106359e+00 2.242248103746787014e-02 2.241925467361228358e-02
1.079079079079079406e+00 2.245346948271052454e-02 2.245136981080486649e-02
1.051051051051050678e+00 2.245270128577354918e-02 2.245134645451128327e-02
1.023023023023023725e+00 2.241799523264784849e-02 2.241712844662679602e-02
9.949949949949949968e-01 2.233736894628175762e-02 2.233681911575073273e-02
9.669669669669662682e-01 2.222141154669213248e-02 2.222106573990196426e-02
9.389389389389393159e-01 2.205299941729308225e-02 2.205278378021452435e-02
9.109109109109105873e-01 2.184187076970808827e-02 2.184173744941543885e-02
8.828828828828836350e-01 2.157766844272623538e-02 2.157758671871014972e-02
8.548548548548549064e-01 2.124870266063455526e-02 2.124865299207350997e-02
8.268268268268261778e-01 2.085847954406165952e-02 2.085844961522860530e-02
7.987987987987992256e-01 2.039705455158013006e-02 2.039703667138361917e-02
7.707707707707704969e-01 1.985908592684006158e-02 1.985907533607987607e-02
7.427427427427435447e-01 1.924282523511499504e-02 1.924281901565843417e-02
7.147147147147148161e-01 1.853547256149563893e-02 1.853546894034672696e-02
6.866866866866860875e-01 1.773217438581122657e-02 1.773217229551796170e-02
6.586586586586591352e-01 1.684083367268644077e-02 1.684083247640528677e-02
6.306306306306304066e-01 1.585391113013947043e-02 1.585391045136910759e-02
6.026026026026034543e-01 1.477708601971959926e-02 1.477708563788569969e-02
5.745745745745747257e-01 1.362871284256100997e-02 1.362871262960663014e-02
5.465465465465459971e-01 1.241550231458687925e-02 1.241550219683774763e-02
5.185185185185190448e-01 1.116754530084721961e-02 1.116754523629867601e-02
4.904904904904903162e-01 9.912279586204128176e-03 9.912279551123172674e-03
4.624624624624633640e-01 8.678318020190487272e-03 8.678318001288331390e-03
4.344344344344346354e-01 7.502136548675776215e-03 7.502136538578483421e-03
4.064064064064059068e-01 6.408541520836370797e-03 6.408541515488868842e-03
3.783783783783789545e-01 5.414964557176244787e-03 5.414964554368561014e-03
3.503503503503502259e-01 4.540086442003610397e-03 4.540086440542121481e-03
3.223223223223232736e-01 3.784728002105129229e-03 3.784728001350919167e-03
2.942942942942945450e-01 3.148650019639139506e-03 3.148650019253273688e-03
2.662662662662658164e-01 2.619276175024690730e-03 2.619276174828974457e-03
2.382382382382388641e-01 2.190426791654280850e-03 2.190426791555864783e-03
2.102102102102101355e-01 1.847492571568154843e-03 1.847492571519092526e-03
1.821821821821831833e-01 1.575367483670662809e-03 1.575367483646413977e-03
1.541541541541544547e-01 1.364262128689497627e-03 1.364262128677614337e-03
1.261261261261257260e-01 1.204565455927363677e-03 1.204565455921586831e-03
9.809809809809877379e-02 1.085191830570308167e-03 1.085191830567516129e-03
7.007007007007004518e-02 1.002643428350146046e-03 1.002643428348790359e-03
4.204204204204131656e-02 9.494064779745746028e-04 9.494064779738835324e-04
1.401401401401436431e-02 9.226276314813704237e-04 9.226276314809389112e-04
-1.401401401401436431e-02 9.242257575163814179e-04 9.242257575159501222e-04
-4.204204204204131656e-02 9.499611094458962823e-04 9.499611094452057539e-04
-7.007007007007004518e-02 1.002406132054700031e-03 1.002406132053345863e-03
-9.809809809809877379e-02 1.085345874661595685e-03 1.085345874658806033e-03
-1.261261261261257260e-01 1.203377371159121282e-03 1.203377371153349857e-03
-1.541541541541544547e-01 1.364601865647041470e-03 1.364601865635169022e-03
-1.821821821821814069e-01 1.576726394168715328e-03 1.576726394144488397e-03
-2.102102102102101355e-01 1.847731010531316730e-03 1.847731010482298649e-03
-2.382382382382388641e-01 2.190047503330929540e-03 2.190047503232601944e-03
-2.662662662662658164e-01 2.620868596028955947e-03 2.620868595833413146e-03
-2.942942942942945450e-01 3.146137515096035942e-03 3.146137514710508395e-03
-3.223223223223214973e-01 3.785464277529110473e-03 3.785464276775554401e-03
-3.503503503503502259e-01 4.540560790283118368e-03 4.540560788822881055e-03
-3.783783783783789545e-01 5.415805395130935881e-03 5.415805392325628680e-03
-4.064064064064059068e-01 6.408794305307516023e-03 6.408794299964487920e-03
-4.344344344344346354e-01 7.502990660361947596e-03 7.502990650273002292e-03
-4.624624624624615876e-01 8.679598890108263312e-03 8.679598871221544734e-03
-4.904904904904903162e-01 9.911492114568975012e-03 9.911492079516324993e-03
-5.185185185185190448e-01 1.116440943162704848e-02 1.116440936712996199e-02
-5.465465465465459971e-01 1.241413827189547826e-02 1.241413815423907802e-02
-5.745745745745747257e-01 1.362568692852257971e-02 1.362568671573386597e-02
-6.026026026026016780e-01 1.477796722382686452e-02 1.477796684228640731e-02
-6.306306306306304066e-01 1.585180408253878889e-02 1.585180340428371526e-02
-6.586586586586591352e-01 1.683992001401673003e-02 1.683991881863267787e-02
-6.866866866866860875e-01 1.773267735745718415e-02 1.773267526871236122e-02
-7.147147147147148161e-01 1.853230485023965243e-02 1.853230123174059302e-02
-7.427427427427417683e-01 1.924267730203938626e-02 1.924267108707887475e-02
-7.707707707707704969e-01 1.986218623959790444e-02 1.986217565640132493e-02
-7.987987987987992256e-01 2.039931382489410666e-02 2.039929595731379552e-02
-8.268268268268261778e-01 2.085814598835535397e-02 2.085811608038837597e-02
-8.548548548548549064e-01 2.124966476002756663e-02 2.124961512568650582e-02
-8.828828828828836350e-01 2.157446213952566097e-02 2.157438047115912277e-02
-9.109109109109105873e-01 2.184309034532150307e-02 2.184295711477279509e-02
-9.389389389389393159e-01 2.205533193930169292e-02 2.205511644574965902e-02
-9.669669669669662682e-01 2.221964208395045895e-02 2.221929650481060600e-02
-9.949949949949949968e-01 2.233664699269247503e-02 2.233609752029375520e-02
-1.023023023023023725e+00 2.241473185411563956e-02 2.241386562694185763e-02
-1.051051051051050678e+00 2.245026724603659332e-02 2.244891327985907431e-02
-1.079079079079079406e+00 2.245152357170592319e-02 2.244942522838390409e-02
-1.107107107107106359e+00 2.242132790966833503e-02 2.241810357042269691e-02
-1.135135135135135087e+00 2.235915817651752333e-02 2.235424566929969728e-02
-1.163163163163163816e+00 2.226898557642816023e-02 2.226156449982855112e-02
-1.191191191191190768e+00 2.214918222566180858e-02 2.213806657380127177e-02
-1.219219219219219497e+00 2.200285699261407546e-02 2.198634838449342946e-02
-1.247247247247246449e+00 2.183980004731229593e-02 2.181548938447343614e-02
-1.275275275275275177e+00 2.165058542289211019e-02 2.161508795166907498e-02
-1.303303303303303906e+00 2.144592450573030995e-02 2.139453009388429111e-02
-1.331331331331330858e+00 2.122847342814227628e-02 2.115469048122642012e-02
-1.359359359359359587e+00 2.099936184728263752e-02 2.089432985480551772e-02
-1.387387387387386539e+00 2.076334052513490944e-02 2.061508298746949491e-02
-1.415415415415415268e+00 2.053182113089893970e-02 2.032430791287202429e-02
-1.443443443443443996e+00 2.030202214155159626e-02 2.001400856282683702e-02
-1.471471471471470949e+00 2.008663813936862816e-02 1.969024787563948553e-02
-1.499499499499499677e+00 1.990193446323554327e-02 1.936095520930387545e-02
-1.527527527527526630e+00 1.975517455290202659e-02 1.902304005887656135e-02
-1.555555555555555358e+00 1.966190894308102871e-02 1.867934916205237286e-02
-1.583583583583584087e+00 1.964075482567999645e-02 1.833310814306027617e-02
-1.611611611611611039e+00 1.970984659595442084e-02 1.798404496177530981e-02
-1.639639639639639768e+00 1.989008208204546407e-02 1.763134163793024164e-02
-1.667667667667666720e+00 2.022253006498760455e-02 1.729080653255445077e-02
-1.695695695695695449e+00 2.073750009779682865e-02 1.696379934476283449e-02
-1.723723723723724177e+00 2.145208182258574389e-02 1.663475071116113368e-02
-1.751751751751751129e+00 2.243337724850737180e-02 1.633453659056612398e-02
-1.779779779779779858e+00 2.370811735217769750e-02 1.605043544090823532e-02
-1.807807807807806810e+00 2.532741969581113819e-02 1.579145877406288104e-02
-1.835835835835835539e+00 2.731913037448405537e-02 1.554152637188477119e-02
-1.863863863863864268e+00 2.976647802638879986e-02 1.533923246446220259e-02
-1.891891891891891220e+00 3.270544100419339045e-02 1.517660955746758140e-02
-1.919919919919919948e+00 3.615349865196253870e-02 1.502955010168969749e-02
-1.947947947947948677e+00 4.020769159890706657e-02 1.495778102219942271e-02
-1.975975975975975629e+00 4.487725574942584561e-02 1.493960487629669015e-02
-2.004004004004002581e+00 5.020787181705225338e-02 1.499837697055337107e-02
-2.032032032032031310e+00 5.618543737755658796e-02 1.510853228220020508e-02
-2.060060060060060039e+00 6.288054339257415082e-02 1.534223317744138650e-02
-2.088088088088088767e+00 7.025762597689511058e-02 1.568048455527540352e-02
-2.116116116116117496e+00 7.834076839959927541e-02 1.618056048226568927e-02
-2.144144144144142672e+00 8.710155773242482524e-02 1.686501691568562458e-02
-2.172172172172171400e+00 9.653758548734704681e-02 1.780076006162796542e-02
-2.200200200200200129e+00 1.067268141512358604e-01 1.915329181584398896e-02
-2.228228228228228858e+00 1.176196867459555762e-01 2.097793727172773265e-02
-2.256256256256257586e+00 1.294026435291108779e-01 2.358168243800583611e-02
-2.284284284284282762e+00 1.424753914831572155e-01 2.749797396851297315e-02
-2.312312312312311491e+00 1.576254404277341592e-01 3.365804640395023833e-02
-2.340340340340340219e+00 1.769153699372590371e-01 4.427433859539394584e-02
-2.368368368368368948e+00 2.066485338850109765e-01 6.580184642559469554e-02
-2.396396396396397677e+00 2.168075883164457818e-01 1.230246418735625874e-01
-2.424424424424422853e+00 1.965968738857103437e-01 4.013170795521679990e-01
-2.452452452452451581e+00 1.916462749311369784e-01 8.822674625862473308e-01
-2.480480480480480310e+00 1.930799898002852899e-01 7.244936741930614321e-01
-2.508508508508509038e+00 2.471285711734306778e-01 2.905340026010528320e-01
-2.536536536536537767e+00 2.232617134021894767e-01 4.024120990918638174e-01
-2.564564564564562943e+00 2.071259976319249352e-01 8.584533943118900501e-01
-2.592592592592591672e+00 2.182712015929136051e-01 3.402770889223228346e-01
-2.620620620620620400e+00 2.493233298961995692e-01 1.327773796239509196e-01
-2.648648648648649129e+00 2.098420881731843379e-01 6.351586013389474150e-01
-2.676676676676677857e+00 1.867680560916376853e-01 2.979408652538983460e-01
-2.704704704704703033e+00 1.869065970389228171e-01 3.215265990588379585e-01
-2.732732732732731762e+00 1.811457171526990040e-01 9.290952264888611978e-02
-2.760760760760760490e+00 1.833711213299612230e-01 3.011719466871655773e-02
-2.788788788788789219e+00 1.741221819125603476e-01 2.736578242144675072e-02
-2.816816816816817948e+00 1.476040876492842047e-01 5.056493694583476251e-02
-2.844844844844843124e+00 1.388899139796158644e-01 3.993167342461736435e-01
-2.872872872872871852e+00 1.312023731815941396e-01 2.277705288816355700e-01
-2.900900900900900581e+00 1.256863533174447656e-01 3.692574248519349400e-02
-2.928928928928929309e+00 1.240119879453284168e-01 3.896127712412115335e-02
-2.956956956956958038e+00 1.122227831637500339e-01 9.369833972191764226e-02
-2.984984984984983214e+00 1.050070365689211443e-01 1.573591367836058713e-02
-3.013013013013011943e+00 1.050451592818557600e-01 1.737521967898873754e-02
-3.041041041041040671e+00 1.292107750127489962e-01 4.812613605938308864e-02
-3.069069069069069400e+00 7.724551727180239968e-02 4.564687736672933482e+00
-3.097097097097098128e+00 1.212872862766020549e-01 5.206164128247815770e-02
-3.125125125125123304e+00 7.693082488801347707e-02 1.293386720786359086e-02
-3.153153153153152033e+00 6.560379274758923462e-02 6.362526452352547206e-03
-3.181181181181180762e+00 5.937881456267212615e-02 4.431534250002917667e-03
-3.209209209209209490e+00 5.538767532835724844e-02 4.294075752559354739e-03
-3.237237237237238219e+00 5.538805325176652389e-02 7.737170951765395474e-03
-3.265265265265263395e+00 4.793705067868116870e-02 9.233818783051505052e-01
-3.293293293293292123e+00 4.952474536476884209e-02 1.409878051892851647e-02
-3.321321321321320852e+00 4.359582099744619549e-02 3.299233648301707067e-01
-3.349349349349349581e+00 3.865732606777572827e-02 1.112810816842914503e-02
-3.377377377377378309e+00 3.741918884331860845e-02 1.525815251498972291e-01
-3.405405405405403485e+00 3.508831082382902339e-02 1.570662878990581809e-02
-3.433433433433432214e+00 3.603229413009438609e-02 4.144653451668874923e-03
-3.461461461461460942e+00 3.358921226615405736e-02 3.203073225792931952e-03
-3.489489489489489671e+00 3.298941480139394589e-02 6.765384256776157783e-03
-3.517517517517518399e+00 2.962901339204901396e-02 2.192395898921624051e-02
-3.545545545545547128e+00 2.737768201170360724e-02 9.174415266475682840e-02
-3.573573573573572304e+00 2.642786660384845512e-02 5.173922431230312813e-03
-3.601601601601601033e+00 2.687692300810949272e-02 2.799039137678047476e-03
-3.629629629629629761e+00 2.433251625601557180e-02 4.260136902275391858e-03
-3.657657657657658490e+00 2.829994045677713260e-02 4.869600865052729072e-02
-3.685685685685687218e+00 2.301672835738438616e-02 1.338956591179612035e-02
-3.713713713713712394e+00 2.244177403976867213e-02 2.468868100984576534e-03
-3.741741741741741123e+00 2.036718240291993109e-02 1.304513697400548969e-03
-3.769769769769769852e+00 1.935889384266690355e-02 1.158354125684481380e-03
-3.797797797797798580e+00 1.811135269320423430e-02 1.907192776115241998e-03
-3.825825825825827309e+00 1.931602257244196402e-02 2.021867562563916046e-02
-3.853853853853852485e+00 1.728581243341815316e-02 6.052175257719802012e-03
-3.881881881881881213e+00 1.813976105238497213e-02 2.904715091812981684e-03
-3.909909909909909942e+00 1.517960793467621784e-02 2.168844202769994178e-01
-3.937937937937938671e+00 1.446734386310530134e-02 2.915392041844274296e-03
-3.965965965965967399e+00 1.446206250533394778e-02 9.823867385960628057e-04
-3.993993993993992575e+00 1.381034694890227212e-02 8.406202397430985679e-04
-4.022022022022021304e+00 1.281659309121382928e-02 1.645905024808956996e-03
-4.050050050050050032e+00 1.232160453630885485e-02 5.383995436738693574e-02
-4.078078078078078761e+00 1.188837693640117966e-02 2.882495256590881464e-03
-4.106106106106107489e+00 1.202493722669050087e-02 8.097193505587316513e-04
-4.134134134134132665e+00 1.141165916817033638e-02 5.799410167807872050e-04
-4.162162162162161394e+00 1.114404172806991028e-02 6.794604882281012883e-04
-4.190190190190190123e+00 1.139629396949016528e-02 1.284849483667298503e-03
-4.218218218218218851e+00 1.046379216622722076e-02 6.165784671418424005e-03
-4.246246246246247580e+00 1.392768144920161592e-02 5.008892630539484719e-02
-4.274274274274272756e+00 9.500337574644485833e-03 2.289186446993196709e-03
-4.302302302302301484e+00 9.706510191439596605e-03 9.056680929206305979e-04
-4.330330330330330213e+00 9.231292941768717147e-03 7.401363024812564759e-04
-4.358358358358358942e+00 8.543991656373374835e-03 1.396927629456175398e-03
-4.386386386386387670e+00 1.192923963599356284e-02 4.806963793349677133e-02
-4.414414414414412846e+00 7.937996823847631722e-03 2.318587000258147662e-03
-4.442442442442441575e+00 7.890046746012631396e-03 5.966317528638270806e-04
-4.470470470470470303e+00 7.364622005949872027e-03 3.632870782744948568e-04
-4.498498498498499032e+00 7.050738709042141811e-03 3.390189437726141082e-04
-4.526526526526527761e+00 6.891260587616845554e-03 4.665606645363621144e-04
-4.554554554554552936e+00 6.387571742928343718e-03 1.189875170123117810e-03
-4.582582582582581665e+00 9.981129830955592572e-03 5.349690043859613164e-02
-4.610610610610610394e+00 6.051378867760767374e-03 2.254733719318874081e-03
-4.638638638638639122e+00 5.841796196333026020e-03 1.242864847118651693e-03
-4.666666666666667851e+00 6.130959909023890077e-03 1.219231142769442236e-02
-4.694694694694693027e+00 5.181985755428834134e-03 3.413317377592545252e-03
-4.722722722722721755e+00 5.181454522887631031e-03 6.398823285991953090e-04
-4.750750750750750484e+00 4.607173277956561411e-03 3.045911842110573761e-04
-4.778778778778779213e+00 4.271254200820975670e-03 1.967190260931831814e-04
-4.806806806806807941e+00 4.007693695848399407e-03 1.492430763799121004e-04
-4.834834834834833117e+00 3.782757476451007426e-03 1.275637283025608901e-04
-4.862862862862861846e+00 3.587726737639826673e-03 1.222855000226541402e-04
-4.890890890890890574e+00 3.422875491676421068e-03 1.332192384528195961e-04
-4.918918918918919303e+00 3.294355609491949645e-03 1.662812695918987208e-04
-4.946946946946948032e+00 3.220895492493792804e-03 2.401953689088164859e-04
-4.974974974974973208e+00 3.266077465978347964e-03 4.187633311774913028e-04
-5.003003003003001936e+00 3.730980339445163010e-03 1.003491892225109134e-03
-5.031031031031030665e+00 3.011528218600355994e-03 5.749434525804224261e-03
-5.059059059059059393e+00 4.271810260422149140e-03 2.803438244011169020e-02
-5.087087087087088122e+00 2.576680729872350955e-03 1.562283331128534129e-03
-5.115115115115113298e+00 2.890329424448562744e-03 5.209995749658162404e-04
-5.143143143143142026e+00 2.582306473202499245e-03 2.769015547757881584e-04
-5.171171171171170755e+00 2.438513862708662546e-03 1.889062951917756426e-04
-5.199199199199199484e+00 2.352610612872883724e-03 1.517764873305721960e-04
-5.227227227227228212e+00 2.296075810376386507e-03 1.380810662943345458e-04
-5.255255255255253388e+00 2.260704093708067880e-03 1.406711532433888262e-04
-5.283283283283282117e+00 2.249406947363273134e-03 1.634650343467364004e-04
-5.311311311311310845e+00 2.291410792959470890e-03 2.366327924477698054e-04
-5.339339339339339574e+00 2.644505030563065653e-03 6.188332905227557574e-04
-5.367367367367368303e+00 2.191030202455015053e-03 1.462679034066696193e-01
-5.395395395395393479e+00 2.689032382315169594e-03 7.184540769842515367e-04
-5.423423423423422207e+00 2.145203787530293189e-03 1.766312952346036150e-03
-5.451451451451450936e+00 3.454328850340150289e-03 2.799454465857613428e-02
-5.479479479479479664e+00 1.977317368484127463e-03 8.067006250139746419e-04
-5.507507507507508393e+00 2.136232761577976525e-03 2.793519919787799911e-04
-5.535535535535537122e+00 1.987119715107477005e-03 1.615169465634280928e-04
-5.563563563563562298e+00 1.912044459453538046e-03 1.191637193975554940e-04
-5.591591591591591026e+00 1.861229043219837700e-03 1.024847739714215020e-04
-5.619619619619619755e+00 1.822909723612767957e-03 9.959174364679407548e-05
-5.647647647647648483e+00 1.796582329136367810e-03 1.097693850725053074e-04
-5.675675675675677212e+00 1.790436630015482342e-03 1.409206367034430876e-04
-5.703703703703702388e+00 1.835637953350538910e-03 2.238607129814356518e-04
-5.731731731731731116e+00 2.083462648976003046e-03 5.094664071464348161e-04
-5.759759759759759845e+00 1.704246097182912948e-03 2.891333278270599976e-03
-5.787787787787788574e+00 2.303581293644862190e-03 1.639222200060689444e-02
-5.815815815815817302e+00 1.536220899679686469e-03 9.294995118638805717e-04
-5.843843843843842478e+00 1.759518784358465827e-03 3.281700274446345341e-04
-5.871871871871871207e+00 1.580103377301019007e-03 1.800454192092401174e-04
-5.899899899899899935e+00 1.493068694045383837e-03 1.217123111727539216e-04
-5.927927927927928664e+00 1.438907988375142917e-03 9.330187346473324734e-05
-5.955955955955957393e+00 1.401319343035489166e-03 7.819473547735472229e-05
-5.983983983983982569e+00 1.374895893929913709e-03 7.071524329923681242e-05
-6.012012012012011297e+00 1.357791263498686965e-03 6.879927969127296625e-05
-6.040040040040040026e+00 1.350003123166078041e-03 7.227905927828203445e-05
-6.068068068068068754e+00 1.353447958048977634e-03 8.295857774336405557e-05
-6.096096096096097483e+00 1.373843463207703123e-03 1.064967984270124440e-04
-6.124124124124122659e+00 1.428068697880868982e-03 1.597693276511520405e-04
-6.152152152152151388e+00 1.577765343226939995e-03 3.044724354585783433e-04
-6.180180180180180116e+00 1.339638718954119529e-03 9.153471164874626368e-04
-6.208208208208208845e+00 1.968261511351665233e-03 1.570245564839197611e-02
-6.236236236236237573e+00 1.480949792844489781e-03 3.630975569889882942e-03
-6.264264264264262749e+00 1.961768357638598009e-03 6.315006516025688937e-04
-6.292292292292291478e+00 1.619030161200865191e-03 2.667973278516596529e-04
-6.320320320320320207e+00 1.529574929928806176e-03 1.532129597646938091e-04
-6.348348348348348935e+00 1.505126674973645195e-03 1.031071125612367264e-04
-6.376376376376377664e+00 1.505246542476552192e-03 7.677826349167143666e-05
-6.404404404404402840e+00 1.516467428581651363e-03 6.159317588845677170e-05
-6.432432432432431568e+00 1.532879353255507757e-03 5.256091485537420092e-05
-6.460460460460460297e+00 1.551325856040892568e-03 4.751123666270933363e-05
-6.488488488488489025e+00 1.569947192574623705e-03 4.561311684562643464e-05
-6.516516516516517754e+00 1.587823442635849340e-03 4.698709486384606985e-05
-6.544544544544542930e+00 1.605300891655152750e-03 5.299595471345772813e-05
-6.572572572572571659e+00 1.625471200948696996e-03 6.768495514843276975e-05
-6.600600600600600387e+00 1.660297262233425761e-03 1.038676378818265968e-04
-6.628628628628629116e+00 1.764503532883535206e-03 2.169774221507551144e-04
-6.656656656656657844e+00 1.549006852787959297e-03 9.195285703064367015e-04
-6.684684684684683020e+00 1.522487473657829207e-03 6.951394458852205860e-02
-6.712712712712711749e+00 2.107860212938963800e-03 6.366020656266980875e-04
-6.740740740740740478e+00 1.616558768255283102e-03 1.875687845470109790e-04
-6.768768768768769206e+00 1.472518292508437961e-03 9.379647217405905578e-05
-6.796796796796797935e+00 1.379941852262018100e-03 5.889083881437010248e-05
-6.824824824824823111e+00 1.298745431070922902e-03 4.196648234495605449e-05
-6.852852852852851839e+00 1.219283322816094861e-03 3.240290915457024395e-05
-6.880880880880880568e+00 1.138905785370159700e-03 2.644019984656953754e-05
-6.908908908908909297e+00 1.057205066771598530e-03 2.246818017403424359e-05
-6.936936936936938025e+00 9.746438105085543412e-04 1.970059368449276932e-05
-6.964964964964963201e+00 8.920483243709209599e-04 1.771418668802626453e-05
-6.992992992992991930e+00 8.103794237495313014e-04 1.626296868648325188e-05
-7.021021021021020658e+00 7.306065436306554296e-04 1.519118913660535825e-05
-7.049049049049049387e+00 6.536250922801895838e-04 1.438327777795167642e-05
-7.077077077077078116e+00 5.802264774693637267e-04 1.375897039555800601e-05
-7.105105105105103291e+00 5.110715406358319873e-04 1.326370421497217189e-05
-7.133133133133132020e+00 4.466725866445237663e-04 1.285937086786200463e-05
-7.161161161161160749e+00 3.873869499900376248e-04 1.251877110069027773e-05
-7.189189189189189477e+00 3.334196658557536728e-04 1.222216412719443774e-05
-7.217217217217218206e+00 2.848332424395649126e-04 1.195504903230455819e-05
-7.245245245245243382e+00 2.415627107774830291e-04 1.170669614764927931e-05
-7.273273273273272110e+00 2.034345432275841490e-04 1.146944605690493530e-05
-7.301301301301300839e+00 1.701900913009370478e-04 1.124083190442174588e-05
-7.329329329329329568e+00 1.415044456727902907e-04 1.102072197412147266e-05
-7.357357357357358296e+00 1.170048019377699535e-04 1.080868178639113965e-05
-7.385385385385383472e+00 9.628989021367851515e-05 1.060400729124763338e-05
-7.413413413413412201e+00 7.894717056430515360e-05 1.040578209292163052e-05
-7.441441441441440929e+00 6.456734717645959854e-05 1.021292087403977603e-05
-7.469469469469469658e+00 5.275601966430898702e-05 1.002420292574209489e-05
-7.497497497497498387e+00 4.314248167820619969e-05 9.838298448982295407e-06
-7.525525525525523562e+00 3.538583080118368196e-05 9.653789479292873777e-06
-7.553553553553552291e+00 2.917882257701777594e-05 9.469343156116098964e-06
-7.581581581581581020e+00 2.425122050098784226e-05 9.285441964503731593e-06
-7.609609609609609748e+00 2.036938438799745622e-05 9.104031242998723877e-06
-7.637637637637638477e+00 1.733383637926045066e-05 8.927437538734985599e-06
-7.665665665665667206e+00 1.497689082916380622e-05 8.758279260685292226e-06
-7.693693693693692381e+00 1.315971292250358613e-05 8.599407851166436032e-06
-7.721721721721721110e+00 1.176906428457856431e-05 8.453859759951036626e-06
-7.749749749749749839e+00 1.071395816064553746e-05 8.324817050383888164e-06
-7.777777777777778567e+00 9.922394183733347400e-06 8.215574950042873984e-06
-7.805805805805807296e+00 9.338293789153960352e-06 8.129515023863374560e-06
-7.833833833833832472e+00 8.918714316148220278e-06 8.070082926298265008e-06
-7.861861861861861200e+00 8.630530969487611244e-06 8.039916848364025127e-06
-7.889889889889889929e+00 8.444475317832423675e-06 8.037000677537842314e-06
-7.917917917917918658e+00 8.336277318044305976e-06 8.057595274243159605e-06
-7.945945945945947386e+00 8.286740722064126237e-06 8.097798637225178445e-06
-7.973973973973972562e+00 8.280563355387662543e-06 8.153576300834803654e-06
-8.002002002002001291e+00 8.305392340688157396e-06 8.220786375952393200e-06
-8.030030030030030019e+00 8.351080629452896134e-06 8.295201055321232077e-06
-8.058058058058058748e+00 8.409111173866198197e-06 8.372525118767004158e-06
-8.086086086086087477e+00 8.472157765880430571e-06 8.448411883431234095e-06
-8.114114114114112652e+00 8.533755133694416369e-06 8.518476970674056058e-06
-8.142142142142141381e+00 8.588054799647123035e-06 8.578310201259761015e-06
-8.170170170170170110e+00 8.629662736382884378e-06 8.623501517646876518e-06
-8.198198198198198838e+00 8.655575587203473658e-06 8.651713882157561534e-06
-8.226226226226227567e+00 8.667207846841476921e-06 8.664808454403766201e-06
-8.254254254254252743e+00 8.666731710732936345e-06 8.665253851326060522e-06
-8.282282282282281471e+00 8.656528371083029285e-06 8.655626022071598351e-06
-8.310310310310310200e+00 8.639140352213884984e-06 8.638594185137660799e-06
-8.338338338338338929e+00 8.617236019256116247e-06 8.616908312052906640e-06
-8.366366366366367657e+00 8.593582893616868545e-06 8.593387973832087960e-06
-8.394394394394392833e+00 8.571027321543624134e-06 8.570912391044663327e-06
-8.422422422422421562e+00 8.552478726796008504e-06 8.552411549260471020e-06
-8.450450450450450290e+00 8.540897183911176516e-06 8.540858259484421670e-06
-8.478478478478479019e+00 8.539283416298853243e-06 8.539261058463892530e-06
-8.506506506506507748e+00 8.550670587391870754e-06 8.550657856858144903e-06
-8.534534534534532924e+00 8.577943913602381894e-06 8.577936727840732286e-06
-8.562562562562561652e+00 8.621242854234580224e-06 8.621238833473008907e-06
-8.590590590590590381e+00 8.678500717966528924e-06 8.678498487718627961e-06
-8.618618618618619109e+00 8.747598387804780487e-06 8.747597161475058512e-06
-8.646646646646647838e+00 8.826427811616395277e-06 8.826427143163732941e-06
-8.674674674674673014e+00 8.912892981001531952e-06 8.912892619805194016e-06
-8.702702702702701743e+00 9.004910805414969151e-06 9.004910611939770791e-06
-8.730730730730730471e+00 9.100411880389257423e-06 9.100411777654708175e-06
-8.758758758758759200e+00 9.197341153350930523e-06 9.197341099273380861e-06
-8.786786786786787928e+00 9.293658492985722147e-06 9.293658464767688566e-06
-8.814814814814813104e+00 9.387339169237624074e-06 9.387339154641223679e-06
-8.842842842842841833e+00 9.476374251360417073e-06 9.476374243875722243e-06
-8.870870870870870561e+00 9.558770931318527983e-06 9.558770927513906705e-06
-8.898898898898899290e+00 9.632552779468996871e-06 9.632552777551837744e-06
-8.926926926926928019e+00 9.695876279484483178e-06 9.695876278526815870e-06
-8.954954954954953195e+00 9.747786636739245772e-06 9.747786636265025906e-06
-8.982982982982981923e+00 9.787732855241005196e-06 9.787732855008220213e-06
-9.011011011011010652e+00 9.815169649583055950e-06 9.815169649469780540e-06
-9.039039039039039380e+00 9.829555635411638514e-06 9.829555635356998112e-06
-9.067067067067068109e+00 9.830353507022642832e-06 9.830353506996513559e-06
-9.095095095095093285e+00 9.817030186360917570e-06 9.817030186348530560e-06
-9.123123123123122014e+00 9.789056946252264519e-06 9.789056946246445402e-06
-9.151151151151150742e+00 9.745909510420529967e-06 9.745909510417821156e-06
-9.179179179179179471e+00 9.687068132592758726e-06 9.687068132591506811e-06
-9.207207207207208199e+00 9.612017656771314271e-06 9.612017656770741676e-06
-9.235235235235233375e+00 9.520247560551086064e-06 9.520247560550825178e-06
-9.263263263263262104e+00 9.411251983178862008e-06 9.411251983178745118e-06
-9.291291291291290833e+00 9.284529739890104774e-06 9.284529739890052258e-06
-9.319319319319319561e+00 9.139584323911905200e-06 9.139584323911883177e-06
-9.347347347347348290e+00 8.976147110644375573e-06 8.976147110644365409e-06
-9.375375375375373466e+00 8.796152465668132385e-06 8.796152465668128997e-06
-9.403403403403402194e+00 8.602743599458790417e-06 8.602743599458787029e-06
-9.431431431431430923e+00 8.399009951586857209e-06 8.399009951586857209e-06
-9.459459459459459651e+00 8.187974571770281149e-06 8.187974571770281149e-06
-9.487487487487488380e+00 7.972596375462637320e-06 7.972596375462637320e-06
-9.515515515515513556e+00 7.755772312828589513e-06 7.755772312828589513e-06
-9.543543543543542285e+00 7.540339455359319121e-06 7.540339455359319121e-06
-9.571571571571571013e+00 7.329077004124762730e-06 7.329077004124762730e-06
-9.599599599599599742e+00 7.124708223421255342e-06 7.124708223421255342e-06
-9.627627627627628470e+00 6.929902303353261779e-06 6.929902303353261779e-06
-9.655655655655657199e+00 6.747276154682449651e-06 6.747276154682449651e-06
-9.683683683683682375e+00 6.579396139086765532e-06 6.579396139086765532e-06
-9.711711711711711104e+00 6.428779737794416793e-06 6.428779737794416793e-06
-9.739739739739739832e+00 6.297897161392533337e-06 6.297897161392533337e-06
-9.767767767767768561e+00 6.189172903455259491e-06 6.189172903455259491e-06
-9.795795795795797289e+00 6.104984853104844891e-06 6.104984853104844891e-06
-9.823823823823822465e+00 6.046478287466433254e-06 6.046478287466433254e-06
-9.851851851851851194e+00 6.011682047733024182e-06 6.011682047733024182e-06
-9.879879879879879923e+00 5.998173226311108940e-06 5.998173226311108940e-06
-9.907907907907908651e+00 6.003584124196032230e-06 6.003584124196032230e-06
-9.935935935935937380e+00 6.025600332516595545e-06 6.025600332516595545e-06
-9.963963963963962556e+00 6.061958889187276437e-06 6.061958889187276437e-06
-9.991991991991991284e+00 6.110446507013038604e-06 6.110446507013038604e-06
-1.002002002002002001e+01 6.168897869802915371e-06 6.168897869802915371e-06
-1.004804804804804874e+01 6.235193993246070432e-06 6.235193993246070432e-06
-1.007607607607607747e+01 6.307260647487722230e-06 6.307260647487722230e-06
-1.010410410410410265e+01 6.383066838514174528e-06 6.383066838514174528e-06
-1.013213213213213137e+01 6.460623345616835553e-06 6.460623345616835553e-06
-1.016016016016016010e+01 6.537981312354890597e-06 6.537981312354890597e-06
-1.018818818818818883e+01 6.613230888577091042e-06 6.613230888577091042e-06
-1.021621621621621756e+01 6.684499921194310357e-06 6.684499921194310357e-06
-1.024424424424424274e+01 6.749952691517860038e-06 6.749952691517860038e-06
-1.027227227227227146e+01 6.807788697094060720e-06 6.807788697094060720e-06
-1.030030030030030019e+01 6.856241476073726380e-06 6.856241476073726380e-06
-1.032832832832832892e+01 6.893704202268039716e-06 6.893704202268039716e-06
-1.035635635635635765e+01 6.919372792013299863e-06 6.919372792013299863e-06
-1.038438438438438283e+01 6.932749126295682510e-06 6.932749126295682510e-06
-1.041241241241241156e+01 6.933344367182143289e-06 6.933344367182143289e-06
-1.044044044044044028e+01 6.920678127867661202e-06 6.920678127867661202e-06
-1.046846846846846901e+01 6.894278210852962757e-06 6.894278210852962757e-06
-1.049649649649649774e+01 6.853680355279302459e-06 6.853680355279302459e-06
-1.052452452452452292e+01 6.798427993096613639e-06 6.798427993096613639e-06
-1.055255255255255165e+01 6.728072013754529350e-06 6.728072013754529350e-06
-1.058058058058058037e+01 6.642170537118588710e-06 6.642170537118588710e-06
-1.060860860860860910e+01 6.540288694325655948e-06 6.540288694325655948e-06
-1.063663663663663783e+01 6.421998416304344720e-06 6.421998416304344720e-06
-1.066466466466466301e+01 6.286878229697212737e-06 6.286878229697212737e-06
-1.069269269269269174e+01 6.134513059931800117e-06 6.134513059931800117e-06
-1.072072072072072046e+01 5.964494041198099099e-06 5.964494041198099099e-06
-1.074874874874874919e+01 5.776418333099064514e-06 5.776418333099064514e-06
-1.077677677677677792e+01 5.569888943750481401e-06 5.569888943750481401e-06
-1.080480480480480310e+01 5.344514559115064567e-06 5.344514559115064567e-06
-1.083283283283283183e+01 5.099909378364055613e-06 5.099909378364055613e-06
-1.086086086086086056e+01 4.835692955068057500e-06 4.835692955068057500e-06
-1.088888888888888928e+01 4.551648559694158996e-06 4.551648559694158996e-06
-1.091691691691691801e+01 4.250161681730792709e-06 4.250161681730792709e-06
-1.094494494494494319e+01 3.935699371512721549e-06 3.935699371512721549e-06
-1.097297297297297192e+01 3.612717744494518311e-06 3.612717744494518311e-06
-1.100100100100100065e+01 3.285600803246049083e-06 3.285600803246049083e-06
-1.102902902902902937e+01 2.958662518232100924e-06 2.958662518232100924e-06
-1.105705705705705810e+01 2.636148852131605013e-06 2.636148852131605013e-06
-1.108508508508508328e+01 2.322239729706822304e-06 2.322239729706822304e-06
-1.111311311311311201e+01 2.021050955151889186e-06 2.021050955151889186e-06
-1.114114114114114074e+01 1.736636078773445298e-06 1.736636078773445298e-06
-1.116916916916916946e+01 1.472988214781189201e-06 1.472988214781189201e-06
-1.119719719719719819e+01 1.234041811897266563e-06 1.234041811897266563e-06
-1.122522522522522337e+01 1.023674378425632845e-06 1.023674378425632845e-06
-1.125325325325325210e+01 8.457081633587311328e-07 8.457081633587311328e-07
-1.128128128128128083e+01 7.039117950382857382e-07 7.039117950382857382e-07
-1.130930930930930955e+01 6.020018788278643274e-07 6.020018788278643274e-07
-1.133733733733733828e+01 5.436445552001479784e-07 5.436445552001479784e-07
-1.136536536536536346e+01 5.324570195881573686e-07 5.324570195881573686e-07
-1.139339339339339219e+01 5.720090052990176010e-07 5.720090052990176010e-07
-1.142142142142142092e+01 6.658242307403327967e-07 6.658242307403327967e-07
-1.144944944944944965e+01 8.173818121626987101e-07 8.173818121626987101e-07
-1.147747747747747837e+01 1.030117643077539767e-06 1.030117643077539767e-06
-1.150550550550550355e+01 1.307425741466879754e-06 1.307425741466879754e-06
-1.153353353353353228e+01 1.651365753087175939e-06 1.651365753087175939e-06
-1.156156156156156101e+01 2.057916058255069825e-06 2.057916058255069825e-06
-1.158958958958958974e+01 2.521342155811397880e-06 2.521342155811397880e-06
-1.161761761761761846e+01 3.035990556404055754e-06 3.035990556404055754e-06
-1.164564564564564719e+01 3.596286793899344469e-06 3.596286793899344469e-06
-1.167367367367367237e+01 4.196733260806433745e-06 4.196733260806433745e-06
-1.170170170170170110e+01 4.831907101590933051e-06 4.831907101590933051e-06
-1.172972972972972983e+01 5.496458161958656615e-06 5.496458161958656615e-06
-1.175775775775775855e+01 6.185106992265626391e-06 6.185106992265626391e-06
-1.178578578578578728e+01 6.892642903276674174e-06 6.892642903276674174e-06
-1.181381381381381246e+01 7.613922072562570994e-06 7.613922072562570994e-06
-1.184184184184184119e+01 8.343865699889426991e-06 8.343865699889426991e-06
-1.186986986986986992e+01 9.077458210012699289e-06 9.077458210012699289e-06
-1.189789789789789864e+01 9.809745501349755213e-06 9.809745501349755213e-06
-1.192592592592592737e+01 1.053583323905757534e-05 1.053583323905757534e-05
-1.195395395395395255e+01 1.125088519109766999e-05 1.125088519109766999e-05
-1.198198198198198128e+01 1.195012160592156472e-05 1.195012160592156472e-05
-1.201001001001001001e+01 1.262881763045779326e-05 1.262881763045779326e-05
-1.203803803803803874e+01 1.328230176713202367e-05 1.328230176713202367e-05
-1.206606606606606746e+01 1.390595436869400204e-05 1.390595436869400204e-05
-1.209409409409409264e+01 1.449520616967085981e-05 1.449520616967085981e-05
-1.212212212212212137e+01 1.504553685330781849e-05 1.504553685330781849e-05
-1.215015015015015010e+01 1.555247365289661772e-05 1.555247365289661772e-05
-1.217817817817817883e+01 1.601158998643313457e-05 1.601158998643313457e-05
-1.220620620620620755e+01 1.641850412358037537e-05 1.641850412358037537e-05
-1.223423423423423273e+01 1.676905458787881850e-05 1.676905458787881850e-05
-1.226226226226226146e+01 1.706255910079295263e-05 1.706255910079295263e-05
-1.229029029029029019e+01 1.730145741983258096e-05 1.730145741983258096e-05
-1.231831831831831892e+01 1.748827081031229482e-05 1.748827081031229482e-05
-1.234634634634634764e+01 1.762548826855356087e-05 1.762548826855356087e-05
-1.237437437437437282e+01 1.771556737043747924e-05 1.771556737043747924e-05
-1.240240240240240155e+01 1.776093509635362684e-05 1.776093509635362684e-05
-1.243043043043043028e+01 1.776398863325786588e-05 1.776398863325786588e-05
-1.245845845845845901e+01 1.772709615452625425e-05 1.772709615452625425e-05
-1.248648648648648773e+01 1.765259757826720383e-05 1.765259757826720383e-05
-1.251451451451451291e+01 1.754280530473061733e-05 1.754280530473061733e-05
-1.254254254254254164e+01 1.740000493342945106e-05 1.740000493342945106e-05
-1.257057057057057037e+01 1.722645596056805975e-05 1.722645596056805975e-05
-1.259859859859859910e+01 1.702439245734957226e-05 1.702439245734957226e-05
-1.262662662662662783e+01 1.679602372971533266e-05 1.679602372971533266e-05
-1.265465465465465300e+01 1.654353496004938695e-05 1.654353496004938695e-05
-1.268268268268268173e+01 1.626908783136232027e-05 1.626908783136232027e-05
-1.271071071071071046e+01 1.597482113445153096e-05 1.597482113445153096e-05
-1.273873873873873919e+01 1.566285135851649141e-05 1.566285135851649141e-05
-1.276676676676676792e+01 1.533527326569211597e-05 1.533527326569211597e-05
-1.279479479479479309e+01 1.499416044994675450e-05 1.499416044994675450e-05
-1.282282282282282182e+01 1.464156588077583266e-05 1.464156588077583266e-05
-1.285085085085085055e+01 1.427952243210832820e-05 1.427952243210832820e-05
-1.287887887887887928e+01 1.391004339682733784e-05 1.391004339682733784e-05
-1.290690690690690801e+01 1.353512298729394486e-05 1.353512298729394486e-05
-1.293493493493493318e+01 1.315673682224950766e-05 1.315673682224950766e-05
-1.296296296296296191e+01 1.277684240045855555e-05 1.277684240045855555e-05
-1.299099099099099064e+01 1.239737956144351234e-05 1.239737956144351234e-05
-1.301901901901901937e+01 1.202027093364859032e-05 1.202027093364859032e-05
-1.304704704704704810e+01 1.164726758386064148e-05 1.164726758386064148e-05
-1.307507507507507327e+01 1.127895756917396750e-05 1.127895756917396750e-05
-1.310310310310310200e+01 1.091540852805579506e-05 1.091540852805579506e-05
-1.313113113113113073e+01 1.055668586758128288e-05 1.055668586758128288e-05
-1.315915915915915946e+01 1.020285526836300287e-05 1.020285526836300287e-05
-1.318718718718718819e+01 9.853982682549580896e-06 9.853982682549580896e-06
-1.321521521521521336e+01 9.510134331950287885e-06 9.510134331950287885e-06
-1.324324324324324209e+01 9.171376706282274545e-06 9.171376706282274545e-06
-1.327127127127127082e+01 8.837776561537915370e-06 8.837776561537915370e-06
-1.329929929929929955e+01 8.509400918468624736e-06 8.509400918468624736e-06
-1.332732732732732828e+01 8.186317061182641299e-06 8.186317061182641299e-06
-1.335535535535535345e+01 7.868592535854000702e-06 7.868592535854000702e-06
-1.338338338338338218e+01 7.556295149539521082e-06 7.556295149539521082e-06
-1.341141141141141091e+01 7.249492969101944667e-06 7.249492969101944667e-06
-1.343943943943943964e+01 6.948254320235642374e-06 6.948254320235642374e-06
-1.346746746746746837e+01 6.652647786593137329e-06 6.652647786593137329e-06
-1.349549549549549354e+01 6.362742209009666542e-06 6.362742209009666542e-06
-1.352352352352352227e+01 6.078606684823224355e-06 6.078606684823224355e-06
-1.355155155155155100e+01 5.800310567288424964e-06 5.800310567288424964e-06
-1.357957957957957973e+01 5.527923465080988989e-06 5.527923465080988989e-06
-1.360760760760760846e+01 5.261515241891424312e-06 5.261515241891424312e-06
-1.363563563563563363e+01 5.001156016105415981e-06 5.001156016105415981e-06
-1.366366366366366236e+01 4.746916160568750852e-06 4.746916160568750852e-06
-1.369169169169169109e+01 4.498866302435255692e-06 4.498866302435255692e-06
-1.371971971971971982e+01 4.257077323095082285e-06 4.257077323095082285e-06
-1.374774774774774855e+01 4.021620358181966510e-06 4.021620358181966510e-06
-1.377577577577577728e+01 3.792566797657353108e-06 3.792566797657353108e-06
-1.380380380380380245e+01 3.569988285969694203e-06 3.569988285969694203e-06
-1.383183183183183118e+01 3.353956722286945029e-06 3.353956722286945029e-06
-1.385985985985985991e+01 3.144544260800983750e-06 3.144544260800983750e-06
-1.388788788788788864e+01 2.941823311101751005e-06 2.941823311101751005e-06
-1.391591591591591737e+01 2.745866538619870356e-06 2.745866538619870356e-06
-1.394394394394394254e+01 2.556746865136061104e-06 2.556746865136061104e-06
-1.397197197197197127e+01 2.374537469355708690e-06 2.374537469355708690e-06
-1.400000000000000000e+01 2.199311787547424201e-06 2.199311787547424201e-06
