1.400000000000000000e+01 3.417036410229993887e-04 3.417118444425114895e-04
1.397197197197197127e+01 3.450414101312439946e-04 3.450497405782574061e-04
1.394394394394394432e+01 3.484391096982939894e-04 3.484475694075457380e-04
1.391591591591591559e+01 3.518983177442214076e-04 3.519069089956728693e-04
1.388788788788788864e+01 3.554206626145724321e-04 3.554293877344152008e-04
1.385985985985985991e+01 3.590078248372674985e-04 3.590166861990501976e-04
1.383183183183183118e+01 3.626615390570667955e-04 3.626705390828079568e-04
1.380380380380380423e+01 3.663835960514076856e-04 3.663927372129309446e-04
1.377577577577577550e+01 3.701758448257027071e-04 3.701851296454311980e-04
1.374774774774774855e+01 3.740401947957121298e-04 3.740496258483160387e-04
1.371971971971971982e+01 3.779786180632329230e-04 3.779881979767208463e-04
1.369169169169169109e+01 3.819931517865374541e-04 3.820028832434781856e-04
1.366366366366366414e+01 3.860859006509570674e-04 3.860957863898784362e-04
1.363563563563563541e+01 3.902590394438319407e-04 3.902690822605921098e-04
1.360760760760760846e+01 3.945148157391162270e-04 3.945250184882324374e-04
1.357957957957957973e+01 3.988555526962814712e-04 3.988659182924172964e-04
1.355155155155155100e+01 4.032836519792756835e-04 4.032941833986822592e-04
1.352352352352352405e+01 4.078015968012718207e-04 4.078122970832762919e-04
1.349549549549549532e+01 4.124119551006804078e-04 4.124228273494068829e-04
1.346746746746746837e+01 4.171173828558598059e-04 4.171284302415092572e-04
1.343943943943943964e+01 4.219206275432758608e-04 4.219318533039915489e-04
1.341141141141141091e+01 4.268245317488445737e-04 4.268359391922804539e-04
1.338338338338338396e+01 4.318320369418757144e-04 4.318436294470328046e-04
1.335535535535535523e+01 4.369461874098148403e-04 4.369579684285495626e-04
1.332732732732732828e+01 4.421701343662425552e-04 4.421821074253076385e-04
1.329929929929929955e+01 4.475071402453381663e-04 4.475193089480953602e-04
1.327127127127127082e+01 4.529605831886455687e-04 4.529729512170057150e-04
1.324324324324324387e+01 4.585339617341059907e-04 4.585465328505815264e-04
1.321521521521521514e+01 4.642308997172058405e-04 4.642436777666261141e-04
1.318718718718718641e+01 4.700551513947694268e-04 4.700681403065105229e-04
1.315915915915915946e+01 4.760106068030654954e-04 4.760238105932086097e-04
1.313113113113113073e+01 4.821012973616967600e-04 4.821147201349406243e-04
1.310310310310310378e+01 4.883314017357860736e-04 4.883450476877959330e-04
1.307507507507507505e+01 4.947052519700242870e-04 4.947191253896520216e-04
1.304704704704704632e+01 5.012273399080201643e-04 5.012414451795832275e-04
1.301901901901901937e+01 5.079023239121001213e-04 5.079166655176680679e-04
1.299099099099099064e+01 5.147350358993837234e-04 5.147496184212774044e-04
1.296296296296296369e+01 5.217304887167455467e-04 5.217453168399367736e-04
1.293493493493493496e+01 5.288938838603874466e-04 5.289089623750221469e-04
1.290690690690690623e+01 5.362306195551307846e-04 5.362459533590064036e-04
1.287887887887887928e+01 5.437462992284213458e-04 5.437618933296839083e-04
1.285085085085085055e+01 5.514467403917956484e-04 5.514625999115637441e-04
1.282282282282282360e+01 5.593379839528297244e-04 5.593541141279991229e-04
1.279479479479479487e+01 5.674263039802087327e-04 5.674427101660765860e-04
1.276676676676676614e+01 5.757182179458870518e-04 5.757349056191238008e-04
1.273873873873873919e+01 5.842204974709482111e-04 5.842374722323281488e-04
1.271071071071071046e+01 5.929401796016647288e-04 5.929574471790387746e-04
1.268268268268268173e+01 6.018845786454479763e-04 6.019021448968726829e-04
1.265465465465465478e+01 6.110612985976053915e-04 6.110791695139685580e-04
1.262662662662662605e+01 6.204782461901017700e-04 6.204964278985852745e-04
1.259859859859859910e+01 6.301436445988999741e-04 6.301621433657030730e-04
1.257057057057057037e+01 6.400660478447771926e-04 6.400848700786411537e-04
1.254254254254254164e+01 6.502543559369617200e-04 6.502735081919549208e-04
1.251451451451451469e+01 6.607178307906141565e-04 6.607373197696387191e-04
1.248648648648648596e+01 6.714661129410789183e-04 6.714859454987295341e-04
1.245845845845845901e+01 6.825092391331926116e-04 6.825294222793166273e-04
1.243043043043043028e+01 6.938576608267155946e-04 6.938782017294474773e-04
1.240240240240240155e+01 7.055222636673534522e-04 7.055431696563746599e-04
1.237437437437437460e+01 7.175143879798897943e-04 7.175356665497370024e-04
1.234634634634634587e+01 7.298458503420744399e-04 7.298675091553439003e-04
1.231831831831831892e+01 7.425289663024175341e-04 7.425510131928375959e-04
1.229029029029029019e+01 7.555765743083687558e-04 7.555990172840210302e-04
1.226226226226226146e+01 7.690020609158632493e-04 7.690249081623107491e-04
1.223423423423423451e+01 7.828193873562404271e-04 7.828426472394699838e-04
1.220620620620620578e+01 7.970431175401490468e-04 7.970667986097137612e-04
1.217817817817817883e+01 8.116884475843980096e-04 8.117125585758898842e-04
1.215015015015015010e+01 8.267712369523410113e-04 8.267957867904418947e-04
1.212212212212212137e+01 8.423080413156817242e-04 8.423330391165026942e-04
1.209409409409409442e+01 8.583161472450291304e-04 8.583416023188563445e-04
1.206606606606606569e+01 8.748136087766086606e-04 8.748395306295271654e-04
1.203803803803803874e+01 8.918192860342570106e-04 8.918456843705598394e-04
1.201001001001001001e+01 9.093528860230420344e-04 9.093797707467821340e-04
1.198198198198198128e+01 9.274350057189293447e-04 9.274623869354888493e-04
1.195395395395395433e+01 9.460871775978672632e-04 9.461150656145580345e-04
1.192592592592592560e+01 9.653319177523557101e-04 9.653603230791846755e-04
1.189789789789789864e+01 9.851927767576228179e-04 9.852217101076563704e-04
1.186986986986986992e+01 1.005694393458066811e-03 1.005723865747041148e-03
1.184184184184184119e+01 1.026862551855266693e-03 1.026892574200610623e-03
1.181381381381381424e+01 1.048724241292687447e-03 1.048754825011818893e-03
1.178578578578578551e+01 1.071307720143540795e-03 1.071338876751956213e-03
1.175775775775775855e+01 1.094642583223388258e-03 1.094674324431155676e-03
1.172972972972972983e+01 1.118759833160940182e-03 1.118792170868818624e-03
1.170170170170170110e+01 1.143691955990708753e-03 1.143724902285149199e-03
1.167367367367367414e+01 1.169473001270228798e-03 1.169506568417210497e-03
1.164564564564564542e+01 1.196138666875053245e-03 1.196172867312378504e-03
1.161761761761761846e+01 1.223726388868488042e-03 1.223761235197282082e-03
1.158958958958958974e+01 1.252275436784657881e-03 1.252310941758947053e-03
1.156156156156156101e+01 1.281827014647321473e-03 1.281863191161501832e-03
1.153353353353353405e+01 1.312424368091677333e-03 1.312461229166643571e-03
1.150550550550550533e+01 1.344112897983065682e-03 1.344150456749836856e-03
1.147747747747747837e+01 1.376940280946733434e-03 1.376978550627820739e-03
1.144944944944944965e+01 1.410956597254207781e-03 1.410995591142349872e-03
1.142142142142142092e+01 1.446214466538571584e-03 1.446254197972493766e-03
1.139339339339339396e+01 1.482769191838750715e-03 1.482809674175619274e-03
1.136536536536536524e+01 1.520678912508133642e-03 1.520720159092050659e-03
1.133733733733733828e+01 1.560004766552401233e-03 1.560046790680058798e-03
1.130930930930930955e+01 1.600811062997763417e-03 1.600853877878486656e-03
1.128128128128128083e+01 1.643165464935443477e-03 1.643209083646396526e-03
1.125325325325325387e+01 1.687139184001382750e-03 1.687183619438514890e-03
1.122522522522522515e+01 1.732807186794933525e-03 1.732852451616413540e-03
1.119719719719719819e+01 1.780248414054952117e-03 1.780294520619102707e-03
1.116916916916916946e+01 1.829546013496548751e-03 1.829592973791759362e-03
1.114114114114114074e+01 1.880787587081182797e-03 1.880835412648144576e-03
1.111311311311311378e+01 1.934065453594227720e-03 1.934114155439310093e-03
1.108508508508508505e+01 1.989476927445395660e-03 1.989526515943091343e-03
1.105705705705705810e+01 2.047124614644936936e-03 2.047175099430860283e-03
1.102902902902902937e+01 2.107116726950709288e-03 2.107168116801927914e-03
1.100100100100100065e+01 2.169567415212390795e-03 2.169619717913499283e-03
1.097297297297297192e+01 2.234597122968522143e-03 2.234650345164288128e-03
1.094494494494494496e+01 2.302332961379988455e-03 2.302387108410997984e-03
1.091691691691691801e+01 2.372909106596824119e-03 2.372964182317120144e-03
1.088888888888888928e+01 2.446467220662326865e-03 2.446523227237382483e-03
1.086086086086086056e+01 2.523156897057835489e-03 2.523213834740595067e-03
1.083283283283283183e+01 2.603136132109427816e-03 2.603193998992096251e-03
1.080480480480480487e+01 2.686571823041303091e-03 2.686630614780599873e-03
1.077677677677677615e+01 2.773640293506312964e-03 2.773700003018886827e-03
1.074874874874874919e+01 2.864527847821118824e-03 2.864588464947018329e-03
1.072072072072072046e+01 2.959431354482418893e-03 2.959492865613019830e-03
1.069269269269269174e+01 3.058558859483520229e-03 3.058621247149666700e-03
1.066466466466466478e+01 3.162130229712816886e-03 3.162193472130174574e-03
1.063663663663663606e+01 3.270377826397208570e-03 3.270441896963747867e-03
1.060860860860860910e+01 3.383547208155427994e-03 3.383612074897477794e-03
1.058058058058058037e+01 3.501897862721772836e-03 3.501963487682845360e-03
1.055255255255255165e+01 3.625703965774585390e-03 3.625770304340899652e-03
1.052452452452452469e+01 3.755255164535427261e-03 3.755322164694239323e-03
1.049649649649649596e+01 3.890857382861961922e-03 3.890924984384479778e-03
1.046846846846846901e+01 4.032833643409086850e-03 4.032901776952910189e-03
1.044044044044044028e+01 4.181524901045968572e-03 4.181593487168525081e-03
1.041241241241241156e+01 4.337290880211027919e-03 4.337359828288485375e-03
1.038438438438438460e+01 4.500510906569111548e-03 4.500580113612305012e-03
1.035635635635635587e+01 4.671584720518161087e-03 4.671654069874937344e-03
1.032832832832832892e+01 4.850933258573786495e-03 4.851002618517773549e-03
1.030030030030030019e+01 5.038999384331552429e-03 5.039068606521268819e-03
1.027227227227227146e+01 5.236248546901249752e-03 5.236317464706602073e-03
1.024424424424424451e+01 5.443169340141507280e-03 5.443237766833251487e-03
1.021621621621621578e+01 5.660273930660946265e-03 5.660341657452419920e-03
1.018818818818818883e+01 5.888098316350862636e-03 5.888165110294286617e-03
1.016016016016016010e+01 6.127202370158353617e-03 6.127267971893624217e-03
1.013213213213213137e+01 6.378169615793692453e-03 6.378233737147823330e-03
1.010410410410410442e+01 6.641606673090829152e-03 6.641668994541915713e-03
1.007607607607607569e+01 6.918142300868190993e-03 6.918202468881929842e-03
1.004804804804804874e+01 7.208425954404234538e-03 7.208483578662659361e-03
1.002002002002002001e+01 7.513125763293041458e-03 7.513180413849588658e-03
9.991991991991991284e+00 7.832925823810201610e-03 7.832977028198333941e-03
9.963963963963964332e+00 8.168522688257939465e-03 8.168569928623437351e-03
9.935935935935935603e+00 8.520620923078481290e-03 8.520663633387468711e-03
9.907907907907908651e+00 8.889927599609175404e-03 8.889965163024093897e-03
9.879879879879879923e+00 9.277145575164095700e-03 9.277177321697685150e-03
9.851851851851851194e+00 9.682965421537664125e-03 9.682990626103532561e-03
9.823823823823824242e+00 1.010805586425092377e-02 1.010807374526927205e-02
9.795795795795795513e+00 1.055305261120678857e-02 1.055306232993901729e-02
9.767767767767768561e+00 1.101854547653341107e-02 1.101854613733865666e-02
9.739739739739739832e+00 1.150506374686307946e-02 1.150505439859803025e-02
9.711711711711711104e+00 1.201305979550233195e-02 1.201303943429008099e-02
9.683683683683684151e+00 1.254289102654356988e-02 1.254285860014185336e-02
9.655655655655655423e+00 1.309480032635324670e-02 1.309475474034548642e-02
9.627627627627628470e+00 1.366889531255808567e-02 1.366883543855849231e-02
9.599599599599599742e+00 1.426512679655747920e-02 1.426505148258489300e-02
9.571571571571571013e+00 1.488326700724932304e-02 1.488317509034329904e-02
9.543543543543542285e+00 1.552288824941402100e-02 1.552277857048983863e-02
9.515515515515515332e+00 1.618334278926619740e-02 1.618321421009300681e-02
9.487487487487488380e+00 1.686374482982034781e-02 1.686359625189546782e-02
9.459459459459459651e+00 1.756295547108145325e-02 1.756278585604199513e-02
9.431431431431430923e+00 1.827957152607756486e-02 1.827937991718857694e-02
9.403403403403402194e+00 1.901191897138938131e-02 1.901170451555700414e-02
9.375375375375375242e+00 1.975805165644066788e-02 1.975781362612718389e-02
9.347347347347348290e+00 2.051575568915356071e-02 2.051549350356481061e-02
9.319319319319319561e+00 2.128255967581161104e-02 2.128227292074098831e-02
9.291291291291290833e+00 2.205575074498428156e-02 2.205543919075176468e-02
9.263263263263262104e+00 2.283239605561653007e-02 2.283205967263638586e-02
9.235235235235235152e+00 2.360936930095580005e-02 2.360900827255698470e-02
9.207207207207208199e+00 2.438338158813920659e-02 2.438299632036562692e-02
9.179179179179179471e+00 2.515101600280449101e-02 2.515060713101149870e-02
9.151151151151150742e+00 2.590876515250631687e-02 2.590833354463012092e-02
9.123123123123122014e+00 2.665307100172338572e-02 2.665261775815145479e-02
9.095095095095095061e+00 2.738036638130367240e-02 2.737989283128280937e-02
9.067067067067068109e+00 2.808711758077013856e-02 2.808662527531502473e-02
9.039039039039039380e+00 2.876986745145516597e-02 2.876935815270352526e-02
9.011011011011010652e+00 2.942527846621107238e-02 2.942475413321770164e-02
8.982982982982981923e+00 3.005017514503899312e-02 3.004963791601125006e-02
8.954954954954954971e+00 3.064158519887958537e-02 3.064103736993077989e-02
8.926926926926928019e+00 3.119677867259300699e-02 3.119622267317648592e-02
8.898898898898899290e+00 3.171330429838120635e-02 3.171274266368093175e-02
8.870870870870870561e+00 3.218902221993918261e-02 3.218845756061972790e-02
8.842842842842841833e+00 3.262213223159339537e-02 3.262156720144791799e-02
8.814814814814814881e+00 3.301119670807890760e-02 3.301063397025115476e-02
8.786786786786787928e+00 3.335515748674273973e-02 3.335459967930066300e-02
8.758758758758759200e+00 3.365334610587854963e-02 3.365279580759674566e-02
8.730730730730730471e+00 3.390548699533966343e-02 3.390494669259650623e-02
8.702702702702701743e+00 3.411169345112394224e-02 3.411116550679830356e-02
8.674674674674674790e+00 3.427245647941132289e-02 3.427194310461803561e-02
8.646646646646647838e+00 3.438862684369795725e-02 3.438813007309180630e-02
8.618618618618619109e+00 3.446139091605834176e-02 3.446091258730404894e-02
8.590590590590590381e+00 3.449224114846631550e-02 3.449178288629836664e-02
8.562562562562561652e+00 3.448294215392242595e-02 3.448250535903576997e-02
8.534534534534534700e+00 3.443549350746496346e-02 3.443507935028378153e-02
8.506506506506507748e+00 3.435209043756238395e-02 3.435169985675751853e-02
8.478478478478479019e+00 3.423508357887409398e-02 3.423471728433648970e-02
8.450450450450450290e+00 3.408693890251801584e-02 3.408659738235692710e-02
8.422422422422421562e+00 3.391019883808497198e-02 3.390988236912088893e-02
8.394394394394394610e+00 3.370744546351383403e-02 3.370715412466799427e-02
8.366366366366367657e+00 3.348126647675394446e-02 3.348100016469775231e-02
8.338338338338338929e+00 3.323422448902613180e-02 3.323398293545892085e-02
8.310310310310310200e+00 3.296883000467790148e-02 3.296861279462875299e-02
8.282282282282281471e+00 3.268751829619907096e-02 3.268732488678392778e-02
8.254254254254254519e+00 3.239263021724600455e-02 3.239245995639675885e-02
8.226226226226227567e+00 3.208639683295618633e-02 3.208624897768294626e-02
8.198198198198198838e+00 3.177092773815962806e-02 3.177080147201894605e-02
8.170170170170170110e+00 3.144820278688797294e-02 3.144809723637691928e-02
8.142142142142141381e+00 3.112006690932762540e-02 3.111998115901578113e-02
8.114114114114114429e+00 3.078822766191943727e-02 3.078816076819253580e-02
8.086086086086085700e+00 3.045425514108003259e-02 3.045420614442845286e-02
8.058058058058058748e+00 3.011958389160420552e-02 3.011955182744096085e-02
8.030030030030030019e+00 2.978551645385266178e-02 2.978550036188496938e-02
8.002002002002001291e+00 2.945322821611478376e-02 2.945322714832925709e-02
7.973973973973974338e+00 2.912377326714223405e-02 2.912378629448278064e-02
7.945945945945945610e+00 2.879809097623716937e-02 2.879811719407114265e-02
7.917917917917917769e+00 2.847701306234820887e-02 2.847705159483392839e-02
7.889889889889889929e+00 2.816127094771051984e-02 2.816132095117300851e-02
7.861861861861862089e+00 2.785150322405676587e-02 2.785156388948453396e-02
7.833833833833834248e+00 2.754826308603827711e-02 2.754833364081736569e-02
7.805805805805805520e+00 2.725202562358860006e-02 2.725210533257105272e-02
7.777777777777777679e+00 2.696319489260287985e-02 2.696328305861298361e-02
7.749749749749749839e+00 2.668211069242255526e-02 2.668220665628419364e-02
7.721721721721721998e+00 2.640905500199967892e-02 2.640915814217536725e-02
7.693693693693694158e+00 2.614425804338039658e-02 2.614436777528660050e-02
7.665665665665665429e+00 2.588790395431705971e-02 2.588801972938684776e-02
7.637637637637637589e+00 2.564013606258859143e-02 2.564025736713640077e-02
7.609609609609609748e+00 2.540106176319551975e-02 2.540118811712855154e-02
7.581581581581581908e+00 2.517075700626852583e-02 2.517088796169266243e-02
7.553553553553553179e+00 2.494927040861096706e-02 2.494940554836606872e-02
7.525525525525525339e+00 2.473662700549392190e-02 2.473676594164440912e-02
7.497497497497497498e+00 2.453283166186140743e-02 2.453297403416903472e-02
7.469469469469469658e+00 2.433787216373343998e-02 2.433801763813251556e-02
7.441441441441441818e+00 2.415172200996213228e-02 2.415187027705387526e-02
7.413413413413413089e+00 2.397434291716884699e-02 2.397449369074627218e-02
7.385385385385385248e+00 2.380568708997476621e-02 2.380584010558871311e-02
7.357357357357357408e+00 2.364569925911830239e-02 2.364585427269099219e-02
7.329329329329329568e+00 2.349431849876141426e-02 2.349447528525364093e-02
7.301301301301301727e+00 2.335147984970818366e-02 2.335163820184487857e-02
7.273273273273272999e+00 2.321711576692815290e-02 2.321727549398128199e-02
7.245245245245245158e+00 2.309115740853807247e-02 2.309131833517239982e-02
7.217217217217217318e+00 2.297353578220738546e-02 2.297369774738625137e-02
7.189189189189189477e+00 2.286418276374448111e-02 2.286434561969414789e-02
7.161161161161161637e+00 2.276303200144223077e-02 2.276319561267698202e-02
7.133133133133132908e+00 2.267001971861575330e-02 2.267018396101841762e-02
7.105105105105105068e+00 2.258508542565326738e-02 2.258525018560979952e-02
7.077077077077077227e+00 2.250817255185588728e-02 2.250833772544442654e-02
7.049049049049049387e+00 2.243922900635017884e-02 2.243939449857876994e-02
7.021021021021020658e+00 2.237820767618148299e-02 2.237837340027140284e-02
6.992992992992992818e+00 2.232506686528096598e-02 2.232523274199775185e-02
6.964964964964964977e+00 2.227977069186327236e-02 2.227993664888499106e-02
6.936936936936937137e+00 2.224228944600166111e-02 2.224245541732983514e-02
6.908908908908909297e+00 2.221259990421990682e-02 2.221276582962540894e-02
6.880880880880880568e+00 2.219068561094487274e-02 2.219085143544675606e-02
6.852852852852852727e+00 2.217653713094277362e-02 2.217670280431956534e-02
6.824824824824824887e+00 2.217015227604198987e-02 2.217031775237058785e-02
6.796796796796797047e+00 2.217153630887304383e-02 2.217170154609451188e-02
6.768768768768769206e+00 2.218070212581452899e-02 2.218086708532351209e-02
6.740740740740740478e+00 2.219767042080058456e-02 2.219783506705637691e-02
6.712712712712712637e+00 2.222246983113487437e-02 2.222263413129401538e-02
6.684684684684684797e+00 2.225513706595673089e-02 2.225530098952115121e-02
6.656656656656656956e+00 2.229571701749587243e-02 2.229588053597797090e-02
6.628628628628629116e+00 2.234426285475897556e-02 2.234442594136251334e-02
6.600600600600600387e+00 2.240083609879481991e-02 2.240099872810624726e-02
6.572572572572572547e+00 2.246550667831163223e-02 2.246566882600549778e-02
6.544544544544544706e+00 2.253835296433263566e-02 2.253851460688370903e-02
6.516516516516516866e+00 2.261946178020237883e-02 2.261962289461076636e-02
6.488488488488488137e+00 2.270892838398291119e-02 2.270908894750464299e-02
6.460460460460460297e+00 2.280685642037827074e-02 2.280701641026379109e-02
6.432432432432432456e+00 2.291335783820519847e-02 2.291351723144531213e-02
6.404404404404404616e+00 2.302855276888340214e-02 2.302871154196059825e-02
6.376376376376376776e+00 2.315256936089728559e-02 2.315272748954381316e-02
6.348348348348348047e+00 2.328554356471979406e-02 2.328570102368186095e-02
6.320320320320320207e+00 2.342761886226132212e-02 2.342777562506970918e-02
6.292292292292292366e+00 2.357894593455932622e-02 2.357910197330751259e-02
6.264264264264264526e+00 2.373968226118843353e-02 2.373983754631896204e-02
6.236236236236236685e+00 2.390999164475664934e-02 2.391014614485705361e-02
6.208208208208207957e+00 2.409004365392709845e-02 2.409019733553690798e-02
6.180180180180180116e+00 2.428001297868356487e-02 2.428016580611554523e-02
6.152152152152152276e+00 2.448007869280294235e-02 2.448023062797893487e-02
6.124124124124124435e+00 2.469042341875756288e-02 2.469057442106458236e-02
6.096096096096096595e+00 2.491123238738826573e-02 2.491138241355395078e-02
6.068068068068067866e+00 2.514269239463298028e-02 2.514284139862940637e-02
6.040040040040040026e+00 2.538499065451472331e-02 2.538513858749045712e-02
6.012012012012012185e+00 2.563831355046852431e-02 2.563846036071169843e-02
5.983983983983984345e+00 2.590284529042143763e-02 2.590299092336168993e-02
5.955955955955955616e+00 2.617876647445329524e-02 2.617891087270557762e-02
5.927927927927928664e+00 2.646625258766336503e-02 2.646639569111368731e-02
5.899899899899899935e+00 2.676547243498875878e-02 2.676561418092838693e-02
5.871871871871871207e+00 2.707658653905831506e-02 2.707672686236995210e-02
5.843843843843844255e+00 2.739974552655955256e-02 2.739988435995373284e-02
5.815815815815815526e+00 2.773508853286415360e-02 2.773522580716887564e-02
5.787787787787788574e+00 2.808274165859487095e-02 2.808287730309739008e-02
5.759759759759759845e+00 2.844281651518966447e-02 2.844295045802752026e-02
5.731731731731731116e+00 2.881540889942526065e-02 2.881554106802410031e-02
5.703703703703704164e+00 2.920059763892310020e-02 2.920072796047539984e-02
5.675675675675675436e+00 2.959844364565213104e-02 2.959857204762751312e-02
5.647647647647648483e+00 3.000898922118911544e-02 3.000911563187183204e-02
5.619619619619619755e+00 3.043225765081874687e-02 3.043238199985785070e-02
5.591591591591591026e+00 3.086825311781208822e-02 3.086837533677128098e-02
5.563563563563564074e+00 3.131696096302895999e-02 3.131708098592696221e-02
5.535535535535535345e+00 3.177834830593635057e-02 3.177846606976027916e-02
5.507507507507508393e+00 3.225236503195963444e-02 3.225248047713653171e-02
5.479479479479479664e+00 3.273894513792638405e-02 3.273905820874044997e-02
5.451451451451450936e+00 3.323800841255983990e-02 3.323811905749945311e-02
5.423423423423423984e+00 3.374946241313233480e-02 3.374957058515554165e-02
5.395395395395395255e+00 3.427320468343670462e-02 3.427331034014614169e-02
5.367367367367368303e+00 3.480912514344767367e-02 3.480922824716882469e-02
5.339339339339339574e+00 3.535710856897827242e-02 3.535720908673793683e-02
5.311311311311310845e+00 3.591703707207231921e-02 3.591713497548132406e-02
5.283283283283283893e+00 3.648879249189731361e-02 3.648888775694573983e-02
5.255255255255255165e+00 3.707225860786645538e-02 3.707235121464267508e-02
5.227227227227226436e+00 3.766732310362271713e-02 3.766741303597307550e-02
5.199199199199199484e+00 3.827387922987095931e-02 3.827396647502079308e-02
5.171171171171170755e+00 3.889182713732099866e-02 3.889191168547478233e-02
5.143143143143143803e+00 3.952107487967120719e-02 3.952115672361407317e-02
5.115115115115115074e+00 4.016153911422275929e-02 4.016161824893860199e-02
5.087087087087086346e+00 4.081314555205382139e-02 4.081322197437389776e-02
5.059059059059059393e+00 4.147582922818674606e-02 4.147590293647897275e-02
5.031031031031030665e+00 4.214953467327083036e-02 4.214960566717211587e-02
5.003003003003003712e+00 4.283421607159226124e-02 4.283428435178164573e-02
4.974974974974974984e+00 4.352983748644791151e-02 4.352990305445852970e-02
4.946946946946946255e+00 4.423637322466399124e-02 4.423643608272123662e-02
4.918918918918919303e+00 4.495380839921575555e-02 4.495386855009394361e-02
4.890890890890890574e+00 4.568213973438747799e-02 4.568219718127165818e-02
4.862862862862863622e+00 4.642137664337783742e-02 4.642143138971592531e-02
4.834834834834834894e+00 4.717154259198370891e-02 4.717159464131844698e-02
4.806806806806806165e+00 4.793267674785033072e-02 4.793272610361562491e-02
4.778778778778779213e+00 4.870483589921020123e-02 4.870488256447760150e-02
4.750750750750750484e+00 4.948809660478827727e-02 4.948814058195290938e-02
4.722722722722723532e+00 5.028255751015922592e-02 5.028259880054765374e-02
4.694694694694694803e+00 5.108834173022699932e-02 5.108838033362082809e-02
4.666666666666666075e+00 5.190559915228584037e-02 5.190563506634911228e-02
4.638638638638639122e+00 5.273450846134376813e-02 5.273454168095482314e-02
4.610610610610610394e+00 5.357527863526624634e-02 5.357530915176340891e-02
4.582582582582583441e+00 5.442814961277284147e-02 5.442817741313100977e-02
4.554554554554554713e+00 5.529339181717951579e-02 5.529341688315926595e-02
4.526526526526525984e+00 5.617130423901114250e-02 5.617132654632957245e-02
4.498498498498499032e+00 5.706221085410732863e-02 5.706223037169769891e-02
4.470470470470470303e+00 5.796645528554434518e-02 5.796647197497482862e-02
4.442442442442443351e+00 5.888439380063578699e-02 5.888440761575828436e-02
4.414414414414414622e+00 5.981638694712160254e-02 5.981639783400467814e-02
4.386386386386385894e+00 6.076279034400208778e-02 6.076279824117948591e-02
4.358358358358358942e+00 6.172394531567147041e-02 6.172395015470208413e-02
4.330330330330330213e+00 6.270017015469649124e-02 6.270017186100072804e-02
4.302302302302303261e+00 6.369175279880345819e-02 6.369175129269780133e-02
4.274274274274274532e+00 6.469894560433989139e-02 6.469894080217625243e-02
4.246246246246245803e+00 6.572196270591475209e-02 6.572195452120746517e-02
4.218218218218218851e+00 6.676098020021860313e-02 6.676096854464498576e-02
4.190190190190190123e+00 6.781613911950104545e-02 6.781612390367681986e-02
4.162162162162161394e+00 6.888755090344191034e-02 6.888753203738497144e-02
4.134134134134134442e+00 6.997530486348238488e-02 6.997528225671147128e-02
4.106106106106105713e+00 7.107947697252986474e-02 7.107945053377139055e-02
4.078078078078078761e+00 7.220013920259873985e-02 7.220010883910249477e-02
4.050050050050050032e+00 7.333736856229082501e-02 7.333733417877966176e-02
4.022022022022021304e+00 7.449125494372046963e-02 7.449121644102717210e-02
3.993993993993994351e+00 7.566190687062419873e-02 7.566186414409181715e-02
3.965965965965965623e+00 7.684945425366407346e-02 7.684940719140842535e-02
3.937937937937938671e+00 7.805404732238095666e-02 7.805399580354245581e-02
3.909909909909909942e+00 7.927585103677360634e-02 7.927579492989651755e-02
3.881881881881881213e+00 8.051503450052197031e-02 8.051497366221430085e-02
3.853853853853854261e+00 8.177175520268051279e-02 8.177168947670168664e-02
3.825825825825825532e+00 8.304613828621525140e-02 8.304606750312311381e-02
3.797797797797798580e+00 8.433825144198675572e-02 8.433817541943965101e-02
3.769769769769769852e+00 8.564807640533403377e-02 8.564799494910273203e-02
3.741741741741741123e+00 8.697547833695425112e-02 8.697539124264500043e-02
3.713713713713714171e+00 8.832017455705497289e-02 8.832008161248829092e-02
3.685685685685685442e+00 8.968170414608248042e-02 8.968160513422671065e-02
3.657657657657658490e+00 9.105939982199054428e-02 9.105929452431399396e-02
3.629629629629629761e+00 9.245236326764030843e-02 9.245225146771751668e-02
3.601601601601601033e+00 9.385944474075125221e-02 9.385932622796140656e-02
3.573573573573574080e+00 9.527922738792589386e-02 9.527910196107952645e-02
3.545545545545545352e+00 9.671001624376784900e-02 9.670988371453792531e-02
3.517517517517518399e+00 9.814983145382136231e-02 9.814969164987359662e-02
3.489489489489489671e+00 9.959640485792975451e-02 9.959625762572736629e-02
3.461461461461460942e+00 1.010471787406432426e-01 1.010470239479156346e-01
3.433433433433433990e+00 1.024993053311851199e-01 1.024991428691467699e-01
3.405405405405405261e+00 1.039496455524678425e-01 1.039494753379135578e-01
3.377377377377378309e+00 1.053947656043294212e-01 1.053945875817719063e-01
3.349349349349349581e+00 1.068309302359923413e-01 1.068307443800526474e-01
3.321321321321320852e+00 1.082540920134143492e-01 1.082538983316796988e-01
3.293293293293293900e+00 1.096598764926336456e-01 1.096596750291815858e-01
3.265265265265265171e+00 1.110435639213957909e-01 1.110433547611410637e-01
3.237237237237238219e+00 1.124000688400496190e-01 1.123998521140011225e-01
3.209209209209209490e+00 1.137239196582340711e-01 1.137236955496721963e-01
3.181181181181180762e+00 1.150092408618960393e-01 1.150090096133615097e-01
3.153153153153153809e+00 1.162497408747353855e-01 1.162495027956438748e-01
3.125125125125125081e+00 1.174387087199721263e-01 1.174384641945536295e-01
3.097097097097096352e+00 1.185690224357125316e-01 1.185687719309234112e-01
3.069069069069069400e+00 1.196331717167056635e-01 1.196329157897080275e-01
3.041041041041040671e+00 1.206232965504292903e-01 1.206230358552236592e-01
3.013013013013013719e+00 1.215312427486341107e-01 1.215309780414719626e-01
2.984984984984984990e+00 1.223486343760121220e-01 1.223483665192536957e-01
2.956956956956956262e+00 1.230669622651678896e-01 1.230666922293313786e-01
2.928928928928929309e+00 1.236776871829392416e-01 1.236774160467558614e-01
2.900900900900900581e+00 1.241723558334512367e-01 1.241720847818018614e-01
2.872872872872873629e+00 1.245427277431081087e-01 1.245424580627453176e-01
2.844844844844844900e+00 1.247809111045189157e-01 1.247806441774971659e-01
2.816816816816816171e+00 1.248795057444608142e-01 1.248792430391961750e-01
2.788788788788789219e+00 1.248317513882328256e-01 1.248314944480556632e-01
2.760760760760760490e+00 1.246316791926098677e-01 1.246314296217218703e-01
2.732732732732733538e+00 1.242742640052559300e-01 1.242740234519530557e-01
2.704704704704704810e+00 1.237555740597749004e-01 1.237553441969265616e-01
2.676676676676676081e+00 1.230729137938360723e-01 1.230726962966645771e-01
2.648648648648649129e+00 1.222249542261800992e-01 1.222247507476119516e-01
2.620620620620620400e+00 1.212118443501718074e-01 1.212116564942020275e-01
2.592592592592593448e+00 1.200352962529006029e-01 1.200351255467066169e-01
2.564564564564564719e+00 1.186986364794344884e-01 1.186984843451662497e-01
2.536536536536535991e+00 1.172068166925533811e-01 1.172066844199637636e-01
2.508508508508509038e+00 1.155663780096322923e-01 1.155662667308175184e-01
2.480480480480480310e+00 1.137853654951573312e-01 1.137852761626962084e-01
2.452452452452453358e+00 1.118731919897224675e-01 1.118731253594287406e-01
2.424424424424424629e+00 1.098404534955617906e-01 1.098404101148193063e-01
2.396396396396395900e+00 1.076987013748556821e-01 1.076986815772063011e-01
2.368368368368368948e+00 1.054601792924317882e-01 1.054601831987126981e-01
2.340340340340340219e+00 1.031375348300340167e-01 1.031375623559003252e-01
2.312312312312313267e+00 1.007435166624206652e-01 1.007435675317267243e-01
2.284284284284284539e+00 9.829066831340586841e-02 9.829074207654697748e-02
2.256256256256255810e+00 9.579102913870857217e-02 9.579112519475153908e-02
2.228228228228228858e+00 9.325585040286099581e-02 9.325596802411455222e-02
2.200200200200200129e+00 9.069533241952884572e-02 9.069547077712712679e-02
2.172172172172171400e+00 8.811838586674605733e-02 8.811854405580500649e-02
2.144144144144144448e+00 8.553241743685195686e-02 8.553259449983587059e-02
2.116116116116115720e+00 8.294313720138266066e-02 8.294333214840254875e-02
2.088088088088088767e+00 8.035438263024519134e-02 8.035459445508398579e-02
2.060060060060060039e+00 7.776795225850220705e-02 7.776817994919431321e-02
2.032032032032031310e+00 7.518344067697545208e-02 7.518368321974340518e-02
2.004004004004004358e+00 7.259806598750308260e-02 7.259832236269483929e-02
1.975975975975975629e+00 7.000648134695895697e-02 7.000675051531832227e-02
1.947947947947948677e+00 6.740056414233003279e-02 6.740084501944920703e-02
1.919919919919919948e+00 6.476918042355364613e-02 6.476947183967109167e-02
1.891891891891891220e+00 6.209792858606615756e-02 6.209822922742515294e-02
1.863863863863864268e+00 5.936887586512121923e-02 5.936918419182274365e-02
1.835835835835835539e+00 5.656033525082299063e-02 5.656064938489625826e-02
1.807807807807808587e+00 5.364675308480941485e-02 5.364707066101593452e-02
1.779779779779779858e+00 5.059883825425970372e-02 5.059915622580712924e-02
1.751751751751751129e+00 4.738415532890671161e-02 4.738446972242792155e-02
1.723723723723724177e+00 4.396853661593331380e-02 4.396884223824228805e-02
1.695695695695695449e+00 4.031885142622480822e-02 4.031914154577505294e-02
1.667667667667668496e+00 3.640787659525601683e-02 3.640814266656142856e-02
1.639639639639639768e+00 3.222212389996640530e-02 3.222235548093432822e-02
1.611611611611611039e+00 2.777313408149578375e-02 2.777331923686168422e-02
1.583583583583584087e+00 2.311101321243427473e-02 2.311113979642559491e-02
1.555555555555555358e+00 1.833485885721814618e-02 1.833491693062096889e-02
1.527527527527528406e+00 1.359077931854457168e-02 1.359076359983336230e-02
1.499499499499499677e+00 9.059075739410503078e-03 9.058987696189967770e-03
1.471471471471470949e+00 4.924455854191688194e-03 4.924304413908463067e-03
1.443443443443443996e+00 1.334314221193014715e-03 1.334113326570610667e-03
1.415415415415415268e+00 -1.621434422106557112e-03 -1.621668813103217073e-03
1.387387387387388316e+00 -3.912977273535930660e-03 -3.913229717330946218e-03
1.359359359359359587e+00 -5.563151192338812098e-03 -5.563408513852126369e-03
1.331331331331330858e+00 -6.632467428182517617e-03 -6.632719441004481659e-03
1.303303303303303906e+00 -7.203305925659863121e-03 -7.203545456367878817e-03
1.275275275275275177e+00 -7.366583660946782013e-03 -7.366806194166674107e-03
1.247247247247248225e+00 -7.211926576861828718e-03 -7.212129744865266971e-03
1.219219219219219497e+00 -6.821251029421267903e-03 -6.821434074822539141e-03
1.191191191191190768e+00 -6.265271286166748492e-03 -6.265434572820156173e-03
1.163163163163163816e+00 -5.602251590676546669e-03 -5.602396198294336618e-03
1.135135135135135087e+00 -4.878297008887181978e-03 -4.878424421240381247e-03
1.107107107107106359e+00 -4.128557225430859456e-03 -4.128669105926788784e-03
1.079079079079079406e+00 -3.378858135357573015e-03 -3.378956175838159371e-03
1.051051051051050678e+00 -2.647427841058653652e-03 -2.647513667288286902e-03
1.023023023023023725e+00 -1.946516269550503794e-03 -1.946591387892379578e-03
9.949949949949949968e-01 -1.283808266801800052e-03 -1.283874039105834409e-03
9.669669669669662682e-01 -6.635953749922975271e-04 -6.636530117573529548e-04
9.389389389389393159e-01 -8.771256608584760718e-05 -8.776313071044422457e-05
9.109109109109105873e-01 4.437337214012908380e-04 4.436893022336683089e-04
8.828828828828836350e-01 9.318128583814355541e-04 9.317737814352855096e-04
8.548548548548549064e-01 1.378358788566468301e-03 1.378324359936558422e-03
8.268268268268261778e-01 1.785669700736702966e-03 1.785639322074512782e-03
7.987987987987992256e-01 2.156292729841620924e-03 2.156265885570824662e-03
7.707707707707704969e-01 2.492872699131230482e-03 2.492848944946526608e-03
7.427427427427435447e-01 2.798048381043595576e-03 2.798027333775736022e-03
7.147147147147148161e-01 3.074383549123650174e-03 3.074364877934351956e-03
6.866866866866860875e-01 3.324323176825696134e-03 3.324306595631152002e-03
6.586586586586591352e-01 3.550167570454352932e-03 3.550152831448351570e-03
6.306306306306304066e-01 3.754059099817433961e-03 3.754045987958190642e-03
6.026026026026034543e-01 3.937977603215711379e-03 3.937965931545660790e-03
5.745745745745747257e-01 4.103741653717995694e-03 4.103731259397698852e-03
5.465465465465459971e-01 4.253013651083915880e-03 4.253004392031973190e-03
5.185185185185190448e-01 4.387307229900079888e-03 4.387298981947662484e-03
4.904904904904903162e-01 4.507995981904990360e-03 4.507988636383594358e-03
4.624624624624633640e-01 4.616322779681314263e-03 4.616316241376738558e-03
4.344344344344346354e-01 4.713409212614675867e-03 4.713403398030014887e-03
4.064064064064059068e-01 4.800264808633449530e-03 4.800259644512506162e-03
3.783783783783789545e-01 4.877795831168531444e-03 4.877791253240082794e-03
3.503503503503502259e-01 4.946813522609443993e-03 4.946809474517943096e-03
3.223223223223232736e-01 5.008041722579960678e-03 5.008038154974625393e-03
2.942942942942945450e-01 5.062123828457668756e-03 5.062120698217273743e-03
2.662662662662658164e-01 5.109629091726654998e-03 5.109626361299504996e-03
2.382382382382388641e-01 5.151058260634369147e-03 5.151055897477666706e-03
2.102102102102101355e-01 5.186848589889755078e-03 5.186846565995113789e-03
1.821821821821831833e-01 5.217378242005935203e-03 5.217376533499359405e-03
1.541541541541544547e-01 5.242970109806750073e-03 5.242968696614427361e-03
1.261261261261257260e-01 5.263895096725768226e-03 5.263893962297516368e-03
9.809809809809877379e-02 5.280374870160427225e-03 5.280374001245463807e-03
7.007007007007004518e-02 5.292584115884927005e-03 5.292583502354291855e-03
4.204204204204131656e-02 5.300652315574120969e-03 5.300651950286381676e-03
1.401401401401436431e-02 5.304665064620473110e-03 5.304664943327819238e-03
-1.401401401401436431e-02 5.304664943327819238e-03 5.304665064620473110e-03
-4.204204204204131656e-02 5.300651950286381676e-03 5.300652315574120969e-03
-7.007007007007004518e-02 5.292583502354291855e-03 5.292584115884927005e-03
-9.809809809809877379e-02 5.280374001245463807e-03 5.280374870160427225e-03
-1.261261261261257260e-01 5.263893962297516368e-03 5.263895096725768226e-03
-1.541541541541544547e-01 5.242968696614427361e-03 5.242970109806750073e-03
-1.821821821821814069e-01 5.217376533499359405e-03 5.217378242005935203e-03
-2.102102102102101355e-01 5.186846565995113789e-03 5.186848589889755078e-03
-2.382382382382388641e-01 5.151055897477666706e-03 5.151058260634369147e-03
-2.662662662662658164e-01 5.109626361299504996e-03 5.109629091726654998e-03
-2.942942942942945450e-01 5.062120698217273743e-03 5.062123828457668756e-03
-3.223223223223214973e-01 5.008038154974625393e-03 5.008041722579960678e-03
-3.503503503503502259e-01 4.946809474517943096e-03 4.946813522609443993e-03
-3.783783783783789545e-01 4.877791253240082794e-03 4.877795831168531444e-03
-4.064064064064059068e-01 4.800259644512506162e-03 4.800264808633449530e-03
-4.344344344344346354e-01 4.713403398030014887e-03 4.713409212614675867e-03
-4.624624624624615876e-01 4.616316241376738558e-03 4.616322779681314263e-03
-4.904904904904903162e-01 4.507988636383594358e-03 4.507995981904990360e-03
-5.185185185185190448e-01 4.387298981947662484e-03 4.387307229900079888e-03
-5.465465465465459971e-01 4.253004392031973190e-03 4.253013651083915880e-03
-5.745745745745747257e-01 4.103731259397698852e-03 4.103741653717995694e-03
-6.026026026026016780e-01 3.937965931545660790e-03 3.937977603215711379e-03
-6.306306306306304066e-01 3.754045987958190642e-03 3.754059099817433961e-03
-6.586586586586591352e-01 3.550152831448351570e-03 3.550167570454352932e-03
-6.866866866866860875e-01 3.324306595631152002e-03 3.324323176825696134e-03
-7.147147147147148161e-01 3.074364877934351956e-03 3.074383549123650174e-03
-7.427427427427417683e-01 2.798027333775736022e-03 2.798048381043595576e-03
-7.707707707707704969e-01 2.492848944946526608e-03 2.492872699131230482e-03
-7.987987987987992256e-01 2.156265885570824662e-03 2.156292729841620924e-03
-8.268268268268261778e-01 1.785639322074512782e-03 1.785669700736702966e-03
-8.548548548548549064e-01 1.378324359936558422e-03 1.378358788566468301e-03
-8.828828828828836350e-01 9.317737814352855096e-04 9.318128583814355541e-04
-9.109109109109105873e-01 4.436893022336683089e-04 4.437337214012908380e-04
-9.389389389389393159e-01 -8.776313071044422457e-05 -8.771256608584760718e-05
-9.669669669669662682e-01 -6.636530117573529548e-04 -6.635953749922975271e-04
-9.949949949949949968e-01 -1.283874039105834409e-03 -1.283808266801800052e-03
-1.023023023023023725e+00 -1.946591387892379578e-03 -1.946516269550503794e-03
-1.051051051051050678e+00 -2.647513667288286902e-03 -2.647427841058653652e-03
-1.079079079079079406e+00 -3.378956175838159371e-03 -3.378858135357573015e-03
-1.107107107107106359e+00 -4.128669105926788784e-03 -4.128557225430859456e-03
-1.135135135135135087e+00 -4.878424421240381247e-03 -4.878297008887181978e-03
-1.163163163163163816e+00 -5.602396198294336618e-03 -5.602251590676546669e-03
-1.191191191191190768e+00 -6.265434572820156173e-03 -6.265271286166748492e-03
-1.219219219219219497e+00 -6.821434074822539141e-03 -6.821251029421267903e-03
-1.247247247247246449e+00 -7.212129744865266971e-03 -7.211926576861828718e-03
-1.275275275275275177e+00 -7.366806194166674107e-03 -7.366583660946782013e-03
-1.303303303303303906e+00 -7.203545456367878817e-03 -7.203305925659863121e-03
-1.331331331331330858e+00 -6.632719441004481659e-03 -6.632467428182517617e-03
-1.359359359359359587e+00 -5.563408513852126369e-03 -5.563151192338812098e-03
-1.387387387387386539e+00 -3.913229717330946218e-03 -3.912977273535930660e-03
-1.415415415415415268e+00 -1.621668813103217073e-03 -1.621434422106557112e-03
-1.443443443443443996e+00 1.334113326570610667e-03 1.334314221193014715e-03
-1.471471471471470949e+00 4.924304413908463067e-03 4.924455854191688194e-03
-1.499499499499499677e+00 9.058987696189967770e-03 9.059075739410503078e-03
-1.527527527527526630e+00 1.359076359983336230e-02 1.359077931854457168e-02
-1.555555555555555358e+00 1.833491693062096889e-02 1.833485885721814618e-02
-1.583583583583584087e+00 2.311113979642559491e-02 2.311101321243427473e-02
-1.611611611611611039e+00 2.777331923686168422e-02 2.777313408149578375e-02
-1.639639639639639768e+00 3.222235548093432822e-02 3.222212389996640530e-02
-1.667667667667666720e+00 3.640814266656142856e-02 3.640787659525601683e-02
-1.695695695695695449e+00 4.031914154577505294e-02 4.031885142622480822e-02
-1.723723723723724177e+00 4.396884223824228805e-02 4.396853661593331380e-02
-1.751751751751751129e+00 4.738446972242792155e-02 4.738415532890671161e-02
-1.779779779779779858e+00 5.059915622580712924e-02 5.059883825425970372e-02
-1.807807807807806810e+00 5.364707066101593452e-02 5.364675308480941485e-02
-1.835835835835835539e+00 5.656064938489625826e-02 5.656033525082299063e-02
-1.863863863863864268e+00 5.936918419182274365e-02 5.936887586512121923e-02
-1.891891891891891220e+00 6.209822922742515294e-02 6.209792858606615756e-02
-1.919919919919919948e+00 6.476947183967109167e-02 6.476918042355364613e-02
-1.947947947947948677e+00 6.740084501944920703e-02 6.740056414233003279e-02
-1.975975975975975629e+00 7.000675051531832227e-02 7.000648134695895697e-02
-2.004004004004002581e+00 7.259832236269483929e-02 7.259806598750308260e-02
-2.032032032032031310e+00 7.518368321974340518e-02 7.518344067697545208e-02
-2.060060060060060039e+00 7.776817994919431321e-02 7.776795225850220705e-02
-2.088088088088088767e+00 8.035459445508398579e-02 8.035438263024519134e-02
-2.116116116116117496e+00 8.294333214840254875e-02 8.294313720138266066e-02
-2.144144144144142672e+00 8.553259449983587059e-02 8.553241743685195686e-02
-2.172172172172171400e+00 8.811854405580500649e-02 8.811838586674605733e-02
-2.200200200200200129e+00 9.069547077712712679e-02 9.069533241952884572e-02
-2.228228228228228858e+00 9.325596802411455222e-02 9.325585040286099581e-02
-2.256256256256257586e+00 9.579112519475153908e-02 9.579102913870857217e-02
-2.284284284284282762e+00 9.829074207654697748e-02 9.829066831340586841e-02
-2.312312312312311491e+00 1.007435675317267243e-01 1.007435166624206652e-01
-2.340340340340340219e+00 1.031375623559003252e-01 1.031375348300340167e-01
-2.368368368368368948e+00 1.054601831987126981e-01 1.054601792924317882e-01
-2.396396396396397677e+00 1.076986815772063011e-01 1.076987013748556821e-01
-2.424424424424422853e+00 1.098404101148193063e-01 1.098404534955617906e-01
-2.452452452452451581e+00 1.118731253594287406e-01 1.118731919897224675e-01
-2.480480480480480310e+00 1.137852761626962084e-01 1.137853654951573312e-01
-2.508508508508509038e+00 1.155662667308175184e-01 1.155663780096322923e-01
-2.536536536536537767e+00 1.172066844199637636e-01 1.172068166925533811e-01
-2.564564564564562943e+00 1.186984843451662497e-01 1.186986364794344884e-01
-2.592592592592591672e+00 1.200351255467066169e-01 1.200352962529006029e-01
-2.620620620620620400e+00 1.212116564942020275e-01 1.212118443501718074e-01
-2.648648648648649129e+00 1.222247507476119516e-01 1.222249542261800992e-01
-2.676676676676677857e+00 1.230726962966645771e-01 1.230729137938360723e-01
-2.704704704704703033e+00 1.237553441969265616e-01 1.237555740597749004e-01
-2.732732732732731762e+00 1.242740234519530557e-01 1.242742640052559300e-01
-2.760760760760760490e+00 1.246314296217218703e-01 1.246316791926098677e-01
-2.788788788788789219e+00 1.248314944480556632e-01 1.248317513882328256e-01
-2.816816816816817948e+00 1.248792430391961750e-01 1.248795057444608142e-01
-2.844844844844843124e+00 1.247806441774971659e-01 1.247809111045189157e-01
-2.872872872872871852e+00 1.245424580627453176e-01 1.245427277431081087e-01
-2.900900900900900581e+00 1.241720847818018614e-01 1.241723558334512367e-01
-2.928928928928929309e+00 1.236774160467558614e-01 1.236776871829392416e-01
-2.956956956956958038e+00 1.230666922293313786e-01 1.230669622651678896e-01
-2.984984984984983214e+00 1.223483665192536957e-01 1.223486343760121220e-01
-3.013013013013011943e+00 1.215309780414719626e-01 1.215312427486341107e-01
-3.041041041041040671e+00 1.206230358552236592e-01 1.206232965504292903e-01
-3.069069069069069400e+00 1.196329157897080275e-01 1.196331717167056635e-01
-3.097097097097098128e+00 1.185687719309234112e-01 1.185690224357125316e-01
-3.125125125125123304e+00 1.174384641945536295e-01 1.174387087199721263e-01
-3.153153153153152033e+00 1.162495027956438748e-01 1.162497408747353855e-01
-3.181181181181180762e+00 1.150090096133615097e-01 1.150092408618960393e-01
-3.209209209209209490e+00 1.137236955496721963e-01 1.137239196582340711e-01
-3.237237237237238219e+00 1.123998521140011225e-01 1.124000688400496190e-01
-3.265265265265263395e+00 1.110433547611410637e-01 1.110435639213957909e-01
-3.293293293293292123e+00 1.096596750291815858e-01 1.096598764926336456e-01
-3.321321321321320852e+00 1.082538983316796988e-01 1.082540920134143492e-01
-3.349349349349349581e+00 1.068307443800526474e-01 1.068309302359923413e-01
-3.377377377377378309e+00 1.053945875817719063e-01 1.053947656043294212e-01
-3.405405405405403485e+00 1.039494753379135578e-01 1.039496455524678425e-01
-3.433433433433432214e+00 1.024991428691467699e-01 1.024993053311851199e-01
-3.461461461461460942e+00 1.010470239479156346e-01 1.010471787406432426e-01
-3.489489489489489671e+00 9.959625762572736629e-02 9.959640485792975451e-02
-3.517517517517518399e+00 9.814969164987359662e-02 9.814983145382136231e-02
-3.545545545545547128e+00 9.670988371453792531e-02 9.671001624376784900e-02
-3.573573573573572304e+00 9.527910196107952645e-02 9.527922738792589386e-02
-3.601601601601601033e+00 9.385932622796140656e-02 9.385944474075125221e-02
-3.629629629629629761e+00 9.245225146771751668e-02 9.245236326764030843e-02
-3.657657657657658490e+00 9.105929452431399396e-02 9.105939982199054428e-02
-3.685685685685687218e+00 8.968160513422671065e-02 8.968170414608248042e-02
-3.713713713713712394e+00 8.832008161248829092e-02 8.832017455705497289e-02
-3.741741741741741123e+00 8.697539124264500043e-02 8.697547833695425112e-02
-3.769769769769769852e+00 8.564799494910273203e-02 8.564807640533403377e-02
-3.797797797797798580e+00 8.433817541943965101e-02 8.433825144198675572e-02
-3.825825825825827309e+00 8.304606750312311381e-02 8.304613828621525140e-02
-3.853853853853852485e+00 8.177168947670168664e-02 8.177175520268051279e-02
-3.881881881881881213e+00 8.051497366221430085e-02 8.051503450052197031e-02
-3.909909909909909942e+00 7.927579492989651755e-02 7.927585103677360634e-02
-3.937937937937938671e+00 7.805399580354245581e-02 7.805404732238095666e-02
-3.965965965965967399e+00 7.684940719140842535e-02 7.684945425366407346e-02
-3.993993993993992575e+00 7.566186414409181715e-02 7.566190687062419873e-02
-4.022022022022021304e+00 7.449121644102717210e-02 7.449125494372046963e-02
-4.050050050050050032e+00 7.333733417877966176e-02 7.333736856229082501e-02
-4.078078078078078761e+00 7.220010883910249477e-02 7.220013920259873985e-02
-4.106106106106107489e+00 7.107945053377139055e-02 7.107947697252986474e-02
-4.134134134134132665e+00 6.997528225671147128e-02 6.997530486348238488e-02
-4.162162162162161394e+00 6.888753203738497144e-02 6.888755090344191034e-02
-4.190190190190190123e+00 6.781612390367681986e-02 6.781613911950104545e-02
-4.218218218218218851e+00 6.676096854464498576e-02 6.676098020021860313e-02
-4.246246246246247580e+00 6.572195452120746517e-02 6.572196270591475209e-02
-4.274274274274272756e+00 6.469894080217625243e-02 6.469894560433989139e-02
-4.302302302302301484e+00 6.369175129269780133e-02 6.369175279880345819e-02
-4.330330330330330213e+00 6.270017186100072804e-02 6.270017015469649124e-02
-4.358358358358358942e+00 6.172395015470208413e-02 6.172394531567147041e-02
-4.386386386386387670e+00 6.076279824117948591e-02 6.076279034400208778e-02
-4.414414414414412846e+00 5.981639783400467814e-02 5.981638694712160254e-02
-4.442442442442441575e+00 5.888440761575828436e-02 5.888439380063578699e-02
-4.470470470470470303e+00 5.796647197497482862e-02 5.796645528554434518e-02
-4.498498498498499032e+00 5.706223037169769891e-02 5.706221085410732863e-02
-4.526526526526527761e+00 5.617132654632957245e-02 5.617130423901114250e-02
-4.554554554554552936e+00 5.529341688315926595e-02 5.529339181717951579e-02
-4.582582582582581665e+00 5.442817741313100977e-02 5.442814961277284147e-02
-4.610610610610610394e+00 5.357530915176340891e-02 5.357527863526624634e-02
-4.638638638638639122e+00 5.273454168095482314e-02 5.273450846134376813e-02
-4.666666666666667851e+00 5.190563506634911228e-02 5.190559915228584037e-02
-4.694694694694693027e+00 5.108838033362082809e-02 5.108834173022699932e-02
-4.722722722722721755e+00 5.028259880054765374e-02 5.028255751015922592e-02
-4.750750750750750484e+00 4.948814058195290938e-02 4.948809660478827727e-02
-4.778778778778779213e+00 4.870488256447760150e-02 4.870483589921020123e-02
-4.806806806806807941e+00 4.793272610361562491e-02 4.793267674785033072e-02
-4.834834834834833117e+00 4.717159464131844698e-02 4.717154259198370891e-02
-4.862862862862861846e+00 4.642143138971592531e-02 4.642137664337783742e-02
-4.890890890890890574e+00 4.568219718127165818e-02 4.568213973438747799e-02
-4.918918918918919303e+00 4.495386855009394361e-02 4.495380839921575555e-02
-4.946946946946948032e+00 4.423643608272123662e-02 4.423637322466399124e-02
-4.974974974974973208e+00 4.352990305445852970e-02 4.352983748644791151e-02
-5.003003003003001936e+00 4.283428435178164573e-02 4.283421607159226124e-02
-5.031031031031030665e+00 4.214960566717211587e-02 4.214953467327083036e-02
-5.059059059059059393e+00 4.147590293647897275e-02 4.147582922818674606e-02
-5.087087087087088122e+00 4.081322197437389776e-02 4.081314555205382139e-02
-5.115115115115113298e+00 4.016161824893860199e-02 4.016153911422275929e-02
-5.143143143143142026e+00 3.952115672361407317e-02 3.952107487967120719e-02
-5.171171171171170755e+00 3.889191168547478233e-02 3.889182713732099866e-02
-5.199199199199199484e+00 3.827396647502079308e-02 3.827387922987095931e-02
-5.227227227227228212e+00 3.766741303597307550e-02 3.766732310362271713e-02
-5.255255255255253388e+00 3.707235121464267508e-02 3.707225860786645538e-02
-5.283283283283282117e+00 3.648888775694573983e-02 3.648879249189731361e-02
-5.311311311311310845e+00 3.591713497548132406e-02 3.591703707207231921e-02
-5.339339339339339574e+00 3.535720908673793683e-02 3.535710856897827242e-02
-5.367367367367368303e+00 3.480922824716882469e-02 3.480912514344767367e-02
-5.395395395395393479e+00 3.427331034014614169e-02 3.427320468343670462e-02
-5.423423423423422207e+00 3.374957058515554165e-02 3.374946241313233480e-02
-5.451451451451450936e+00 3.323811905749945311e-02 3.323800841255983990e-02
-5.479479479479479664e+00 3.273905820874044997e-02 3.273894513792638405e-02
-5.507507507507508393e+00 3.225248047713653171e-02 3.225236503195963444e-02
-5.535535535535537122e+00 3.177846606976027916e-02 3.177834830593635057e-02
-5.563563563563562298e+00 3.131708098592696221e-02 3.131696096302895999e-02
-5.591591591591591026e+00 3.086837533677128098e-02 3.086825311781208822e-02
-5.619619619619619755e+00 3.043238199985785070e-02 3.043225765081874687e-02
-5.647647647647648483e+00 3.000911563187183204e-02 3.000898922118911544e-02
-5.675675675675677212e+00 2.959857204762751312e-02 2.959844364565213104e-02
-5.703703703703702388e+00 2.920072796047539984e-02 2.920059763892310020e-02
-5.731731731731731116e+00 2.881554106802410031e-02 2.881540889942526065e-02
-5.759759759759759845e+00 2.844295045802752026e-02 2.844281651518966447e-02
-5.787787787787788574e+00 2.808287730309739008e-02 2.808274165859487095e-02
-5.815815815815817302e+00 2.773522580716887564e-02 2.773508853286415360e-02
-5.843843843843842478e+00 2.739988435995373284e-02 2.739974552655955256e-02
-5.871871871871871207e+00 2.707672686236995210e-02 2.707658653905831506e-02
-5.899899899899899935e+00 2.676561418092838693e-02 2.676547243498875878e-02
-5.927927927927928664e+00 2.646639569111368731e-02 2.646625258766336503e-02
-5.955955955955957393e+00 2.617891087270557762e-02 2.617876647445329524e-02
-5.983983983983982569e+00 2.590299092336168993e-02 2.590284529042143763e-02
-6.012012012012011297e+00 2.563846036071169843e-02 2.563831355046852431e-02
-6.040040040040040026e+00 2.538513858749045712e-02 2.538499065451472331e-02
-6.068068068068068754e+00 2.514284139862940637e-02 2.514269239463298028e-02
-6.096096096096097483e+00 2.491138241355395078e-02 2.491123238738826573e-02
-6.124124124124122659e+00 2.469057442106458236e-02 2.469042341875756288e-02
-6.152152152152151388e+00 2.448023062797893487e-02 2.448007869280294235e-02
-6.180180180180180116e+00 2.428016580611554523e-02 2.428001297868356487e-02
-6.208208208208208845e+00 2.409019733553690798e-02 2.409004365392709845e-02
-6.236236236236237573e+00 2.391014614485705361e-02 2.390999164475664934e-02
-6.264264264264262749e+00 2.373983754631896204e-02 2.373968226118843353e-02
-6.292292292292291478e+00 2.357910197330751259e-02 2.357894593455932622e-02
-6.320320320320320207e+00 2.342777562506970918e-02 2.342761886226132212e-02
-6.348348348348348935e+00 2.328570102368186095e-02 2.328554356471979406e-02
-6.376376376376377664e+00 2.315272748954381316e-02 2.315256936089728559e-02
-6.404404404404402840e+00 2.302871154196059825e-02 2.302855276888340214e-02
-6.432432432432431568e+00 2.291351723144531213e-02 2.291335783820519847e-02
-6.460460460460460297e+00 2.280701641026379109e-02 2.280685642037827074e-02
-6.488488488488489025e+00 2.270908894750464299e-02 2.270892838398291119e-02
-6.516516516516517754e+00 2.261962289461076636e-02 2.261946178020237883e-02
-6.544544544544542930e+00 2.253851460688370903e-02 2.253835296433263566e-02
-6.572572572572571659e+00 2.246566882600549778e-02 2.246550667831163223e-02
-6.600600600600600387e+00 2.240099872810624726e-02 2.240083609879481991e-02
-6.628628628628629116e+00 2.234442594136251334e-02 2.234426285475897556e-02
-6.656656656656657844e+00 2.229588053597797090e-02 2.229571701749587243e-02
-6.684684684684683020e+00 2.225530098952115121e-02 2.225513706595673089e-02
-6.712712712712711749e+00 2.222263413129401538e-02 2.222246983113487437e-02
-6.740740740740740478e+00 2.219783506705637691e-02 2.219767042080058456e-02
-6.768768768768769206e+00 2.218086708532351209e-02 2.218070212581452899e-02
-6.796796796796797935e+00 2.217170154609451188e-02 2.217153630887304383e-02
-6.824824824824823111e+00 2.217031775237058785e-02 2.217015227604198987e-02
-6.852852852852851839e+00 2.217670280431956534e-02 2.217653713094277362e-02
-6.880880880880880568e+00 2.219085143544675606e-02 2.219068561094487274e-02
-6.908908908908909297e+00 2.221276582962540894e-02 2.221259990421990682e-02
-6.936936936936938025e+00 2.224245541732983514e-02 2.224228944600166111e-02
-6.964964964964963201e+00 2.227993664888499106e-02 2.227977069186327236e-02
-6.992992992992991930e+00 2.232523274199775185e-02 2.232506686528096598e-02
-7.021021021021020658e+00 2.237837340027140284e-02 2.237820767618148299e-02
-7.049049049049049387e+00 2.243939449857876994e-02 2.243922900635017884e-02
-7.077077077077078116e+00 2.250833772544442654e-02 2.250817255185588728e-02
-7.105105105105103291e+00 2.258525018560979952e-02 2.258508542565326738e-02
-7.133133133133132020e+00 2.267018396101841762e-02 2.267001971861575330e-02
-7.161161161161160749e+00 2.276319561267698202e-02 2.276303200144223077e-02
-7.189189189189189477e+00 2.286434561969414789e-02 2.286418276374448111e-02
-7.217217217217218206e+00 2.297369774738625137e-02 2.297353578220738546e-02
-7.245245245245243382e+00 2.309131833517239982e-02 2.309115740853807247e-02
-7.273273273273272110e+00 2.321727549398128199e-02 2.321711576692815290e-02
-7.301301301301300839e+00 2.335163820184487857e-02 2.335147984970818366e-02
-7.329329329329329568e+00 2.349447528525364093e-02 2.349431849876141426e-02
-7.357357357357358296e+00 2.364585427269099219e-02 2.364569925911830239e-02
-7.385385385385383472e+00 2.380584010558871311e-02 2.380568708997476621e-02
-7.413413413413412201e+00 2.397449369074627218e-02 2.397434291716884699e-02
-7.441441441441440929e+00 2.415187027705387526e-02 2.415172200996213228e-02
-7.469469469469469658e+00 2.433801763813251556e-02 2.433787216373343998e-02
-7.497497497497498387e+00 2.453297403416903472e-02 2.453283166186140743e-02
-7.525525525525523562e+00 2.473676594164440912e-02 2.473662700549392190e-02
-7.553553553553552291e+00 2.494940554836606872e-02 2.494927040861096706e-02
-7.581581581581581020e+00 2.517088796169266243e-02 2.517075700626852583e-02
-7.609609609609609748e+00 2.540118811712855154e-02 2.540106176319551975e-02
-7.637637637637638477e+00 2.564025736713640077e-02 2.564013606258859143e-02
-7.665665665665667206e+00 2.588801972938684776e-02 2.588790395431705971e-02
-7.693693693693692381e+00 2.614436777528660050e-02 2.614425804338039658e-02
-7.721721721721721110e+00 2.640915814217536725e-02 2.640905500199967892e-02
-7.749749749749749839e+00 2.668220665628419364e-02 2.668211069242255526e-02
-7.777777777777778567e+00 2.696328305861298361e-02 2.696319489260287985e-02
-7.805805805805807296e+00 2.725210533257105272e-02 2.725202562358860006e-02
-7.833833833833832472e+00 2.754833364081736569e-02 2.754826308603827711e-02
-7.861861861861861200e+00 2.785156388948453396e-02 2.785150322405676587e-02
-7.889889889889889929e+00 2.816132095117300851e-02 2.816127094771051984e-02
-7.917917917917918658e+00 2.847705159483392839e-02 2.847701306234820887e-02
-7.945945945945947386e+00 2.879811719407114265e-02 2.879809097623716937e-02
-7.973973973973972562e+00 2.912378629448278064e-02 2.912377326714223405e-02
-8.002002002002001291e+00 2.945322714832925709e-02 2.945322821611478376e-02
-8.030030030030030019e+00 2.978550036188496938e-02 2.978551645385266178e-02
-8.058058058058058748e+00 3.011955182744096085e-02 3.011958389160420552e-02
-8.086086086086087477e+00 3.045420614442845286e-02 3.045425514108003259e-02
-8.114114114114112652e+00 3.078816076819253580e-02 3.078822766191943727e-02
-8.142142142142141381e+00 3.111998115901578113e-02 3.112006690932762540e-02
-8.170170170170170110e+00 3.144809723637691928e-02 3.144820278688797294e-02
-8.198198198198198838e+00 3.177080147201894605e-02 3.177092773815962806e-02
-8.226226226226227567e+00 3.208624897768294626e-02 3.208639683295618633e-02
-8.254254254254252743e+00 3.239245995639675885e-02 3.239263021724600455e-02
-8.282282282282281471e+00 3.268732488678392778e-02 3.268751829619907096e-02
-8.310310310310310200e+00 3.296861279462875299e-02 3.296883000467790148e-02
-8.338338338338338929e+00 3.323398293545892085e-02 3.323422448902613180e-02
-8.366366366366367657e+00 3.348100016469775231e-02 3.348126647675394446e-02
-8.394394394394392833e+00 3.370715412466799427e-02 3.370744546351383403e-02
-8.422422422422421562e+00 3.390988236912088893e-02 3.391019883808497198e-02
-8.450450450450450290e+00 3.408659738235692710e-02 3.408693890251801584e-02
-8.478478478478479019e+00 3.423471728433648970e-02 3.423508357887409398e-02
-8.506506506506507748e+00 3.435169985675751853e-02 3.435209043756238395e-02
-8.534534534534532924e+00 3.443507935028378153e-02 3.443549350746496346e-02
-8.562562562562561652e+00 3.448250535903576997e-02 3.448294215392242595e-02
-8.590590590590590381e+00 3.449178288629836664e-02 3.449224114846631550e-02
-8.618618618618619109e+00 3.446091258730404894e-02 3.446139091605834176e-02
-8.646646646646647838e+00 3.438813007309180630e-02 3.438862684369795725e-02
-8.674674674674673014e+00 3.427194310461803561e-02 3.427245647941132289e-02
-8.702702702702701743e+00 3.411116550679830356e-02 3.411169345112394224e-02
-8.730730730730730471e+00 3.390494669259650623e-02 3.390548699533966343e-02
-8.758758758758759200e+00 3.365279580759674566e-02 3.365334610587854963e-02
-8.786786786786787928e+00 3.335459967930066300e-02 3.335515748674273973e-02
-8.814814814814813104e+00 3.301063397025115476e-02 3.301119670807890760e-02
-8.842842842842841833e+00 3.262156720144791799e-02 3.262213223159339537e-02
-8.870870870870870561e+00 3.218845756061972790e-02 3.218902221993918261e-02
-8.898898898898899290e+00 3.171274266368093175e-02 3.171330429838120635e-02
-8.926926926926928019e+00 3.119622267317648592e-02 3.119677867259300699e-02
-8.954954954954953195e+00 3.064103736993077989e-02 3.064158519887958537e-02
-8.982982982982981923e+00 3.004963791601125006e-02 3.005017514503899312e-02
-9.011011011011010652e+00 2.942475413321770164e-02 2.942527846621107238e-02
-9.039039039039039380e+00 2.876935815270352526e-02 2.876986745145516597e-02
-9.067067067067068109e+00 2.808662527531502473e-02 2.808711758077013856e-02
-9.095095095095093285e+00 2.737989283128280937e-02 2.738036638130367240e-02
-9.123123123123122014e+00 2.665261775815145479e-02 2.665307100172338572e-02
-9.151151151151150742e+00 2.590833354463012092e-02 2.590876515250631687e-02
-9.179179179179179471e+00 2.515060713101149870e-02 2.515101600280449101e-02
-9.207207207207208199e+00 2.438299632036562692e-02 2.438338158813920659e-02
-9.235235235235233375e+00 2.360900827255698470e-02 2.360936930095580005e-02
-9.263263263263262104e+00 2.283205967263638586e-02 2.283239605561653007e-02
-9.291291291291290833e+00 2.205543919075176468e-02 2.205575074498428156e-02
-9.319319319319319561e+00 2.128227292074098831e-02 2.128255967581161104e-02
-9.347347347347348290e+00 2.051549350356481061e-02 2.051575568915356071e-02
-9.375375375375373466e+00 1.975781362612718389e-02 1.975805165644066788e-02
-9.403403403403402194e+00 1.901170451555700414e-02 1.901191897138938131e-02
-9.431431431431430923e+00 1.827937991718857694e-02 1.827957152607756486e-02
-9.459459459459459651e+00 1.756278585604199513e-02 1.756295547108145325e-02
-9.487487487487488380e+00 1.686359625189546782e-02 1.686374482982034781e-02
-9.515515515515513556e+00 1.618321421009300681e-02 1.618334278926619740e-02
-9.543543543543542285e+00 1.552277857048983863e-02 1.552288824941402100e-02
-9.571571571571571013e+00 1.488317509034329904e-02 1.488326700724932304e-02
-9.599599599599599742e+00 1.426505148258489300e-02 1.426512679655747920e-02
-9.627627627627628470e+00 1.366883543855849231e-02 1.366889531255808567e-02
-9.655655655655657199e+00 1.309475474034548642e-02 1.309480032635324670e-02
-9.683683683683682375e+00 1.254285860014185336e-02 1.254289102654356988e-02
-9.711711711711711104e+00 1.201303943429008099e-02 1.201305979550233195e-02
-9.739739739739739832e+00 1.150505439859803025e-02 1.150506374686307946e-02
-9.767767767767768561e+00 1.101854613733865666e-02 1.101854547653341107e-02
-9.795795795795797289e+00 1.055306232993901729e-02 1.055305261120678857e-02
-9.823823823823822465e+00 1.010807374526927205e-02 1.010805586425092377e-02
-9.851851851851851194e+00 9.682990626103532561e-03 9.682965421537664125e-03
-9.879879879879879923e+00 9.277177321697685150e-03 9.277145575164095700e-03
-9.907907907907908651e+00 8.889965163024093897e-03 8.889927599609175404e-03
-9.935935935935937380e+00 8.520663633387468711e-03 8.520620923078481290e-03
-9.963963963963962556e+00 8.168569928623437351e-03 8.168522688257939465e-03
-9.991991991991991284e+00 7.832977028198333941e-03 7.832925823810201610e-03
-1.002002002002002001e+01 7.513180413849588658e-03 7.513125763293041458e-03
-1.004804804804804874e+01 7.208483578662659361e-03 7.208425954404234538e-03
-1.007607607607607747e+01 6.918202468881929842e-03 6.918142300868190993e-03
-1.010410410410410265e+01 6.641668994541915713e-03 6.641606673090829152e-03
-1.013213213213213137e+01 6.378233737147823330e-03 6.378169615793692453e-03
-1.016016016016016010e+01 6.127267971893624217e-03 6.127202370158353617e-03
-1.018818818818818883e+01 5.888165110294286617e-03 5.888098316350862636e-03
-1.021621621621621756e+01 5.660341657452419920e-03 5.660273930660946265e-03
-1.024424424424424274e+01 5.443237766833251487e-03 5.443169340141507280e-03
-1.027227227227227146e+01 5.236317464706602073e-03 5.236248546901249752e-03
-1.030030030030030019e+01 5.039068606521268819e-03 5.038999384331552429e-03
-1.032832832832832892e+01 4.851002618517773549e-03 4.850933258573786495e-03
-1.035635635635635765e+01 4.671654069874937344e-03 4.671584720518161087e-03
-1.038438438438438283e+01 4.500580113612305012e-03 4.500510906569111548e-03
-1.041241241241241156e+01 4.337359828288485375e-03 4.337290880211027919e-03
-1.044044044044044028e+01 4.181593487168525081e-03 4.181524901045968572e-03
-1.046846846846846901e+01 4.032901776952910189e-03 4.032833643409086850e-03
-1.049649649649649774e+01 3.890924984384479778e-03 3.890857382861961922e-03
-1.052452452452452292e+01 3.755322164694239323e-03 3.755255164535427261e-03
-1.055255255255255165e+01 3.625770304340899652e-03 3.625703965774585390e-03
-1.058058058058058037e+01 3.501963487682845360e-03 3.501897862721772836e-03
-1.060860860860860910e+01 3.383612074897477794e-03 3.383547208155427994e-03
-1.063663663663663783e+01 3.270441896963747867e-03 3.270377826397208570e-03
-1.066466466466466301e+01 3.162193472130174574e-03 3.162130229712816886e-03
-1.069269269269269174e+01 3.058621247149666700e-03 3.058558859483520229e-03
-1.072072072072072046e+01 2.959492865613019830e-03 2.959431354482418893e-03
-1.074874874874874919e+01 2.864588464947018329e-03 2.864527847821118824e-03
-1.077677677677677792e+01 2.773700003018886827e-03 2.773640293506312964e-03
-1.080480480480480310e+01 2.686630614780599873e-03 2.686571823041303091e-03
-1.083283283283283183e+01 2.603193998992096251e-03 2.603136132109427816e-03
-1.086086086086086056e+01 2.523213834740595067e-03 2.523156897057835489e-03
-1.088888888888888928e+01 2.446523227237382483e-03 2.446467220662326865e-03
-1.091691691691691801e+01 2.372964182317120144e-03 2.372909106596824119e-03
-1.094494494494494319e+01 2.302387108410997984e-03 2.302332961379988455e-03
-1.097297297297297192e+01 2.234650345164288128e-03 2.234597122968522143e-03
-1.100100100100100065e+01 2.169619717913499283e-03 2.169567415212390795e-03
-1.102902902902902937e+01 2.107168116801927914e-03 2.107116726950709288e-03
-1.105705705705705810e+01 2.047175099430860283e-03 2.047124614644936936e-03
-1.108508508508508328e+01 1.989526515943091343e-03 1.989476927445395660e-03
-1.111311311311311201e+01 1.934114155439310093e-03 1.934065453594227720e-03
-1.114114114114114074e+01 1.880835412648144576e-03 1.880787587081182797e-03
-1.116916916916916946e+01 1.829592973791759362e-03 1.829546013496548751e-03
-1.119719719719719819e+01 1.780294520619102707e-03 1.780248414054952117e-03
-1.122522522522522337e+01 1.732852451616413540e-03 1.732807186794933525e-03
-1.125325325325325210e+01 1.687183619438514890e-03 1.687139184001382750e-03
-1.128128128128128083e+01 1.643209083646396526e-03 1.643165464935443477e-03
-1.130930930930930955e+01 1.600853877878486656e-03 1.600811062997763417e-03
-1.133733733733733828e+01 1.560046790680058798e-03 1.560004766552401233e-03
-1.136536536536536346e+01 1.520720159092050659e-03 1.520678912508133642e-03
-1.139339339339339219e+01 1.482809674175619274e-03 1.482769191838750715e-03
-1.142142142142142092e+01 1.446254197972493766e-03 1.446214466538571584e-03
-1.144944944944944965e+01 1.410995591142349872e-03 1.410956597254207781e-03
-1.147747747747747837e+01 1.376978550627820739e-03 1.376940280946733434e-03
-1.150550550550550355e+01 1.344150456749836856e-03 1.344112897983065682e-03
-1.153353353353353228e+01 1.312461229166643571e-03 1.312424368091677333e-03
-1.156156156156156101e+01 1.281863191161501832e-03 1.281827014647321473e-03
-1.158958958958958974e+01 1.252310941758947053e-03 1.252275436784657881e-03
-1.161761761761761846e+01 1.223761235197282082e-03 1.223726388868488042e-03
-1.164564564564564719e+01 1.196172867312378504e-03 1.196138666875053245e-03
-1.167367367367367237e+01 1.169506568417210497e-03 1.169473001270228798e-03
-1.170170170170170110e+01 1.143724902285149199e-03 1.143691955990708753e-03
-1.172972972972972983e+01 1.118792170868818624e-03 1.118759833160940182e-03
-1.175775775775775855e+01 1.094674324431155676e-03 1.094642583223388258e-03
-1.178578578578578728e+01 1.071338876751956213e-03 1.071307720143540795e-03
-1.181381381381381246e+01 1.048754825011818893e-03 1.048724241292687447e-03
-1.184184184184184119e+01 1.026892574200610623e-03 1.026862551855266693e-03
-1.186986986986986992e+01 1.005723865747041148e-03 1.005694393458066811e-03
-1.189789789789789864e+01 9.852217101076563704e-04 9.851927767576228179e-04
-1.192592592592592737e+01 9.653603230791846755e-04 9.653319177523557101e-04
-1.195395395395395255e+01 9.461150656145580345e-04 9.460871775978672632e-04
-1.198198198198198128e+01 9.274623869354888493e-04 9.274350057189293447e-04
-1.201001001001001001e+01 9.093797707467821340e-04 9.093528860230420344e-04
-1.203803803803803874e+01 8.918456843705598394e-04 8.918192860342570106e-04
-1.206606606606606746e+01 8.748395306295271654e-04 8.748136087766086606e-04
-1.209409409409409264e+01 8.583416023188563445e-04 8.583161472450291304e-04
-1.212212212212212137e+01 8.423330391165026942e-04 8.423080413156817242e-04
-1.215015015015015010e+01 8.267957867904418947e-04 8.267712369523410113e-04
-1.217817817817817883e+01 8.117125585758898842e-04 8.116884475843980096e-04
-1.220620620620620755e+01 7.970667986097137612e-04 7.970431175401490468e-04
-1.223423423423423273e+01 7.828426472394699838e-04 7.828193873562404271e-04
-1.226226226226226146e+01 7.690249081623107491e-04 7.690020609158632493e-04
-1.229029029029029019e+01 7.555990172840210302e-04 7.555765743083687558e-04
-1.231831831831831892e+01 7.425510131928375959e-04 7.425289663024175341e-04
-1.234634634634634764e+01 7.298675091553439003e-04 7.298458503420744399e-04
-1.237437437437437282e+01 7.175356665497370024e-04 7.175143879798897943e-04
-1.240240240240240155e+01 7.055431696563746599e-04 7.055222636673534522e-04
-1.243043043043043028e+01 6.938782017294474773e-04 6.938576608267155946e-04
-1.245845845845845901e+01 6.825294222793166273e-04 6.825092391331926116e-04
-1.248648648648648773e+01 6.714859454987295341e-04 6.714661129410789183e-04
-1.251451451451451291e+01 6.607373197696387191e-04 6.607178307906141565e-04
-1.254254254254254164e+01 6.502735081919549208e-04 6.502543559369617200e-04
-1.257057057057057037e+01 6.400848700786411537e-04 6.400660478447771926e-04
-1.259859859859859910e+01 6.301621433657030730e-04 6.301436445988999741e-04
-1.262662662662662783e+01 6.204964278985852745e-04 6.204782461901017700e-04
-1.265465465465465300e+01 6.110791695139685580e-04 6.110612985976053915e-04
-1.268268268268268173e+01 6.019021448968726829e-04 6.018845786454479763e-04
-1.271071071071071046e+01 5.929574471790387746e-04 5.929401796016647288e-04
-1.273873873873873919e+01 5.842374722323281488e-04 5.842204974709482111e-04
-1.276676676676676792e+01 5.757349056191238008e-04 5.757182179458870518e-04
-1.279479479479479309e+01 5.674427101660765860e-04 5.674263039802087327e-04
-1.282282282282282182e+01 5.593541141279991229e-04 5.593379839528297244e-04
-1.285085085085085055e+01 5.514625999115637441e-04 5.514467403917956484e-04
-1.287887887887887928e+01 5.437618933296839083e-04 5.437462992284213458e-04
-1.290690690690690801e+01 5.362459533590064036e-04 5.362306195551307846e-04
-1.293493493493493318e+01 5.289089623750221469e-04 5.288938838603874466e-04
-1.296296296296296191e+01 5.217453168399367736e-04 5.217304887167455467e-04
-1.299099099099099064e+01 5.147496184212774044e-04 5.147350358993837234e-04
-1.301901901901901937e+01 5.079166655176680679e-04 5.079023239121001213e-04
-1.304704704704704810e+01 5.012414451795832275e-04 5.012273399080201643e-04
-1.307507507507507327e+01 4.947191253896520216e-04 4.947052519700242870e-04
-1.310310310310310200e+01 4.883450476877959330e-04 4.883314017357860736e-04
-1.313113113113113073e+01 4.821147201349406243e-04 4.821012973616967600e-04
-1.315915915915915946e+01 4.760238105932086097e-04 4.760106068030654954e-04
-1.318718718718718819e+01 4.700681403065105229e-04 4.700551513947694268e-04
-1.321521521521521336e+01 4.642436777666261141e-04 4.642308997172058405e-04
-1.324324324324324209e+01 4.585465328505815264e-04 4.585339617341059907e-04
-1.327127127127127082e+01 4.529729512170057150e-04 4.529605831886455687e-04
-1.329929929929929955e+01 4.475193089480953602e-04 4.475071402453381663e-04
-1.332732732732732828e+01 4.421821074253076385e-04 4.421701343662425552e-04
-1.335535535535535345e+01 4.369579684285495626e-04 4.369461874098148403e-04
-1.338338338338338218e+01 4.318436294470328046e-04 4.318320369418757144e-04
-1.341141141141141091e+01 4.268359391922804539e-04 4.268245317488445737e-04
-1.343943943943943964e+01 4.219318533039915489e-04 4.219206275432758608e-04
-1.346746746746746837e+01 4.171284302415092572e-04 4.171173828558598059e-04
-1.349549549549549354e+01 4.124228273494068829e-04 4.124119551006804078e-04
-1.352352352352352227e+01 4.078122970832762919e-04 4.078015968012718207e-04
-1.355155155155155100e+01 4.032941833986822592e-04 4.032836519792756835e-04
-1.357957957957957973e+01 3.988659182924172964e-04 3.988555526962814712e-04
-1.360760760760760846e+01 3.945250184882324374e-04 3.945148157391162270e-04
-1.363563563563563363e+01 3.902690822605921098e-04 3.902590394438319407e-04
-1.366366366366366236e+01 3.860957863898784362e-04 3.860859006509570674e-04
-1.369169169169169109e+01 3.820028832434781856e-04 3.819931517865374541e-04
-1.371971971971971982e+01 3.779881979767208463e-04 3.779786180632329230e-04
-1.374774774774774855e+01 3.740496258483160387e-04 3.740401947957121298e-04
-1.377577577577577728e+01 3.701851296454311980e-04 3.701758448257027071e-04
-1.380380380380380245e+01 3.663927372129309446e-04 3.663835960514076856e-04
-1.383183183183183118e+01 3.626705390828079568e-04 3.626615390570667955e-04
-1.385985985985985991e+01 3.590166861990501976e-04 3.590078248372674985e-04
-1.388788788788788864e+01 3.554293877344152008e-04 3.554206626145724321e-04
-1.391591591591591737e+01 3.519069089956728693e-04 3.518983177442214076e-04
-1.394394394394394254e+01 3.484475694075457380e-04 3.484391096982939894e-04
-1.397197197197197127e+01 3.450497405782574061e-04 3.450414101312439946e-04
-1.400000000000000000e+01 3.417118444425114895e-04 3.417036410229993887e-04
