1.400000000000000000e+01 1.951461439997292328e-04 1.951461439997292328e-04
1.397197197197197127e+01 2.009938100609975334e-04 2.009938100609975334e-04
1.394394394394394432e+01 2.069588443485994265e-04 2.069588443485994265e-04
1.391591591591591559e+01 2.130454591876776590e-04 2.130454591876776590e-04
1.388788788788788864e+01 2.192579695351203105e-04 2.192579695351203105e-04
1.385985985985985991e+01 2.256007956900451920e-04 2.256007956900451920e-04
1.383183183183183118e+01 2.320784660964206921e-04 2.320784660964206921e-04
1.380380380380380423e+01 2.386956202413612321e-04 2.386956202413612321e-04
1.377577577577577550e+01 2.454570116527669452e-04 2.454570116527669452e-04
1.374774774774774855e+01 2.523675110001384484e-04 2.523675110001384484e-04
1.371971971971971982e+01 2.594321093025534234e-04 2.594321093025534234e-04
1.369169169169169109e+01 2.666559212479618413e-04 2.666559212479618413e-04
1.366366366366366414e+01 2.740441886281288846e-04 2.740441886281288846e-04
1.363563563563563541e+01 2.816022838937394003e-04 2.816022838937394003e-04
1.360760760760760846e+01 2.893357138343663395e-04 2.893357138343663395e-04
1.357957957957957973e+01 2.972501233882093061e-04 2.972501233882093061e-04
1.355155155155155100e+01 3.053512995867171259e-04 3.053512995867171259e-04
1.352352352352352405e+01 3.136451756394283315e-04 3.136451756394283315e-04
1.349549549549549532e+01 3.221378351645946088e-04 3.221378351645946088e-04
1.346746746746746837e+01 3.308355165713873090e-04 3.308355165713873090e-04
1.343943943943943964e+01 3.397446175997493960e-04 3.397446175997493960e-04
1.341141141141141091e+01 3.488717000242066795e-04 3.488717000242066795e-04
1.338338338338338396e+01 3.582234945282440543e-04 3.582234945282440543e-04
1.335535535535535523e+01 3.678069057561282845e-04 3.678069057561282845e-04
1.332732732732732828e+01 3.776290175493681942e-04 3.776290175493681942e-04
1.329929929929929955e+01 3.876970983753284437e-04 3.876970983753284437e-04
1.327127127127127082e+01 3.980186069558346420e-04 3.980186069558346420e-04
1.324324324324324387e+01 4.086011981039695622e-04 4.086011981039695622e-04
1.321521521521521514e+01 4.194527287776202910e-04 4.194527287776202910e-04
1.318718718718718641e+01 4.305812643587244486e-04 4.305812643587244486e-04
1.315915915915915946e+01 4.419950851675644469e-04 4.419950851675644469e-04
1.313113113113113073e+01 4.537026932218993181e-04 4.537026932218993181e-04
1.310310310310310378e+01 4.657128192511308723e-04 4.657128192511308723e-04
1.307507507507507505e+01 4.780344299762226065e-04 4.780344299762226065e-04
1.304704704704704632e+01 4.906767356665293249e-04 4.906767356665293249e-04
1.301901901901901937e+01 5.036491945127639707e-04 5.036491945127639707e-04
1.299099099099099064e+01 5.169607969656059331e-04 5.169607969656059331e-04
1.296296296296296369e+01 5.306191389892661375e-04 5.306191389892661375e-04
1.293493493493493496e+01 5.446317687302390347e-04 5.446317687302390347e-04
1.290690690690690623e+01 5.590064027805287860e-04 5.590064027805287860e-04
1.287887887887887928e+01 5.737509298628678438e-04 5.737509298628678438e-04
1.285085085085085055e+01 5.888734145883077606e-04 5.888734145883077606e-04
1.282282282282282360e+01 6.043821012868697213e-04 6.043821012868697213e-04
1.279479479479479487e+01 6.202854179119664680e-04 6.202854179119664680e-04
1.276676676676676614e+01 6.365919800191822790e-04 6.365919800191822790e-04
1.273873873873873919e+01 6.533105948199895326e-04 6.533105948199895326e-04
1.271071071071071046e+01 6.704502653109067683e-04 6.704502653109067683e-04
1.268268268268268173e+01 6.880201944785030877e-04 6.880201944785030877e-04
1.265465465465465478e+01 7.060297895806316162e-04 7.060297895806316162e-04
1.262662662662662605e+01 7.244886665041495259e-04 7.244886665041495259e-04
1.259859859859859910e+01 7.434066541992832367e-04 7.434066541992832367e-04
1.257057057057057037e+01 7.627937991907746476e-04 7.627937991907746476e-04
1.254254254254254164e+01 7.826603701657084333e-04 7.826603701657084333e-04
1.251451451451451469e+01 8.030168626379365982e-04 8.030168626379365982e-04
1.248648648648648596e+01 8.238740036888070111e-04 8.238740036888070111e-04
1.245845845845845901e+01 8.452427567837676606e-04 8.452427567837676606e-04
1.243043043043043028e+01 8.671343266643409585e-04 8.671343266643409585e-04
1.240240240240240155e+01 8.895601643146870338e-04 8.895601643146870338e-04
1.237437437437437460e+01 9.125319720019292027e-04 9.125319720019292027e-04
1.234634634634634587e+01 9.360617083891242373e-04 9.360617083891242373e-04
1.231831831831831892e+01 9.601615937196044705e-04 9.601615937196044705e-04
1.229029029029029019e+01 9.848441150712337021e-04 9.848441150712337021e-04
1.226226226226226146e+01 1.010122031678793502e-03 1.010122031678793502e-03
1.223423423423423451e+01 1.036008380322576755e-03 1.036008380322576755e-03
1.220620620620620578e+01 1.062516485029558946e-03 1.062516485029558946e-03
1.217817817817817883e+01 1.089660078736037112e-03 1.089660078736037112e-03
1.215015015015015010e+01 1.117453338260703975e-03 1.117453338260703975e-03
1.212212212212212137e+01 1.145910778082204987e-03 1.145910778082204987e-03
1.209409409409409442e+01 1.175047251955512470e-03 1.175047251955512470e-03
1.206606606606606569e+01 1.204877961095975622e-03 1.204877961095975622e-03
1.203803803803803874e+01 1.235418462549499200e-03 1.235418462549499200e-03
1.201001001001001001e+01 1.266684677751532756e-03 1.266684677751532756e-03
1.198198198198198128e+01 1.298692901277276497e-03 1.298692901277276497e-03
1.195395395395395433e+01 1.331459809785487045e-03 1.331459809785487045e-03
1.192592592592592560e+01 1.365002471158048699e-03 1.365002471158048699e-03
1.189789789789789864e+01 1.399338353837260461e-03 1.399338353837260461e-03
1.186986986986986992e+01 1.434485336362664168e-03 1.434485336362664168e-03
1.184184184184184119e+01 1.470461717108868327e-03 1.470461717108868327e-03
1.181381381381381424e+01 1.507286224225692960e-03 1.507286224225692960e-03
1.178578578578578551e+01 1.544978025781553344e-03 1.544978025781553344e-03
1.175775775775775855e+01 1.583556740110669868e-03 1.583556740110669868e-03
1.172972972972972983e+01 1.623042446364416453e-03 1.623042446364416453e-03
1.170170170170170110e+01 1.663455695266528043e-03 1.663455695266528043e-03
1.167367367367367414e+01 1.704817520071595562e-03 1.704817520071595562e-03
1.164564564564564542e+01 1.747149447725661157e-03 1.747149447725661157e-03
1.161761761761761846e+01 1.790473510227148617e-03 1.790473510227148617e-03
1.158958958958958974e+01 1.834812256185841756e-03 1.834812256185841756e-03
1.156156156156156101e+01 1.880188762576787825e-03 1.880188762576787825e-03
1.153353353353353405e+01 1.926626646685392161e-03 1.926626646685392161e-03
1.150550550550550533e+01 1.974150078199918799e-03 1.974150078199918799e-03
1.147747747747747837e+01 2.022783491139474362e-03 2.022783491139474362e-03
1.144944944944944965e+01 2.072550845502859392e-03 2.072550845502859392e-03
1.142142142142142092e+01 2.123476400616605003e-03 2.123476400616605003e-03
1.139339339339339396e+01 2.175584936918760395e-03 2.175584936918760395e-03
1.136536536536536524e+01 2.228901765147190111e-03 2.228901765147190111e-03
1.133733733733733828e+01 2.283452735509468052e-03 2.283452735509468052e-03
1.130930930930930955e+01 2.339264246816420787e-03 2.339264246816420787e-03
1.128128128128128083e+01 2.396363255559510064e-03 2.396363255559510064e-03
1.125325325325325387e+01 2.454777284910669710e-03 2.454777284910669710e-03
1.122522522522522515e+01 2.514534433621074504e-03 2.514534433621074504e-03
1.119719719719719819e+01 2.575663384793271202e-03 2.575663384793271202e-03
1.116916916916916946e+01 2.638193414498968617e-03 2.638193414498968617e-03
1.114114114114114074e+01 2.702154400212155531e-03 2.702154400212155531e-03
1.111311311311311378e+01 2.767576829024881186e-03 2.767576829024881186e-03
1.108508508508508505e+01 2.834491805610094006e-03 2.834491805610094006e-03
1.105705705705705810e+01 2.902931059892963073e-03 2.902931059892963073e-03
1.102902902902902937e+01 2.972926954389137032e-03 2.972926954389137032e-03
1.100100100100100065e+01 3.044512491164698843e-03 3.044512491164698843e-03
1.097297297297297192e+01 3.117721318369275768e-03 3.117721318369275768e-03
1.094494494494494496e+01 3.192587736289601106e-03 3.192587736289601106e-03
1.091691691691691801e+01 3.269146702866980447e-03 3.269146702866980447e-03
1.088888888888888928e+01 3.347433838617451876e-03 3.347433838617451876e-03
1.086086086086086056e+01 3.427485417660144397e-03 3.427485417660144397e-03
1.083283283283283183e+01 3.509337931980099391e-03 3.509337931980099391e-03
1.080480480480480487e+01 3.593027977142770283e-03 3.593027977142770283e-03
1.077677677677677615e+01 3.678592759729635165e-03 3.678592759729635165e-03
1.074874874874874919e+01 3.766070131336105020e-03 3.766070131336105020e-03
1.072072072072072046e+01 3.855498588594757740e-03 3.855498588594757740e-03
1.069269269269269174e+01 3.946917272144081883e-03 3.946917272144081883e-03
1.066466466466466478e+01 4.040365964447337720e-03 4.040365964447337720e-03
1.063663663663663606e+01 4.135885086359365574e-03 4.135885086359365574e-03
1.060860860860860910e+01 4.233515692332544787e-03 4.233515692332544787e-03
1.058058058058058037e+01 4.333299464145900191e-03 4.333299464145900191e-03
1.055255255255255165e+01 4.435278703033758776e-03 4.435278703033758776e-03
1.052452452452452469e+01 4.539496320082788035e-03 4.539496320082788035e-03
1.049649649649649596e+01 4.645995824757861818e-03 4.645995824757861818e-03
1.046846846846846901e+01 4.754821311408925777e-03 4.754821311408925777e-03
1.044044044044044028e+01 4.866017443602360833e-03 4.866017443602360833e-03
1.041241241241241156e+01 4.979629436111190736e-03 4.979629436111190736e-03
1.038438438438438460e+01 5.095703034389591039e-03 5.095703034389591039e-03
1.035635635635635587e+01 5.214284491347468374e-03 5.214284491347468374e-03
1.032832832832832892e+01 5.335420541231645879e-03 5.335420541231645879e-03
1.030030030030030019e+01 5.459158369804173808e-03 5.459158369804173808e-03
1.027227227227227146e+01 5.585545259699587275e-03 5.585545259699587275e-03
1.024424424424424451e+01 5.714628012530041483e-03 5.714628012530041483e-03
1.021621621621621578e+01 5.846453606227714449e-03 5.846453606227714449e-03
1.018818818818818883e+01 5.981069289683775547e-03 5.981069289683775547e-03
1.016016016016016010e+01 6.118522535954072292e-03 6.118522535954072292e-03
1.013213213213213137e+01 6.258860991161221445e-03 6.258860991161221445e-03
1.010410410410410442e+01 6.402132418844355514e-03 6.402132418844355514e-03
1.007607607607607569e+01 6.548384639502030299e-03 6.548384639502030299e-03
1.004804804804804874e+01 6.697665465069200380e-03 6.697665465069200380e-03
1.002002002002002001e+01 6.850022628066782492e-03 6.850022628066782492e-03
9.991991991991991284e+00 7.005503705160547739e-03 7.005503705160547739e-03
9.963963963963964332e+00 7.164156034867426304e-03 7.164156034867426304e-03
9.935935935935935603e+00 7.326026629150082098e-03 7.326026629150082098e-03
9.907907907907908651e+00 7.491162078646739289e-03 7.491162078646739289e-03
9.879879879879879923e+00 7.659608451292292640e-03 7.659608451292292640e-03
9.851851851851851194e+00 7.831411184098965167e-03 7.831411184098965167e-03
9.823823823823824242e+00 8.006614967881655470e-03 8.006614967881655470e-03
9.795795795795795513e+00 8.185263624733742083e-03 8.185263624733742083e-03
9.767767767767768561e+00 8.367400002769290537e-03 8.367400002769290537e-03
9.739739739739739832e+00 8.553065974791636619e-03 8.553065974791636619e-03
9.711711711711711104e+00 8.742302218395546845e-03 8.742302218395546845e-03
9.683683683683684151e+00 8.935148011098801094e-03 8.935148011098801094e-03
9.655655655655655423e+00 9.131641072361923114e-03 9.131641072361923114e-03
9.627627627627628470e+00 9.331817398190802443e-03 9.331817398190802443e-03
9.599599599599599742e+00 9.535711088328784057e-03 9.535711088328784057e-03
9.571571571571571013e+00 9.743354166229430471e-03 9.743354166229430471e-03
9.543543543543542285e+00 9.954776392082986120e-03 9.954776392082986120e-03
9.515515515515515332e+00 1.017000506925778980e-02 1.017000506925778980e-02
9.487487487487488380e+00 1.038906484461520410e-02 1.038906484461520410e-02
9.459459459459459651e+00 1.061197750326116351e-02 1.061197750326116351e-02
9.431431431431430923e+00 1.083876175840917805e-02 1.083876175840917805e-02
9.403403403403402194e+00 1.106943303714808848e-02 1.106943303714808848e-02
9.375375375375375242e+00 1.130400326303145075e-02 1.130400326303145075e-02
9.347347347347348290e+00 1.154248063653346215e-02 1.154248063653346215e-02
9.319319319319319561e+00 1.178486941171665199e-02 1.178486941171665199e-02
9.291291291291290833e+00 1.203116943803843146e-02 1.203116943803843146e-02
9.263263263263262104e+00 1.228137576123345884e-02 1.228137576123345884e-02
9.235235235235235152e+00 1.253547878778793825e-02 1.253547878778793825e-02
9.207207207207208199e+00 1.279346411952303475e-02 1.279346411952303475e-02
9.179179179179179471e+00 1.305531235256057743e-02 1.305531235256057743e-02
9.151151151151150742e+00 1.332099888486589813e-02 1.332099888486589813e-02
9.123123123123122014e+00 1.359049373424668118e-02 1.359049373424668118e-02
9.095095095095095061e+00 1.386376136873256060e-02 1.386376136873256060e-02
9.067067067067068109e+00 1.414076055128398943e-02 1.414076055128398943e-02
9.039039039039039380e+00 1.442144420077485015e-02 1.442144420077485015e-02
9.011011011011010652e+00 1.470575927116178454e-02 1.470575927116178454e-02
8.982982982982981923e+00 1.499364665069021288e-02 1.499364665069021288e-02
8.954954954954954971e+00 1.528504108289125210e-02 1.528504108289125210e-02
8.926926926926928019e+00 1.557987111099525847e-02 1.557987111099525847e-02
8.898898898898899290e+00 1.587805904577038046e-02 1.587805904577038046e-02
8.870870870870870561e+00 1.617952067294972651e-02 1.617952067294972651e-02
8.842842842842841833e+00 1.648416492094740421e-02 1.648416492094740421e-02
8.814814814814814881e+00 1.679189445532678140e-02 1.679189445532678140e-02
8.786786786786787928e+00 1.710260584627194824e-02 1.710260584627194824e-02
8.758758758758759200e+00 1.741618968197596040e-02 1.741618968197596040e-02
8.730730730730730471e+00 1.773253071153640600e-02 1.773253071153640600e-02
8.702702702702701743e+00 1.805150801698832824e-02 1.805150801698832824e-02
8.674674674674674790e+00 1.837299521376841577e-02 1.837299521376841577e-02
8.646646646646647838e+00 1.869686067857177433e-02 1.869686067857177433e-02
8.618618618618619109e+00 1.902296780323655193e-02 1.902296780323655193e-02
8.590590590590590381e+00 1.935117527298567050e-02 1.935117527298567050e-02
8.562562562562561652e+00 1.968133736706873665e-02 1.968133736706873665e-02
8.534534534534534700e+00 2.001330427959322616e-02 2.001330427959322616e-02
8.506506506506507748e+00 2.034692246232674279e-02 2.034692246232674279e-02
8.478478478478479019e+00 2.068203512504518740e-02 2.068203512504518740e-02
8.450450450450450290e+00 2.101848264514984133e-02 2.101848264514984133e-02
8.422422422422421562e+00 2.135610277349235531e-02 2.135610277349235531e-02
8.394394394394394610e+00 2.169473100736987042e-02 2.169473100736987042e-02
8.366366366366367657e+00 2.203420097869630140e-02 2.203420097869630140e-02
8.338338338338338929e+00 2.237434484282808944e-02 2.237434484282808944e-02
8.310310310310310200e+00 2.271499366525476030e-02 2.271499366525476030e-02
8.282282282282281471e+00 2.305597780350556944e-02 2.305597780350556944e-02
8.254254254254254519e+00 2.339712728180100634e-02 2.339712728180100634e-02
8.226226226226227567e+00 2.373827215618576347e-02 2.373827215618576347e-02
8.198198198198198838e+00 2.407924286811254089e-02 2.407924286811254089e-02
8.170170170170170110e+00 2.441987058469616972e-02 2.441987058469616972e-02
8.142142142142141381e+00 2.475998737041133768e-02 2.475998737041133768e-02
8.114114114114114429e+00 2.509942533429891307e-02 2.509942533429891307e-02
8.086086086086085700e+00 2.543801752015111689e-02 2.543801752015111689e-02
8.058058058058058748e+00 2.577559880936829834e-02 2.577559880936829834e-02
8.030030030030030019e+00 2.611200617328986867e-02 2.611200617328986867e-02
8.002002002002001291e+00 2.644707890252178534e-02 2.644707890252178534e-02
7.973973973973974338e+00 2.678065881832142336e-02 2.678065881832142336e-02
7.945945945945945610e+00 2.711259046638326772e-02 2.711259046638326772e-02
7.917917917917917769e+00 2.744272129352118283e-02 2.744272129352118283e-02
7.889889889889889929e+00 2.777090180786842902e-02 2.777090180786842902e-02
7.861861861861862089e+00 2.809698572331748370e-02 2.809698572331748370e-02
7.833833833833834248e+00 2.842083008853869830e-02 2.842083008853869830e-02
7.805805805805805520e+00 2.874229479975785179e-02 2.874229479975785179e-02
7.777777777777777679e+00 2.906124152358768170e-02 2.906124152358768170e-02
7.749749749749749839e+00 2.937753526811362481e-02 2.937753526811362481e-02
7.721721721721721998e+00 2.969104481370490184e-02 2.969104481370490184e-02
7.693693693693694158e+00 3.000164280143775494e-02 3.000164280143775494e-02
7.665665665665665429e+00 3.030920581084066076e-02 3.030920581084066076e-02
7.637637637637637589e+00 3.061361442768139804e-02 3.061361442768139804e-02
7.609609609609609748e+00 3.091475330249176395e-02 3.091475330249176395e-02
7.581581581581581908e+00 3.121251120049388719e-02 3.121251120049388719e-02
7.553553553553553179e+00 3.150678104355449788e-02 3.150678104355449788e-02
7.525525525525525339e+00 3.179745991520663978e-02 3.179745991520663978e-02
7.497497497497497498e+00 3.208444724517215546e-02 3.208444724517215546e-02
7.469469469469469658e+00 3.236764372823466157e-02 3.236764372823466157e-02
7.441441441441441818e+00 3.264695403760625725e-02 3.264695403760625725e-02
7.413413413413413089e+00 3.292228711860215734e-02 3.292228711860215734e-02
7.385385385385385248e+00 3.319355621659214606e-02 3.319355621659214606e-02
7.357357357357357408e+00 3.346067889944909224e-02 3.346067889944909224e-02
7.329329329329329568e+00 3.372357707454583242e-02 3.372357707454583242e-02
7.301301301301301727e+00 3.398217700033098754e-02 3.398217700033098754e-02
7.273273273273272999e+00 3.423640929249729264e-02 3.423640929249729264e-02
7.245245245245245158e+00 3.448620890131345179e-02 3.448620890131345179e-02
7.217217217217217318e+00 3.473151381569893753e-02 3.473151381569893753e-02
7.189189189189189477e+00 3.497226455567881837e-02 3.497226455567881837e-02
7.161161161161161637e+00 3.520840616281473850e-02 3.520840616281473850e-02
7.133133133133132908e+00 3.543988833965280860e-02 3.543988833965280860e-02
7.105105105105105068e+00 3.566666540351810799e-02 3.566666540351810799e-02
7.077077077077077227e+00 3.588869623431833328e-02 3.588869623431833328e-02
7.049049049049049387e+00 3.610594421662152026e-02 3.610594421662152026e-02
7.021021021021020658e+00 3.631837717626918566e-02 3.631837717626918566e-02
6.992992992992992818e+00 3.652596731178645029e-02 3.652596731178645029e-02
6.964964964964964977e+00 3.672869116834217434e-02 3.672869116834217434e-02
6.936936936936937137e+00 3.692652971301571552e-02 3.692652971301571552e-02
6.908908908908909297e+00 3.711946819291442323e-02 3.711946819291442323e-02
6.880880880880880568e+00 3.730749603381077611e-02 3.730749603381077611e-02
6.852852852852852727e+00 3.749060676205220877e-02 3.749060676205220877e-02
6.824824824824824887e+00 3.766879792255002635e-02 3.766879792255002635e-02
6.796796796796797047e+00 3.784207099277982211e-02 3.784207099277982211e-02
6.768768768768769206e+00 3.801043129274524202e-02 3.801043129274524202e-02
6.740740740740740478e+00 3.817388775020440217e-02 3.817388775020440217e-02
6.712712712712712637e+00 3.833244753161817869e-02 3.833244753161817869e-02
6.684684684684684797e+00 3.848611445663243508e-02 3.848611445663243508e-02
6.656656656656656956e+00 3.863489555486760568e-02 3.863489555486760568e-02
6.628628628628629116e+00 3.877880146788754284e-02 3.877880146788754284e-02
6.600600600600600387e+00 3.891784637220017939e-02 3.891784637220017939e-02
6.572572572572572547e+00 3.905204789332002158e-02 3.905204789332002158e-02
6.544544544544544706e+00 3.918142701121044014e-02 3.918142701121044014e-02
6.516516516516516866e+00 3.930600798483196295e-02 3.930600798483196295e-02
6.488488488488488137e+00 3.942582016929208760e-02 3.942582016929208760e-02
6.460460460460460297e+00 3.954089959092276646e-02 3.954089959092276646e-02
6.432432432432432456e+00 3.965128634745824360e-02 3.965128634745824360e-02
6.404404404404404616e+00 3.975702414739478580e-02 3.975702414739478580e-02
6.376376376376376776e+00 3.985816010973032564e-02 3.985816010973032564e-02
6.348348348348348047e+00 3.995474456167022459e-02 3.995474456167022459e-02
6.320320320320320207e+00 4.004683083472911770e-02 4.004683083472911770e-02
6.292292292292292366e+00 4.013447504939450516e-02 4.013447504939450516e-02
6.264264264264264526e+00 4.021773585375928300e-02 4.021773585375928300e-02
6.236236236236236685e+00 4.029667433907982432e-02 4.029667433907982432e-02
6.208208208208207957e+00 4.037135392033665976e-02 4.037135392033665976e-02
6.180180180180180116e+00 4.044184015075906469e-02 4.044184015075906469e-02
6.152152152152152276e+00 4.050820053196237808e-02 4.050820053196237808e-02
6.124124124124124435e+00 4.057050432073933122e-02 4.057050432073933122e-02
6.096096096096096595e+00 4.062882261847225451e-02 4.062882261847225451e-02
6.068068068068067866e+00 4.068323152695641626e-02 4.068323152695641626e-02
6.040040040040040026e+00 4.073381076754429425e-02 4.073381076754429425e-02
6.012012012012012185e+00 4.078064098694664935e-02 4.078064098694664935e-02
5.983983983983984345e+00 4.082380351319888495e-02 4.082380351319888495e-02
5.955955955955955616e+00 4.086338016544645291e-02 4.086338016544645291e-02
5.927927927927928664e+00 4.089945306682189058e-02 4.089945306682189058e-02
5.899899899899899935e+00 4.093210180924948538e-02 4.093210180924948538e-02
5.871871871871871207e+00 4.096139440645754637e-02 4.096139440645754637e-02
5.843843843843844255e+00 4.098739657183576857e-02 4.098739657183576857e-02
5.815815815815815526e+00 4.101017500530251131e-02 4.101017500530251131e-02
5.787787787787788574e+00 4.102979714881987289e-02 4.102979714881987289e-02
5.759759759759759845e+00 4.104633093856212278e-02 4.104633093856212278e-02
5.731731731731731116e+00 4.105984764506947354e-02 4.105984764506947354e-02
5.703703703703704164e+00 4.107045461482067283e-02 4.107045461482067283e-02
5.675675675675675436e+00 4.107828210211410258e-02 4.107828210211410258e-02
5.647647647647648483e+00 4.108345990007288007e-02 4.108345990007288007e-02
5.619619619619619755e+00 4.108611665959605724e-02 4.108611665959605724e-02
5.591591591591591026e+00 4.108637961436210212e-02 4.108637961436210212e-02
5.563563563563564074e+00 4.108437338283214835e-02 4.108437338283214835e-02
5.535535535535535345e+00 4.108021165318794660e-02 4.108021165318794660e-02
5.507507507507508393e+00 4.107400055287653562e-02 4.107400055287653562e-02
5.479479479479479664e+00 4.106584326345127239e-02 4.106584326345127239e-02
5.451451451451450936e+00 4.105583996407840414e-02 4.105583996407840414e-02
5.423423423423423984e+00 4.104408771085771984e-02 4.104408771085771290e-02
5.395395395395395255e+00 4.103067957502620072e-02 4.103067957502620072e-02
5.367367367367368303e+00 4.101570350919925972e-02 4.101570350919925972e-02
5.339339339339339574e+00 4.099924441388480556e-02 4.099924441388480556e-02
5.311311311311310845e+00 4.098138426916962673e-02 4.098138426916961979e-02
5.283283283283283893e+00 4.096220180520113163e-02 4.096220180520111775e-02
5.255255255255255165e+00 4.094178208617501452e-02 4.094178208617497289e-02
5.227227227227226436e+00 4.092028158363497647e-02 4.092028158363489321e-02
5.199199199199199484e+00 4.089788686420574304e-02 4.089788686420558345e-02
5.171171171171170755e+00 4.087477997152685893e-02 4.087477997152651893e-02
5.143143143143143803e+00 4.085113816862642744e-02 4.085113816862572661e-02
5.115115115115115074e+00 4.082712940153177678e-02 4.082712940153034042e-02
5.087087087087086346e+00 4.080287750146949222e-02 4.080287750146654319e-02
5.059059059059059393e+00 4.077848003139995792e-02 4.077848003139400435e-02
5.031031031031030665e+00 4.075402786593066567e-02 4.075402786591873078e-02
5.003003003003003712e+00 4.072960523026692564e-02 4.072960523024321544e-02
4.974974974974974984e+00 4.070530749263133463e-02 4.070530749258462200e-02
4.946946946946946255e+00 4.068130437718657511e-02 4.068130437709535641e-02
4.918918918918919303e+00 4.065778254573157446e-02 4.065778254555495880e-02
4.890890890890890574e+00 4.063492287992185453e-02 4.063492287958282018e-02
4.862862862862863622e+00 4.061290081954089387e-02 4.061290081889579878e-02
4.834834834834834894e+00 4.059190185400922413e-02 4.059190185279230173e-02
4.806806806806806165e+00 4.057212522232318125e-02 4.057212522004738364e-02
4.778778778778779213e+00 4.055376442947863924e-02 4.055376442525931990e-02
4.750750750750750484e+00 4.053700611589643871e-02 4.053700610814132965e-02
4.722722722722723532e+00 4.052203550948647176e-02 4.052203549535546984e-02
4.694694694694694803e+00 4.050904804488387329e-02 4.050904801935695243e-02
4.666666666666666075e+00 4.049823528410855661e-02 4.049823523839270883e-02
4.638638638638639122e+00 4.048978129101120371e-02 4.048978120984424861e-02
4.610610610610610394e+00 4.048386211489173742e-02 4.048386197202282627e-02
4.582582582582583441e+00 4.048064563123459497e-02 4.048064538192189948e-02
4.554554554554554713e+00 4.048029442416568174e-02 4.048029399284410607e-02
4.526526526526525984e+00 4.048296704999666817e-02 4.048296631020331660e-02
4.498498498498499032e+00 4.048886437610282885e-02 4.048886311812072841e-02
4.470470470470470303e+00 4.049837090353469032e-02 4.049836878275355628e-02
4.442442442442443351e+00 4.051191595480151814e-02 4.051191241011953270e-02
4.414414414414414622e+00 4.052992597050540657e-02 4.052992009667222284e-02
4.386386386386385894e+00 4.055275405699591829e-02 4.055274440689417281e-02
4.358358358358358942e+00 4.058060482726971036e-02 4.058058910875955716e-02
4.330330330330330213e+00 4.061366692939656631e-02 4.061364154519340325e-02
4.302302302302303261e+00 4.065214736201192697e-02 4.065210671842300894e-02
4.274274274274274532e+00 4.069645992960387038e-02 4.069639540863703719e-02
4.246246246246245803e+00 4.074717705758500869e-02 4.074707550424973290e-02
4.218218218218218851e+00 4.080488969995491044e-02 4.080473121920447782e-02
4.190190190190190123e+00 4.087007287653773163e-02 4.086982765836423559e-02
4.162162162162161394e+00 4.094288913181457629e-02 4.094251292406963366e-02
4.134134134134134442e+00 4.102346327191138536e-02 4.102289099364399283e-02
4.106106106106105713e+00 4.111200487133229858e-02 4.111114169980659150e-02
4.078078078078078761e+00 4.120918487893435178e-02 4.120789394625352930e-02
4.050050050050050032e+00 4.131588292579823490e-02 4.131396852226925515e-02
4.022022022022021304e+00 4.143301786165091288e-02 4.143020276032063909e-02
3.993993993993994351e+00 4.156141352292962859e-02 4.155730871331315274e-02
3.965965965965965623e+00 4.170188038525843299e-02 4.169594513809149472e-02
3.937937937937938671e+00 4.185530586500444544e-02 4.184679565282235086e-02
3.909909909909909942e+00 4.202236071391757255e-02 4.201026009966640773e-02
3.881881881881881213e+00 4.220359425468591524e-02 4.218653145524333542e-02
3.853853853853854261e+00 4.239973909940571162e-02 4.237587856416017568e-02
3.825825825825825532e+00 4.261235426497449186e-02 4.257926332173047473e-02
3.797797797797798580e+00 4.284361971793465562e-02 4.279810517818310317e-02
3.769769769769769852e+00 4.309587945638619633e-02 4.303379009537332961e-02
3.741741741741741123e+00 4.337105388342801793e-02 4.328704497795231310e-02
3.713713713713714171e+00 4.367113947121294831e-02 4.355839615058791636e-02
3.685685685685685442e+00 4.399855839376311945e-02 4.384847549271819050e-02
3.657657657657658490e+00 4.435629815937038728e-02 4.415811559970779510e-02
3.629629629629629761e+00 4.474785209255779939e-02 4.448824658730719112e-02
3.601601601601601033e+00 4.517715080269500694e-02 4.483978686860784491e-02
3.573573573573574080e+00 4.564856314821427036e-02 4.521360899045653164e-02
3.545545545545545352e+00 4.616697795701235618e-02 4.561059467281028401e-02
3.517517517517518399e+00 4.673789710933618641e-02 4.603171271867896597e-02
3.489489489489489671e+00 4.736751436494289480e-02 4.647809724453163399e-02
3.461461461461460942e+00 4.806287291019429447e-02 4.695122206942944215e-02
3.433433433433433990e+00 4.883173954659839749e-02 4.745281159886513556e-02
3.405405405405405261e+00 4.680227819864020422e-02 4.798416581545424109e-02
3.377377377377378309e+00 4.765089227605713573e-02 4.854566571616992371e-02
3.349349349349349581e+00 4.858763006458433759e-02 4.913765391177201541e-02
3.321321321321320852e+00 4.961928369158744023e-02 4.976080027128069322e-02
3.293293293293293900e+00 5.075276116321395664e-02 5.041605681018904855e-02
3.265265265265265171e+00 5.054009604041851539e-02 5.110539648663873363e-02
3.237237237237238219e+00 5.184792783733824240e-02 5.183117209851153401e-02
3.209209209209209490e+00 5.327328199019817911e-02 5.259340733266702761e-02
3.181181181181180762e+00 5.340888755145452998e-02 5.339079083124557978e-02
3.153153153153153809e+00 5.502263212448266216e-02 5.422559473451669249e-02
3.125125125125125081e+00 5.536241205297685181e-02 5.510300760647197232e-02
3.097097097097096352e+00 5.716745379422762119e-02 5.602472992518820610e-02
3.069069069069069400e+00 5.908749529467431649e-02 5.698963529951401458e-02
3.041041041041040671e+00 6.112001973017315570e-02 5.799950655686339496e-02
3.013013013013013719e+00 6.059387288297195251e-02 5.905796474233744597e-02
2.984984984984984990e+00 6.272479442828882146e-02 6.016717977688236518e-02
2.956956956956956262e+00 6.494147790081164495e-02 6.132949646525479026e-02
2.928928928928929309e+00 6.723634545667726836e-02 6.254812254657014792e-02
2.900900900900900581e+00 6.960052521069076681e-02 6.382430536925649822e-02
2.872872872872873629e+00 6.924626272918550651e-02 6.515770293518337308e-02
2.844844844844844900e+00 7.158072511748576894e-02 6.654659926160810812e-02
2.816816816816816171e+00 7.346316212094017306e-02 6.798673456209224086e-02
2.788788788788789219e+00 7.584414459935118202e-02 6.947751910145576193e-02
2.760760760760760490e+00 7.827046903113868415e-02 7.102099559053923206e-02
2.732732732732733538e+00 8.076011139144693984e-02 7.261849983897100680e-02
2.704704704704704810e+00 8.334285369145986999e-02 7.426329781042773082e-02
2.676676676676676081e+00 8.290950785775721976e-02 7.595330092342021666e-02
2.648648648648649129e+00 8.556997297912144473e-02 7.771070813157447688e-02
2.620620620620620400e+00 8.842437606302086528e-02 7.957185217355752793e-02
2.592592592592593448e+00 8.983057775273763090e-02 8.157460881311578982e-02
2.564564564564564719e+00 9.307877273718827282e-02 8.375392293416024370e-02
2.536536536536535991e+00 9.489147945616498159e-02 8.613918721757508890e-02
2.508508508508509038e+00 9.864202451185159759e-02 8.876561100012331229e-02
2.480480480480480310e+00 1.027558598089499536e-01 9.168563720741441936e-02
2.452452452452453358e+00 1.072722561967638238e-01 9.493177132333095736e-02
2.424424424424424629e+00 1.122207471007667240e-01 9.848723231772166242e-02
2.396396396396395900e+00 1.176422053457616690e-01 1.022826816646069253e-01
2.368368368368368948e+00 1.235883973018829379e-01 1.062076111369382181e-01
2.340340340340340219e+00 1.301184691020660922e-01 1.100946288497113568e-01
2.312312312312313267e+00 1.244050425988084824e-01 1.138473598501409806e-01
2.284284284284284539e+00 1.305372693303343268e-01 1.175419375768584351e-01
2.256256256256255810e+00 1.371125366831843773e-01 1.212764296812179482e-01
2.228228228228228858e+00 1.441577439208282518e-01 1.249115611303662221e-01
2.200200200200200129e+00 1.528800442167133067e-01 1.281508840900107693e-01
2.172172172172171400e+00 1.583071026750138277e-01 1.311921028732147554e-01
2.144144144144144448e+00 1.666818855776094621e-01 1.353260861124489789e-01
2.116116116116115720e+00 1.762490856949129048e-01 1.432104543848775058e-01
2.088088088088088767e+00 1.685573415638773331e-01 1.575074229987901975e-01
2.060060060060060039e+00 1.778366379943403797e-01 1.768679666388760230e-01
2.032032032032031310e+00 1.860858032968154552e-01 1.916206581916044815e-01
2.004004004004004358e+00 1.924092583447913896e-01 1.930622169013438139e-01
1.975975975975975629e+00 1.980480967966334882e-01 1.908044165698555283e-01
1.947947947947948677e+00 2.038229734725227893e-01 1.997094960362549299e-01
1.919919919919919948e+00 2.016976862382664493e-01 2.238384384703244745e-01
1.891891891891891220e+00 2.030302981345274704e-01 2.459629810115682436e-01
1.863863863863864268e+00 2.008648421573737131e-01 2.286871341617114084e-01
1.835835835835835539e+00 2.072797063407675888e-01 2.013226617521590989e-01
1.807807807807808587e+00 2.187124453118767242e-01 2.099358583847761583e-01
1.779779779779779858e+00 1.984607786877194691e-01 2.443220727323327790e-01
1.751751751751751129e+00 2.084621904716245366e-01 2.720395773533312855e-01
1.723723723723724177e+00 2.021031506992628513e-01 3.021123298488748166e-01
1.695695695695695449e+00 2.111081637628279828e-01 4.008638077928224352e-01
1.667667667667668496e+00 2.019799665883971751e-01 4.421941631278512030e-01
1.639639639639639768e+00 1.689166373401785881e-01 3.944879399997904823e-01
1.611611611611611039e+00 1.672624826827084910e-01 4.868835466120772226e-01
1.583583583583584087e+00 1.620935547255729081e-01 6.306173891611467353e-01
1.555555555555555358e+00 1.756165729845918788e-01 2.729861101286802927e-01
1.527527527527528406e+00 1.657811479181947323e-01 9.659659397004530246e-02
1.499499499499499677e+00 1.738980922743857682e-01 5.019863723263238986e-02
1.471471471471470949e+00 1.474081308293038184e-01 3.174370598985618713e-02
1.443443443443443996e+00 1.298278517718966518e-01 2.243323074399513478e-02
1.415415415415415268e+00 1.160287944488597733e-01 1.702098452194052147e-02
1.387387387387388316e+00 1.042043431654141178e-01 1.358575612544955964e-02
1.359359359359359587e+00 9.360404264492970527e-02 1.126880248416786863e-02
1.331331331331330858e+00 8.388434613691626851e-02 9.627343466976681294e-03
1.303303303303303906e+00 7.489896962257390489e-02 8.427169102999369429e-03
1.275275275275275177e+00 6.658317890935441796e-02 7.528614643199599797e-03
1.247247247247248225e+00 5.890775870462344743e-02 6.841615846384456988e-03
1.219219219219219497e+00 5.185979391417262774e-02 6.306972618410031615e-03
1.191191191191190768e+00 4.543258461083934246e-02 5.886172449314689900e-03
1.163163163163163816e+00 3.961647999984639623e-02 5.551616580681061931e-03
1.135135135135135087e+00 3.439658366128080930e-02 5.283280365543481343e-03
1.107107107107106359e+00 2.975319274872127370e-02 5.067764312092563374e-03
1.079079079079079406e+00 2.565770682725867710e-02 4.892572700630423016e-03
1.051051051051050678e+00 2.207959471670932136e-02 4.751309799152474665e-03
1.023023023023023725e+00 1.898092049276800877e-02 4.636390795158264536e-03
9.949949949949949968e-01 1.632195507368027973e-02 4.542879156950038570e-03
9.669669669669662682e-01 1.406197373444390865e-02 4.467621778744382093e-03
9.389389389389393159e-01 1.215754983819089356e-02 4.406046814365955147e-03
9.109109109109105873e-01 1.056794911272923576e-02 4.356266038055777411e-03
8.828828828828836350e-01 9.252906176890608042e-03 4.315784388873708868e-03
8.548548548548549064e-01 8.173874053137056631e-03 4.281913385938499947e-03
8.268268268268261778e-01 7.297247617112287248e-03 4.254382599365467109e-03
7.987987987987992256e-01 6.589859477284110666e-03 4.230430902944549293e-03
7.707707707707704969e-01 6.023650434698592411e-03 4.209255758124008304e-03
7.427427427427435447e-01 5.573485518073209750e-03 4.189763272182507430e-03
7.147147147147148161e-01 5.217032968339252452e-03 4.170506309375559065e-03
6.866866866866860875e-01 4.935606153326992096e-03 4.150680806802667551e-03
6.586586586586591352e-01 4.713102699153678792e-03 4.129286660057098629e-03
6.306306306306304066e-01 4.535963856620102604e-03 4.105351339000447644e-03
6.026026026026034543e-01 4.392948323947587323e-03 4.077989357218704883e-03
5.745745745745747257e-01 4.274985889305717851e-03 4.046545914354223762e-03
5.465465465465459971e-01 4.174421155676076405e-03 4.010121947927015700e-03
5.185185185185190448e-01 4.085304107494094027e-03 3.968128065370214036e-03
4.904904904904903162e-01 4.002400613345417565e-03 3.919534453460514489e-03
4.624624624624633640e-01 3.922186237519192063e-03 3.864076895998752332e-03
4.344344344344346354e-01 3.841457305577803457e-03 3.801051792261356515e-03
4.064064064064059068e-01 3.757928192564743020e-03 3.730069733706029445e-03
3.783783783783789545e-01 3.669969032463338797e-03 3.650923571217707178e-03
3.503503503503502259e-01 3.576406057476177319e-03 3.563495634317625626e-03
3.223223223223232736e-01 3.476643166318062802e-03 3.467965527815660906e-03
2.942942942942945450e-01 3.370844523389860976e-03 3.365061241817582371e-03
2.662662662662658164e-01 3.259519495248239772e-03 3.255697731754976596e-03
2.382382382382388641e-01 3.144037605665216031e-03 3.141533289037485091e-03
2.102102102102101355e-01 3.026542637793038122e-03 3.024915184863902380e-03
1.821821821821831833e-01 2.909920884253704848e-03 2.908871623326791164e-03
1.541541541541544547e-01 2.797656683738867101e-03 2.796984855337424775e-03
1.261261261261257260e-01 2.693893415129969618e-03 2.693465031253855762e-03
9.809809809809877379e-02 2.603444467981942591e-03 2.603170440062045534e-03
7.007007007007004518e-02 2.530588726429124601e-03 2.530409557076160765e-03
4.204204204204131656e-02 2.479400108646552352e-03 2.479275117724769571e-03
1.401401401401436431e-02 2.452937923256338221e-03 2.452837476939505931e-03
-1.401401401401436431e-02 2.452722719398044236e-03 2.452622279190077529e-03
-4.204204204204131656e-02 2.479254156245030549e-03 2.479129184941023488e-03
-7.007007007007004518e-02 2.530439368464132682e-03 2.530260236334501769e-03
-9.809809809809877379e-02 2.603386777555649709e-03 2.603112812065213992e-03
-1.261261261261257260e-01 2.693897279013297060e-03 2.693468995140707763e-03
-1.541541541541544547e-01 2.797701011558432257e-03 2.797029339855543369e-03
-1.821821821821814069e-01 2.909904540071908251e-03 2.908855521357155919e-03
-2.102102102102101355e-01 3.026556547966305268e-03 3.024929465515339370e-03
-2.382382382382388641e-01 3.144008880708522389e-03 3.141505125489213804e-03
-2.662662662662658164e-01 3.259469206359095258e-03 3.255648286093977811e-03
-2.942942942942945450e-01 3.370814396811173952e-03 3.365032370817283135e-03
-3.223223223223214973e-01 3.476615184379308002e-03 3.467939399469226972e-03
-3.503503503503502259e-01 3.576400699404259746e-03 3.563492989433257249e-03
-3.783783783783789545e-01 3.669976471552819069e-03 3.650934948159186792e-03
-4.064064064064059068e-01 3.757903412838184149e-03 3.730050621213658150e-03
-4.344344344344346354e-01 3.841436612321255922e-03 3.801039186881383179e-03
-4.624624624624615876e-01 3.922137423692267921e-03 3.864039528622395091e-03
-4.904904904904903162e-01 4.002339044258168034e-03 3.919488950232957909e-03
-5.185185185185190448e-01 4.085284123790726592e-03 3.968130446238218520e-03
-5.465465465465459971e-01 4.174380222291369444e-03 4.010111894057408199e-03
-5.745745745745747257e-01 4.275056639117570667e-03 4.046658957012059729e-03
-6.026026026026016780e-01 4.392864169273267942e-03 4.077962665363356505e-03
-6.306306306306304066e-01 4.535919741908195704e-03 4.105384683244037852e-03
-6.586586586586591352e-01 4.713048916663816965e-03 4.129336479185470761e-03
-6.866866866866860875e-01 4.935575761988968656e-03 4.150787921515404315e-03
-7.147147147147148161e-01 5.216806812865960354e-03 4.170461284802228982e-03
-7.427427427427417683e-01 5.573193888444112273e-03 4.189708473783945557e-03
-7.707707707707704969e-01 6.023407126746132406e-03 4.209319866244904361e-03
-7.987987987987992256e-01 6.589589510390538724e-03 4.230557146677875816e-03
-8.268268268268261778e-01 7.296641385194584974e-03 4.254283490792484974e-03
-8.548548548548549064e-01 8.173460736890004324e-03 4.282144787970005098e-03
-8.828828828828836350e-01 9.251633604312437323e-03 4.315326109458774047e-03
-9.109109109109105873e-01 1.056684248907876350e-02 4.356181378182942196e-03
-9.389389389389393159e-01 1.215633711915810843e-02 4.406108850352443568e-03
-9.669669669669662682e-01 1.406029601786133211e-02 4.467524760964780399e-03
-9.949949949949949968e-01 1.632027005687265026e-02 4.543143078384649820e-03
-1.023023023023023725e+00 1.897874205731412897e-02 4.636602196211113414e-03
-1.051051051051050678e+00 2.207671548175252699e-02 4.751345651398668213e-03
-1.079079079079079406e+00 2.565478632118591701e-02 4.893190015629366243e-03
-1.107107107107106359e+00 2.974853611197501857e-02 5.067380376611335668e-03
-1.135135135135135087e+00 3.439154192326589199e-02 5.283374624103699679e-03
-1.163163163163163816e+00 3.961010050699609319e-02 5.551382706762766905e-03
-1.191191191191190768e+00 4.542428541234636019e-02 5.885194359396562699e-03
-1.219219219219219497e+00 5.185194471879172456e-02 6.307806970943791516e-03
-1.247247247247246449e+00 5.889865813642475995e-02 6.842770661883206852e-03
-1.275275275275275177e+00 6.657119267966273013e-02 7.528688550633250327e-03
-1.303303303303303906e+00 7.488564462993285709e-02 8.427966093924224578e-03
-1.331331331331330858e+00 8.386727075519906371e-02 9.626733272948133011e-03
-1.359359359359359587e+00 9.358405799918194379e-02 1.126793122502497274e-02
-1.387387387387386539e+00 1.041765346418573879e-01 1.358003632461256618e-02
-1.415415415415415268e+00 1.159953812191996669e-01 1.701298213160083034e-02
-1.443443443443443996e+00 1.297974600132187073e-01 2.243193475010886104e-02
-1.471471471471470949e+00 1.473823433299016050e-01 3.175107321528403831e-02
-1.499499499499499677e+00 1.738737728676436611e-01 5.021191076096648970e-02
-1.527527527527526630e+00 1.657526833871111882e-01 9.660251394627160371e-02
-1.555555555555555358e+00 1.755838528648447638e-01 2.727278815834358605e-01
-1.583583583583584087e+00 1.620366656134257510e-01 6.306584307346573270e-01
-1.611611611611611039e+00 1.672070417881072191e-01 4.867825893101017654e-01
-1.639639639639639768e+00 1.688552549264296099e-01 3.946253851478335184e-01
-1.667667667667666720e+00 2.019074355055515413e-01 4.420698225514548829e-01
-1.695695695695695449e+00 2.110209478315874798e-01 4.009735058441988298e-01
-1.723723723723724177e+00 2.020449056977533242e-01 3.020665811571434101e-01
-1.751751751751751129e+00 2.083960397614944005e-01 2.719681767212406842e-01
-1.779779779779779858e+00 1.985141866418887180e-01 2.443502138028818826e-01
-1.807807807807806810e+00 2.188107171580770116e-01 2.099208723627288276e-01
-1.835835835835835539e+00 2.074879084004444263e-01 2.013257975426932800e-01
-1.863863863863864268e+00 2.010816630637592695e-01 2.286810506683673028e-01
-1.891891891891891220e+00 2.032695417823919548e-01 2.459358339708728469e-01
-1.919919919919919948e+00 2.019462291143495625e-01 2.238955100130262665e-01
-1.947947947947948677e+00 2.040688554320659875e-01 1.997016495715748796e-01
-1.975975975975975629e+00 1.982705575190410463e-01 1.908446219035067337e-01
-2.004004004004002581e+00 1.925874501118829685e-01 1.930717419266499701e-01
-2.032032032032031310e+00 1.861593944691588287e-01 1.915825386500100425e-01
-2.060060060060060039e+00 1.778193359533933871e-01 1.768905297521445319e-01
-2.088088088088088767e+00 1.685118697743176741e-01 1.575191894594241970e-01
-2.116116116116117496e+00 1.761924374888529932e-01 1.432043110511530271e-01
-2.144144144144142672e+00 1.666135023313243813e-01 1.353302187656300337e-01
-2.172172172172171400e+00 1.582251003823821056e-01 1.311975013417272518e-01
-2.200200200200200129e+00 1.527969203901358985e-01 1.281452603412485125e-01
-2.228228228228228858e+00 1.440787334223154470e-01 1.248734506108301334e-01
-2.256256256256257586e+00 1.370183286892759367e-01 1.212525081652200826e-01
-2.284284284284282762e+00 1.304329935051590228e-01 1.175430348287523769e-01
-2.312312312312311491e+00 1.242914144557766137e-01 1.138589590291908815e-01
-2.340340340340340219e+00 1.300625655084028109e-01 1.100732533593795220e-01
-2.368368368368368948e+00 1.235214712261250986e-01 1.061967802427456753e-01
-2.396396396396397677e+00 1.175647318825153859e-01 1.022919922594318631e-01
-2.424424424424422853e+00 1.121321712314223423e-01 9.849636503911736451e-02
-2.452452452452451581e+00 1.071780775933395546e-01 9.494189730708124664e-02
-2.480480480480480310e+00 1.026636649230860399e-01 9.170263338194759029e-02
-2.508508508508509038e+00 9.855036743648881714e-02 8.877490282893661655e-02
-2.536536536536537767e+00 9.479658265837144493e-02 8.613163763311393328e-02
-2.564564564564562943e+00 9.299293384293411124e-02 8.374244001289632422e-02
-2.592592592592591672e+00 8.974851720869538030e-02 8.157210930713559849e-02
-2.620620620620620400e+00 8.835406969062278848e-02 7.957888821769927568e-02
-2.648648648648649129e+00 8.550258713736523519e-02 7.772331552904732099e-02
-2.676676676676677857e+00 8.284501293579371595e-02 7.595942233635757934e-02
-2.704704704704703033e+00 8.330047081091003502e-02 7.425864303975650282e-02
-2.732732732732731762e+00 8.072523267969279603e-02 7.262208841040813934e-02
-2.760760760760760490e+00 7.824377628872156154e-02 7.103348795094791002e-02
-2.788788788788789219e+00 7.582342077417093817e-02 6.948405282660728710e-02
-2.816816816816817948e+00 7.344938026339270509e-02 6.798916504293937846e-02
-2.844844844844843124e+00 7.157575991298721629e-02 6.654789370542237015e-02
-2.872872872872871852e+00 6.924372558691468948e-02 6.515437801608388313e-02
-2.900900900900900581e+00 6.961636115024255611e-02 6.381741927909576062e-02
-2.928928928928929309e+00 6.725534748093985049e-02 6.254177514926902159e-02
-2.956956956956958038e+00 6.496412398534312516e-02 6.132453730614084719e-02
-2.984984984984983214e+00 6.274985922574463637e-02 6.016259643078004232e-02
-3.013013013013011943e+00 6.062032380294787165e-02 5.905329235967801682e-02
-3.041041041041040671e+00 6.116202997481214043e-02 5.799452372674757106e-02
-3.069069069069069400e+00 5.912707645381488214e-02 5.698445566431525194e-02
-3.097097097097098128e+00 5.720582936487851600e-02 5.602115882354861964e-02
-3.125125125125123304e+00 5.540031472318369260e-02 5.510239239333503819e-02
-3.153153153153152033e+00 5.506588116856846876e-02 5.422556185821913316e-02
-3.181181181181180762e+00 5.344452660684553130e-02 5.338868876292367227e-02
-3.209209209209209490e+00 5.331246293744699299e-02 5.259065233730743361e-02
-3.237237237237238219e+00 5.188274759890643129e-02 5.182988792857166904e-02
-3.265265265265263395e+00 5.056895593083711449e-02 5.110406646502373834e-02
-3.293293293293292123e+00 5.078251955120517691e-02 5.041240366897807579e-02
-3.321321321321320852e+00 4.964235037118989308e-02 4.975621861640960875e-02
-3.349349349349349581e+00 4.860722105131962817e-02 4.913520089642219729e-02
-3.377377377377378309e+00 4.766750447260677259e-02 4.854563003268680399e-02
-3.405405405405403485e+00 4.681424882861211223e-02 4.798462314481609370e-02
-3.433433433433432214e+00 4.885822906407293054e-02 4.745263701712151144e-02
-3.461461461461460942e+00 4.808475149827511064e-02 4.695046475331988295e-02
-3.489489489489489671e+00 4.738539058983089192e-02 4.647694328842628259e-02
-3.517517517517518399e+00 4.675213354974680491e-02 4.603010418735276749e-02
-3.545545545545547128e+00 4.617791590334399676e-02 4.560846580561250807e-02
-3.573573573573572304e+00 4.565667327914058049e-02 4.521104576297325928e-02
-3.601601601601601033e+00 4.518295533751044007e-02 4.483695551860349821e-02
-3.629629629629629761e+00 4.475183272302014209e-02 4.448530562422878948e-02
-3.657657657657658490e+00 4.435891218258022212e-02 4.415523400866882414e-02
-3.685685685685687218e+00 4.400027426293241783e-02 4.384586868136761822e-02
-3.713713713713712394e+00 4.367242545945470428e-02 4.355631367969983042e-02
-3.741741741741741123e+00 4.337231983109372108e-02 4.328571038304399043e-02
-3.769769769769769852e+00 4.309731416134517795e-02 4.303323566913067749e-02
-3.797797797797798580e+00 4.284516610854280372e-02 4.279814412560113690e-02
-3.825825825825827309e+00 4.261382680924966776e-02 4.257960396881602105e-02
-3.853853853853852485e+00 4.240106191509381006e-02 4.237635926525477881e-02
-3.881881881881881213e+00 4.220483063527397105e-02 4.218714704886721012e-02
-3.909909909909909942e+00 4.202364874322561672e-02 4.201109467882512688e-02
-3.937937937937938671e+00 4.185676030933013075e-02 4.184792189614812419e-02
-3.965965965965967399e+00 4.170358410948612343e-02 4.169741347614043525e-02
-3.993993993993992575e+00 4.156334371809913830e-02 4.155907162248805020e-02
-4.022022022022021304e+00 4.143494225102248296e-02 4.143200933967781247e-02
-4.050050050050050032e+00 4.131736166139651778e-02 4.131536504214279593e-02
-4.078078078078078761e+00 4.120981334231585413e-02 4.120846555271587969e-02
-4.106106106106107489e+00 4.111179086360053359e-02 4.111088872723581839e-02
-4.134134134134132665e+00 4.102284265170914879e-02 4.102224391107679030e-02
-4.162162162162161394e+00 4.094251171400881129e-02 4.094211769661198347e-02
-4.190190190190190123e+00 4.087028322064419766e-02 4.087002612407575342e-02
-4.218218218218218851e+00 4.080566155819512209e-02 4.080549522617386154e-02
-4.246246246246247580e+00 4.074818425812630485e-02 4.074807756191429348e-02
-4.274274274274272756e+00 4.069743785501255678e-02 4.069736999547854395e-02
-4.302302302302301484e+00 4.065303172728055442e-02 4.065298893583310647e-02
-4.330330330330330213e+00 4.061458417669079612e-02 4.061455742303725358e-02
-4.358358358358358942e+00 4.058173577529081144e-02 4.058171919144347439e-02
-4.386386386386387670e+00 4.055415441012603928e-02 4.055414421811567166e-02
-4.414414414414412846e+00 4.053151534876441725e-02 4.053150913859668997e-02
-4.442442442442441575e+00 4.051349683520601153e-02 4.051349308364116109e-02
-4.470470470470470303e+00 4.049976743374375521e-02 4.049976518684145210e-02
-4.498498498498499032e+00 4.048998912870933886e-02 4.048998779452555458e-02
-4.526526526526527761e+00 4.048382195062175809e-02 4.048382116519775448e-02
-4.554554554554552936e+00 4.048095970508275299e-02 4.048095924668002055e-02
-4.582582582582581665e+00 4.048123427470447927e-02 4.048123400946243566e-02
-4.610610610610610394e+00 4.048450556416138824e-02 4.048450541200596803e-02
-4.638638638638639122e+00 4.049062644410778011e-02 4.049062635757507550e-02
-4.666666666666667851e+00 4.049941923111066711e-02 4.049941918232200649e-02
-4.694694694694693027e+00 4.051062212550897434e-02 4.051062209823795557e-02
-4.722722722722721755e+00 4.052395317243009942e-02 4.052395315731795178e-02
-4.750750750750750484e+00 4.053912621668496336e-02 4.053912620838279884e-02
-4.778778778778779213e+00 4.055587716768341289e-02 4.055587716316177982e-02
-4.806806806806807941e+00 4.057406915931732749e-02 4.057406915687594012e-02
-4.834834834834833117e+00 4.059359818386040070e-02 4.059359818255358493e-02
-4.862862862862861846e+00 4.061435186514667645e-02 4.061435186445321033e-02
-4.890890890890890574e+00 4.063620800558428309e-02 4.063620800521947768e-02
-4.918918918918919303e+00 4.065900828257988653e-02 4.065900828238962206e-02
-4.946946946946948032e+00 4.068256573384621683e-02 4.068256573374783719e-02
-4.974974974974973208e+00 4.070668693655675463e-02 4.070668693650632969e-02
-5.003003003003001936e+00 4.073117229597738448e-02 4.073117229595176608e-02
-5.031031031031030665e+00 4.075582909580649504e-02 4.075582909579358870e-02
-5.059059059059059393e+00 4.078050553714313714e-02 4.078050553713668397e-02
-5.087087087087088122e+00 4.080505398803815215e-02 4.080505398803496026e-02
-5.115115115115113298e+00 4.082932079724306551e-02 4.082932079724150426e-02
-5.143143143143142026e+00 4.085314690652694369e-02 4.085314690652617348e-02
-5.171171171171170755e+00 4.087640032607883084e-02 4.087640032607847002e-02
-5.199199199199199484e+00 4.089900666210427582e-02 4.089900666210409541e-02
-5.227227227227228212e+00 4.092089356810011541e-02 4.092089356810003214e-02
-5.255255255255253388e+00 4.094198367338332256e-02 4.094198367338329481e-02
-5.283283283283282117e+00 4.096219458243042372e-02 4.096219458243040290e-02
-5.311311311311310845e+00 4.098142106212958324e-02 4.098142106212956937e-02
-5.339339339339339574e+00 4.099951430184115009e-02 4.099951430184114315e-02
-5.367367367367368303e+00 4.101631645368689072e-02 4.101631645368688378e-02
-5.395395395395393479e+00 4.103166598874255500e-02 4.103166598874255500e-02
-5.423423423423422207e+00 4.104539787254900263e-02 4.104539787254900263e-02
-5.451451451451450936e+00 4.105735510173090519e-02 4.105735510173090519e-02
-5.479479479479479664e+00 4.106744065364079793e-02 4.106744065364079793e-02
-5.507507507507508393e+00 4.107557643017599458e-02 4.107557643017599458e-02
-5.535535535535537122e+00 4.108168175985297405e-02 4.108168175985297405e-02
-5.563563563563562298e+00 4.108567364089234925e-02 4.108567364089234925e-02
-5.591591591591591026e+00 4.108746694249931081e-02 4.108746694249931081e-02
-5.619619619619619755e+00 4.108696931463096114e-02 4.108696931463096114e-02
-5.647647647647648483e+00 4.108407697782584522e-02 4.108407697782584522e-02
-5.675675675675677212e+00 4.107868361781834288e-02 4.107868361781834288e-02
-5.703703703703702388e+00 4.107068161482473750e-02 4.107068161482473750e-02
-5.731731731731731116e+00 4.105996224741321338e-02 4.105996224741321338e-02
-5.759759759759759845e+00 4.104641605203221411e-02 4.104641605203221411e-02
-5.787787787787788574e+00 4.102994194068858985e-02 4.102994194068858985e-02
-5.815815815815817302e+00 4.101045211996252882e-02 4.101045211996252882e-02
-5.843843843843842478e+00 4.098785932584003699e-02 4.098785932584003699e-02
-5.871871871871871207e+00 4.096207584340055829e-02 4.096207584340055829e-02
-5.899899899899899935e+00 4.093301373550162908e-02 4.093301373550162908e-02
-5.927927927927928664e+00 4.090058507344519062e-02 4.090058507344519062e-02
-5.955955955955957393e+00 4.086470213821061931e-02 4.086470213821061931e-02
-5.983983983983982569e+00 4.082527760678671125e-02 4.082527760678671125e-02
-6.012012012012011297e+00 4.078222492229245655e-02 4.078222492229245655e-02
-6.040040040040040026e+00 4.073545855734192478e-02 4.073545855734192478e-02
-6.068068068068068754e+00 4.068489424753295169e-02 4.068489424753295169e-02
-6.096096096096097483e+00 4.063044922574434586e-02 4.063044922574434586e-02
-6.124124124124122659e+00 4.057204261344734414e-02 4.057204261344734414e-02
-6.152152152152151388e+00 4.050960327236555192e-02 4.050960327236555192e-02
-6.180180180180180116e+00 4.044307316184562323e-02 4.044307316184562323e-02
-6.208208208208208845e+00 4.037239690375409029e-02 4.037239690375409029e-02
-6.236236236236237573e+00 4.029752108793836080e-02 4.029752108793836080e-02
-6.264264264264262749e+00 4.021839446588075517e-02 4.021839446588075517e-02
-6.292292292292291478e+00 4.013496814094840576e-02 4.013496814094840576e-02
-6.320320320320320207e+00 4.004719569589804823e-02 4.004719569589804823e-02
-6.348348348348348935e+00 3.995502657760410803e-02 3.995502657760410803e-02
-6.376376376376377664e+00 3.985839959334140647e-02 3.985839959334140647e-02
-6.404404404404402840e+00 3.975725432310796281e-02 3.975725432310796281e-02
-6.432432432432431568e+00 3.965153274372890113e-02 3.965153274372890113e-02
-6.460460460460460297e+00 3.954117939399950238e-02 3.954117939399950238e-02
-6.488488488488489025e+00 3.942614153797715376e-02 3.942614153797715376e-02
-6.516516516516517754e+00 3.930636932614340467e-02 3.930636932614340467e-02
-6.544544544544542930e+00 3.918181696352156240e-02 3.918181696352156240e-02
-6.572572572572571659e+00 3.905245292848625455e-02 3.905245292848625455e-02
-6.600600600600600387e+00 3.891825599701496941e-02 3.891825599701496941e-02
-6.628628628628629116e+00 3.877920870743599424e-02 3.877920870743599424e-02
-6.656656656656657844e+00 3.863529738739800851e-02 3.863529738739800851e-02
-6.684684684684683020e+00 3.848651227337825109e-02 3.848651227337825109e-02
-6.712712712712711749e+00 3.833284762273265339e-02 3.833284762273265339e-02
-6.740740740740740478e+00 3.817430181801483718e-02 3.817430181801483718e-02
-6.768768768768769206e+00 3.801087657584419771e-02 3.801087657584419771e-02
-6.796796796796797935e+00 3.784256439645438536e-02 3.784256439645438536e-02
-6.824824824824823111e+00 3.766935101706332667e-02 3.766935101706332667e-02
-6.852852852852851839e+00 3.749122530472735748e-02 3.749122530472735748e-02
-6.880880880880880568e+00 3.730817962123246512e-02 3.730817962123246512e-02
-6.908908908908909297e+00 3.712020992109371642e-02 3.712020992109371642e-02
-6.936936936936938025e+00 3.692731584621190138e-02 3.692731584621190138e-02
-6.964964964964963201e+00 3.672950081713976384e-02 3.672950081713976384e-02
-6.992992992992991930e+00 3.652677212092174386e-02 3.652677212092174386e-02
-7.021021021021020658e+00 3.631914293875779243e-02 3.631914293875779243e-02
-7.049049049049049387e+00 3.610663983337251276e-02 3.610663983337251276e-02
-7.077077077077078116e+00 3.588929674265067121e-02 3.588929674265067121e-02
-7.105105105105103291e+00 3.566715240696578804e-02 3.566715240696578804e-02
-7.133133133133132020e+00 3.544025041585222718e-02 3.544025041585222718e-02
-7.161161161161160749e+00 3.520863924691302466e-02 3.520863924691302466e-02
-7.189189189189189477e+00 3.497237229648019613e-02 3.497237229648019613e-02
-7.217217217217218206e+00 3.473150790194089177e-02 3.473150790194089177e-02
-7.245245245245243382e+00 3.448610935567389402e-02 3.448610935567389402e-02
-7.273273273273272110e+00 3.423624419095697147e-02 3.423624419095697147e-02
-7.301301301301300839e+00 3.398197618097657802e-02 3.398197618097657802e-02
-7.329329329329329568e+00 3.372336767351673953e-02 3.372336767351673953e-02
-7.357357357357358296e+00 3.346048489264130676e-02 3.346048489264130676e-02
-7.385385385385383472e+00 3.319339804215466067e-02 3.319339804215466067e-02
-7.413413413413412201e+00 3.292218131084474059e-02 3.292218131084474059e-02
-7.441441441441440929e+00 3.264691287446520873e-02 3.264691287446520873e-02
-7.469469469469469658e+00 3.236767489442766293e-02 3.236767489442766293e-02
-7.497497497497498387e+00 3.208455351313300313e-02 3.208455351313300313e-02
-7.525525525525523562e+00 3.179763884582042371e-02 3.179763884582042371e-02
-7.553553553553552291e+00 3.150702495820826426e-02 3.150702495820826426e-02
-7.581581581581581020e+00 3.121280982216748795e-02 3.121280982216748795e-02
-7.609609609609609748e+00 3.091509559720048358e-02 3.091509559720048358e-02
-7.637637637637638477e+00 3.061398876891866308e-02 3.061398876891866308e-02
-7.665665665665667206e+00 3.030960013293452354e-02 3.030960013293452354e-02
-7.693693693693692381e+00 3.000204476939130616e-02 3.000204476939130616e-02
-7.721721721721721110e+00 2.969144200909108050e-02 2.969144200909108050e-02
-7.749749749749749839e+00 2.937791539035098168e-02 2.937791539035098168e-02
-7.777777777777778567e+00 2.906159260567358141e-02 2.906159260567358141e-02
-7.805805805805807296e+00 2.874260543728540673e-02 2.874260543728540673e-02
-7.833833833833832472e+00 2.842108968057621005e-02 2.842108968057621005e-02
-7.861861861861861200e+00 2.809718462376107825e-02 2.809718462376107825e-02
-7.889889889889889929e+00 2.777103102640200369e-02 2.777103102640200369e-02
-7.917917917917918658e+00 2.744277251025417641e-02 2.744277251025417641e-02
-7.945945945945947386e+00 2.711255619845398881e-02 2.711255619845398881e-02
-7.973973973973972562e+00 2.678053256018714939e-02 2.678053256018714939e-02
-8.002002002002001291e+00 2.644685523827673690e-02 2.644685523827673690e-02
-8.030030030030030019e+00 2.611168085988318024e-02 2.611168085988318024e-02
-8.058058058058058748e+00 2.577516883001552267e-02 2.577516883001552267e-02
-8.086086086086087477e+00 2.543748110767618184e-02 2.543748110767618184e-02
-8.114114114114112652e+00 2.509878196459928990e-02 2.509878196459928990e-02
-8.142142142142141381e+00 2.475923772669891970e-02 2.475923772669891970e-02
-8.170170170170170110e+00 2.441901649699795493e-02 2.441901649699795493e-02
-8.198198198198198838e+00 2.407828765700638710e-02 2.407828765700638710e-02
-8.226226226226227567e+00 2.373722131515896075e-02 2.373722131515896075e-02
-8.254254254254252743e+00 2.339598831970083129e-02 2.339598831970083129e-02
-8.282282282282281471e+00 2.305475998839345494e-02 2.305475998839345494e-02
-8.310310310310310200e+00 2.271370777984049044e-02 2.271370777984049044e-02
-8.338338338338338929e+00 2.237300295322347185e-02 2.237300295322347185e-02
-8.366366366366367657e+00 2.203281621799149659e-02 2.203281621799149659e-02
-8.394394394394392833e+00 2.169331737528284315e-02 2.169331737528284315e-02
-8.422422422422421562e+00 2.135467495307794006e-02 2.135467495307794006e-02
-8.450450450450450290e+00 2.101705583728526519e-02 2.101705583728526519e-02
-8.478478478478479019e+00 2.068062490113591750e-02 2.068062490113591750e-02
-8.506506506506507748e+00 2.034554463540867025e-02 2.034554463540867025e-02
-8.534534534534532924e+00 2.001197468882310454e-02 2.001197468882310454e-02
-8.562562562562561652e+00 1.968007014824969814e-02 1.968007014824969814e-02
-8.590590590590590381e+00 1.934998160218750346e-02 1.934998160218750346e-02
-8.618618618618619109e+00 1.902185599817454026e-02 1.902185599817454026e-02
-8.646646646646647838e+00 1.869583634386714349e-02 1.869583634386714349e-02
-8.674674674674673014e+00 1.837206138985057399e-02 1.837206138985057399e-02
-8.702702702702701743e+00 1.805066533087757233e-02 1.805066533087757233e-02
-8.730730730730730471e+00 1.773177752785979472e-02 1.773177752785979472e-02
-8.758758758758759200e+00 1.741552225270251095e-02 1.741552225270251095e-02
-8.786786786786787928e+00 1.710201845780755930e-02 1.710201845780755930e-02
-8.814814814814813104e+00 1.679137957177374157e-02 1.679137957177374157e-02
-8.842842842842841833e+00 1.648371332250781959e-02 1.648371332250781959e-02
-8.870870870870870561e+00 1.617912158862996191e-02 1.617912158862996191e-02
-8.898898898898899290e+00 1.587770027971915215e-02 1.587770027971915215e-02
-8.926926926926928019e+00 1.557953939969017494e-02 1.557953939969017494e-02
-8.954954954954953195e+00 1.528472396252449940e-02 1.528472396252449940e-02
-8.982982982982981923e+00 1.499333325828704558e-02 1.499333325828704558e-02
-9.011011011011010652e+00 1.470544030950103782e-02 1.470544030950103782e-02
-9.039039039039039380e+00 1.442111189389512667e-02 1.442111189389512667e-02
-9.067067067067068109e+00 1.414040859583935543e-02 1.414040859583935543e-02
-9.095095095095093285e+00 1.386338488218804080e-02 1.386338488218804080e-02
-9.123123123123122014e+00 1.359008920079290278e-02 1.359008920079290278e-02
-9.151151151151150742e+00 1.332056409982286180e-02 1.332056409982286180e-02
-9.179179179179179471e+00 1.305484636593382507e-02 1.305484636593382507e-02
-9.207207207207208199e+00 1.279296717927570250e-02 1.279296717927570250e-02
-9.235235235235233375e+00 1.253495228329803979e-02 1.253495228329803979e-02
-9.263263263263262104e+00 1.228082216732087964e-02 1.228082216732087964e-02
-9.291291291291290833e+00 1.203059225986964631e-02 1.203059225986964631e-02
-9.319319319319319561e+00 1.178427313082743531e-02 1.178427313082743531e-02
-9.347347347347348290e+00 1.154187057633606142e-02 1.154187057633606142e-02
-9.375375375375373466e+00 1.130338473677482310e-02 1.130338473677482310e-02
-9.403403403403402194e+00 1.106881087707317635e-02 1.106881087707317635e-02
-9.431431431431430923e+00 1.083814031481982083e-02 1.083814031481982083e-02
-9.459459459459459651e+00 1.061136065107727219e-02 1.061136065107727219e-02
-9.487487487487488380e+00 1.038845599159400959e-02 1.038845599159400959e-02
-9.515515515515513556e+00 1.016940716561612335e-02 1.016940716561612335e-02
-9.543543543543542285e+00 9.954191941288667925e-03 9.954191941288667925e-03
-9.571571571571571013e+00 9.742785236761109316e-03 9.742785236761109316e-03
-9.599599599599599742e+00 9.535159326230334062e-03 9.535159326230334062e-03
-9.627627627627628470e+00 9.331284040270292762e-03 9.331284040270292762e-03
-9.655655655655657199e+00 9.131126959905349477e-03 9.131126959905349477e-03
-9.683683683683682375e+00 8.934653603986342577e-03 8.934653603986342577e-03
-9.711711711711711104e+00 8.741827609522500805e-03 8.741827609522500805e-03
-9.739739739739739832e+00 8.552610904709564629e-03 8.552610904709564629e-03
-9.767767767767768561e+00 8.366963874472489043e-03 8.366963874472489043e-03
-9.795795795795797289e+00 8.184845518736794459e-03 8.184845518736794459e-03
-9.823823823823822465e+00 8.006213761812631946e-03 8.006213761812631946e-03
-9.851851851851851194e+00 7.831025835475888264e-03 7.831025835475888264e-03
-9.879879879879879923e+00 7.659238041945314046e-03 7.659238041945314046e-03
-9.907907907907908651e+00 7.490805813556331363e-03 7.490805813556331363e-03
-9.935935935935937380e+00 7.325683834863770498e-03 7.325683834863770498e-03
-9.963963963963962556e+00 7.163826157544492083e-03 7.163826157544492083e-03
-9.991991991991991284e+00 7.005186308289144265e-03 7.005186308289144265e-03
-1.002002002002002001e+01 6.849717389894285219e-03 6.849717389894285219e-03
-1.004804804804804874e+01 6.697372175782308028e-03 6.697372175782308028e-03
-1.007607607607607747e+01 6.548103198190235487e-03 6.548103198190235487e-03
-1.010410410410410265e+01 6.401862830277525035e-03 6.401862830277525035e-03
-1.013213213213213137e+01 6.258603362409085984e-03 6.258603362409085984e-03
-1.016016016016016010e+01 6.118277072873699353e-03 6.118277072873699353e-03
-1.018818818818818883e+01 5.980836293298303838e-03 5.980836293298303838e-03
-1.021621621621621756e+01 5.846233469018339950e-03 5.846233469018339950e-03
-1.024424424424424274e+01 5.714421214661175030e-03 5.714421214661175030e-03
-1.027227227227227146e+01 5.585352365195449427e-03 5.585352365195449427e-03
-1.030030030030030019e+01 5.458980022694049326e-03 5.458980022694049326e-03
-1.032832832832832892e+01 5.335257433915005856e-03 5.335257433915005856e-03
-1.035635635635635765e+01 5.214137193380313264e-03 5.214137193380313264e-03
-1.038438438438438283e+01 5.095571933425301590e-03 5.095571933425301590e-03
-1.041241241241241156e+01 4.979514744355239761e-03 4.979514744355239761e-03
-1.044044044044044028e+01 4.865919204252102011e-03 4.865919204252102011e-03
-1.046846846846846901e+01 4.754739404952382405e-03 4.754739404952382405e-03
-1.049649649649649774e+01 4.645929975129312398e-03 4.645929975129312398e-03
-1.052452452452452292e+01 4.539446100673478167e-03 4.539446100673478167e-03
-1.055255255255255165e+01 4.435243542556337702e-03 4.435243542556337702e-03
-1.058058058058058037e+01 4.333278652351969622e-03 4.333278652351969622e-03
-1.060860860860860910e+01 4.233508385582720676e-03 4.233508385582720676e-03
-1.063663663663663783e+01 4.135890313045863242e-03 4.135890313045863242e-03
-1.066466466466466301e+01 4.040382630269398652e-03 4.040382630269398652e-03
-1.069269269269269174e+01 3.946944165236659398e-03 3.946944165236659398e-03
-1.072072072072072046e+01 3.855534384511472012e-03 3.855534384511472012e-03
-1.074874874874874919e+01 3.766113397887396394e-03 3.766113397887396394e-03
-1.077677677677677792e+01 3.678641961677452804e-03 3.678641961677452804e-03
-1.080480480480480310e+01 3.593081480753319238e-03 3.593081480753319238e-03
-1.083283283283283183e+01 3.509394009436210809e-03 3.509394009436210809e-03
-1.086086086086086056e+01 3.427542251335247755e-03 3.427542251335247755e-03
-1.088888888888888928e+01 3.347489534219681012e-03 3.347489534219681012e-03
-1.091691691691691801e+01 3.269199440079539193e-03 3.269199440079539193e-03
-1.094494494494494319e+01 3.192635886269419056e-03 3.192635886269419056e-03
-1.097297297297297192e+01 3.117763441074364490e-03 3.117763441074364490e-03
-1.100100100100100065e+01 3.044547329215604742e-03 3.044547329215604742e-03
-1.102902902902902937e+01 2.972953427079993299e-03 2.972953427079993299e-03
-1.105705705705705810e+01 2.902948257351656292e-03 2.902948257351656292e-03
-1.108508508508508328e+01 2.834498983106592627e-03 2.834498983106592627e-03
-1.111311311311311201e+01 2.767573401426639060e-03 2.767573401426639060e-03
-1.114114114114114074e+01 2.702139936585266911e-03 2.702139936585266911e-03
-1.116916916916916946e+01 2.638167632853543297e-03 2.638167632853543297e-03
-1.119719719719719819e+01 2.575626146971281196e-03 2.575626146971281196e-03
-1.122522522522522337e+01 2.514485740324874652e-03 2.514485740324874652e-03
-1.125325325325325210e+01 2.454717270870166931e-03 2.454717270870166931e-03
-1.128128128128128083e+01 2.396292184835893940e-03 2.396292184835893940e-03
-1.130930930930930955e+01 2.339182508240243274e-03 2.339182508240243274e-03
-1.133733733733733828e+01 2.283360838250752568e-03 2.283360838250752568e-03
-1.136536536536536346e+01 2.228800334415241557e-03 2.228800334415241557e-03
-1.139339339339339219e+01 2.175474709789217143e-03 2.175474709789217143e-03
-1.142142142142142092e+01 2.123358221983273880e-03 2.123358221983273880e-03
-1.144944944944944965e+01 2.072425664151808337e-03 2.072425664151808337e-03
-1.147747747747747837e+01 2.022652355942828380e-03 2.022652355942828380e-03
-1.150550550550550355e+01 1.974014134426794846e-03 1.974014134426794846e-03
-1.153353353353353228e+01 1.926487106317732127e-03 1.926487106317732127e-03
-1.156156156156156101e+01 1.880046780042557474e-03 1.880046780042557474e-03
-1.158958958958958974e+01 1.834668894472092767e-03 1.834668894472092767e-03
-1.161761761761761846e+01 1.790329743544072892e-03 1.790329743544072892e-03
-1.164564564564564719e+01 1.747006164116432416e-03 1.747006164116432416e-03
-1.167367367367367237e+01 1.704675523963481223e-03 1.704675523963481223e-03
-1.170170170170170110e+01 1.663315709963571936e-03 1.663315709963571936e-03
-1.172972972972972983e+01 1.622905116482189136e-03 1.622905116482189136e-03
-1.175775775775775855e+01 1.583422633953502669e-03 1.583422633953502669e-03
-1.178578578578578728e+01 1.544847637662864585e-03 1.544847637662864585e-03
-1.181381381381381246e+01 1.507159976732027609e-03 1.507159976732027609e-03
-1.184184184184184119e+01 1.470339963308260178e-03 1.470339963308260178e-03
-1.186986986986986992e+01 1.434368361958144331e-03 1.434368361958144331e-03
-1.189789789789789864e+01 1.399226379266161387e-03 1.399226379266161387e-03
-1.192592592592592737e+01 1.364895653637952658e-03 1.364895653637952658e-03
-1.195395395395395255e+01 1.331358245307647610e-03 1.331358245307647610e-03
-1.198198198198198128e+01 1.298596626548304510e-03 1.298596626548304510e-03
-1.201001001001001001e+01 1.266593672084300208e-03 1.266593672084300208e-03
-1.203803803803803874e+01 1.235332649704075489e-03 1.235332649704075489e-03
-1.206606606606606746e+01 1.204797211071543563e-03 1.204797211071543563e-03
-1.209409409409409264e+01 1.174971382734175864e-03 1.174971382734175864e-03
-1.212212212212212137e+01 1.145839557325576807e-03 1.145839557325576807e-03
-1.215015015015015010e+01 1.117386484960282813e-03 1.117386484960282813e-03
-1.217817817817817883e+01 1.089597264818223648e-03 1.089597264818223648e-03
-1.220620620620620755e+01 1.062457336916306861e-03 1.062457336916306861e-03
-1.223423423423423273e+01 1.035952482333107622e-03 1.035952482333107622e-03
-1.226226226226226146e+01 1.010068963934234549e-03 1.010068963934234549e-03
-1.229029029029029019e+01 9.847934866765381285e-04 9.847934866765381285e-04
-1.231831831831831892e+01 9.601130431650834471e-04 9.601130431650834471e-04
-1.234634634634634764e+01 9.360149027403488232e-04 9.360149027403488232e-04
-1.237437437437437282e+01 9.124866061068909184e-04 9.124866061068909184e-04
-1.240240240240240155e+01 8.895159600281310041e-04 8.895159600281310041e-04
-1.243043043043043028e+01 8.670910320892608915e-04 8.670910320892608915e-04
-1.245845845845845901e+01 8.452001455299089231e-04 8.452001455299089231e-04
-1.248648648648648773e+01 8.238318741480857516e-04 8.238318741480857516e-04
-1.251451451451451291e+01 8.029750372766591244e-04 8.029750372766591244e-04
-1.254254254254254164e+01 7.826186948333939538e-04 7.826186948333939538e-04
-1.257057057057057037e+01 7.627521424454814132e-04 7.627521424454814132e-04
-1.259859859859859910e+01 7.433649066492022681e-04 7.433649066492022681e-04
-1.262662662662662783e+01 7.244467401653125133e-04 7.244467401653125133e-04
-1.265465465465465300e+01 7.059876172505291604e-04 7.059876172505291604e-04
-1.268268268268268173e+01 6.879777291253722643e-04 6.879777291253722643e-04
-1.271071071071071046e+01 6.704074794785288552e-04 6.704074794785288552e-04
-1.273873873873873919e+01 6.532674800477160067e-04 6.532674800477160067e-04
-1.276676676676676792e+01 6.365485462769879645e-04 6.365485462769879645e-04
-1.279479479479479309e+01 6.202416930502917432e-04 6.202416930502917432e-04
-1.282282282282282182e+01 6.043381305009883249e-04 6.043381305009883249e-04
-1.285085085085085055e+01 5.888292598970091022e-04 5.888292598970091022e-04
-1.287887887887887928e+01 5.737066696011753958e-04 5.737066696011753958e-04
-1.290690690690690801e+01 5.589621311062137549e-04 5.589621311062137549e-04
-1.293493493493493318e+01 5.445875951438846089e-04 5.445875951438846089e-04
-1.296296296296296191e+01 5.305751878676024779e-04 5.305751878676024779e-04
-1.299099099099099064e+01 5.169172071078959214e-04 5.169172071078959214e-04
-1.301901901901901937e+01 5.036061186999561982e-04 5.036061186999561982e-04
-1.304704704704704810e+01 4.906343382149461673e-04 4.906343382149461673e-04
-1.307507507507507327e+01 4.779928714830566721e-04 4.779928714830566721e-04
-1.310310310310310200e+01 4.656722500002295393e-04 4.656722500002295393e-04
-1.313113113113113073e+01 4.536632534051603907e-04 4.536632534051603907e-04
-1.315915915915915946e+01 4.419569051326945118e-04 4.419569051326945118e-04
-1.318718718718718819e+01 4.305444648507178581e-04 4.305444648507178581e-04
-1.321521521521521336e+01 4.194174211741509475e-04 4.194174211741509475e-04
-1.324324324324324209e+01 4.085674846448518992e-04 4.085674846448518992e-04
-1.327127127127127082e+01 3.979865809667580126e-04 3.979865809667580126e-04
-1.329929929929929955e+01 3.876668444860106866e-04 3.876668444860106866e-04
-1.332732732732732828e+01 3.776006119063028254e-04 3.776006119063028254e-04
-1.335535535535535345e+01 3.677804162300851265e-04 3.677804162300851265e-04
-1.338338338338338218e+01 3.581989809166735727e-04 3.581989809166735727e-04
-1.341141141141141091e+01 3.488492142487085437e-04 3.488492142487085437e-04
-1.343943943943943964e+01 3.397242038987426864e-04 3.397242038987426864e-04
-1.346746746746746837e+01 3.308172116881275449e-04 3.308172116881275449e-04
-1.349549549549549354e+01 3.221216685306774056e-04 3.221216685306774056e-04
-1.352352352352352227e+01 3.136311695539098997e-04 3.136311695539098997e-04
-1.355155155155155100e+01 3.053394693909882752e-04 3.053394693909882752e-04
-1.357957957957957973e+01 2.972404776367415665e-04 2.972404776367415665e-04
-1.360760760760760846e+01 2.893282544614560214e-04 2.893282544614560214e-04
-1.363563563563563363e+01 2.815970063763692890e-04 2.815970063763692890e-04
-1.366366366366366236e+01 2.740410821450582125e-04 2.740410821450582125e-04
-1.369169169169169109e+01 2.666549688351642334e-04 2.666549688351642334e-04
-1.371971971971971982e+01 2.594332880051018037e-04 2.594332880051018037e-04
-1.374774774774774855e+01 2.523707920206464663e-04 2.523707920206464663e-04
-1.377577577577577728e+01 2.454623604964883488e-04 2.454623604964883488e-04
-1.380380380380380245e+01 2.387029968580457143e-04 2.387029968580457143e-04
-1.383183183183183118e+01 2.320878250190178268e-04 2.320878250190178268e-04
-1.385985985985985991e+01 2.256120861703566109e-04 2.256120861703566109e-04
-1.388788788788788864e+01 2.192711356764813295e-04 2.192711356764813295e-04
-1.391591591591591737e+01 2.130604400747599411e-04 2.130604400747599411e-04
-1.394394394394394254e+01 2.069755741744191404e-04 2.069755741744191404e-04
-1.397197197197197127e+01 2.010122182512039536e-04 2.010122182512039536e-04
-1.400000000000000000e+01 1.951661553342637703e-04 1.951661553342637703e-04
